2.126
2.881
3.32
2.932
1.698
2.741
3.945
3.916
2.994
3.915
2.164
1.637
2.671
1.98
3.64
3.126
1.996
3.442
3.249
3.523
2.324
1.965
3.82
3.434
3.035
1.905
1.895
1.993
2.621
3.798
3.328
3.213
1.959
2.924
3.503
1.571
1.522
1.792
3.37
2.413
3.318
2.404
2.737
3.544
3.38
3.572
3.215
3.757
2.498
3.95
1.729
2.556
1.734
1.52
2.011
1.933
3.26
2.079
1.863
2.941
3.646
2.749
1.878
1.771
3.107
1.802
2.664
3.452
3.025
1.626
3.179
2.82
3.195
2.167
2.757
2.562
2.1
2.651
2.554
2.243
3.561
1.585
3.967
1.565
2.989
3.356
3.14
3.179
1.505
3.46
2.92
3.422
1.921
2.442
1.577
3.623
2.051
2.786
2.93
2.571
2.259
2.609
2.019
3.616
3.225
1.86
1.975
2.631
2.926
3.444
3.119
3.578
3.072
3.578
3.193
2.488
3.889
2.202
2.223
3.961
1.651
2.977
2.477
3.066
3.565
3.587
3.522
3.83
2.906
3.545
2.904
2.129
2.492
3.84
2.228
3.376
3.318
2.627
1.957
3.705
2.274
3.236
2.789
2.665
1.537
1.596
2.304
3.695
3.702
2.406
3.205
2.328
1.987
1.84
3.065
3.877
2.071
3.294
3.419
2.714
2.239
3.795
2.915
3.108
2.603
2.015
3.553
2.36
3.15
2.007
2.17
3.597
2.011
3.797
3.327
2.12
1.8
2.59
2.383
2.65
2.159
2.02
3.938
2.742
2.416
3.059
1.886
3.917
2.54
3.447
3.443
2.937
3.898
3.048
1.55
1.908
2.807
1.623
2.561
2.194
1.651
3.069
2.517
2.414
2.757
2.193
3.996
2.56
2.854
2.116
3.812
2.343
2.729
2.06
1.832
3.982
2.234
3.293
3.883
3.758
1.557
2.945
2.926
2.544
3.646
2.55
1.991
2.591
2.902
2.617
3.606
3.237
2.094
2.749
3.824
1.878
3.981
2.669
3.884
3.644
2.213
3.522
3.264
3.219
1.783
2.523
3.855
2.683
2.986
1.738
3.435
3.425
2.334
3.662
3.459
1.623
2.052
1.514
1.642
2.917
3.672
3.686
1.772
3.512
2.356
2.639
1.867
2.627
3.621
3.792
3.271
3.821
2.726
3.863
1.589
1.55
2.358
2.503
2.072
3.735
1.606
1.911
3.171
1.718
3.087
2.77
3.516
2.855
3.816
3.619
1.726
3.419
2.612
1.83
1.768
3.412
2.858
1.79
2.227
3.674
3.846
2.693
2.411
2.585
1.793
2.127
2.604
2.474
2.9
2.78
3.749
2.129
3.0
2.848
2.638
1.743
3.011
3.659
1.978
1.834
3.976
3.694
3.732
2.305
1.559
3.143
3.955
2.84
2.902
3.94
1.871
1.966
3.577
3.07
3.334
2.679
3.593
1.796
2.702
2.473
3.071
1.876
2.354
2.885
2.214
3.431
3.371
1.862
3.607
2.869
1.688
1.804
2.359
3.743
2.065
3.227
2.084
2.248
3.488
2.428
3.253
3.394
3.415
2.498
1.835
1.954
2.551
2.168
1.828
2.595
1.969
2.814
3.727
2.532
3.628
3.498
2.035
3.172
1.599
2.838
2.472
2.133
2.875
2.451
1.628
3.382
1.776
2.492
2.168
3.388
3.922
3.505
3.862
2.298
1.643
3.643
3.903
3.45
2.434
1.716
3.79
2.762
3.503
3.604
3.104
1.776
1.69
2.106
1.785
3.582
2.459
3.148
2.141
1.733
2.646
1.651
1.598
3.722
3.851
3.668
2.866
1.723
3.541
2.433
1.865
2.729
1.802
3.311
3.006
3.121
1.75
3.704
2.856
1.766
3.622
2.711
3.106
3.177
2.907
3.882
3.523
2.948
2.166
3.428
3.328
2.695
2.399
2.099
2.15
2.024
1.811
2.149
2.469
3.609
2.061
2.856
2.792
2.592
3.967
3.643
1.893
1.64
3.656
1.718
2.596
3.759
3.355
1.952
2.15
2.78
3.463
2.752
3.939
1.748
3.135
3.802
3.725
2.427
2.191
2.267
2.961
1.526
1.706
2.868
3.922
3.917
2.1
3.691
1.752
1.548
2.017
2.546
3.117
3.506
2.763
3.75
3.08
3.589
3.019
2.166
2.069
1.747
2.814
2.424
2.158
2.585
1.815
3.482
2.083
3.628
1.593
2.528
3.263
1.959
3.04
2.012
3.75
2.69
1.571
3.507
2.169
2.812
3.538
3.837
3.256
2.97
3.789
2.679
2.259
3.883
2.851
1.922
3.053
3.439
1.749
1.504
2.329
3.437
2.133
2.002
2.074
2.275
1.786
3.291
3.743
2.607
2.142
3.109
3.799
3.995
3.842
2.364
2.667
2.223
1.645
2.873
1.679
2.739
2.76
2.348
2.164
1.549
3.29
1.821
2.084
2.62
2.245
2.709
3.464
2.521
3.48
2.534
2.12
3.732
2.374
1.75
2.274
3.433
2.638
3.636
3.645
3.004
1.988
3.577
1.838
2.271
3.474
1.882
1.69
2.287
2.631
2.399
2.677
2.912
2.313
1.583
3.441
3.837
3.779
1.77
2.438
3.452
2.329
2.906
2.428
2.34
2.389
3.062
3.409
2.267
2.149
2.846
2.987
2.373
Error de lectura!!!
2.514
3.985
2.636
3.527
1.822
3.452
1.707
3.113
3.563
1.928
3.322
2.118
1.674
3.47
2.807
2.232
2.766
1.701
3.184
2.89
2.77
1.513
1.998
1.729
2.341
4.0
1.517
1.712
3.454
3.237
3.503
3.185
2.846
1.585
3.141
2.802
2.44
1.655
3.84
2.7
1.642
2.615
3.763
2.332
2.31
2.099
3.606
2.698
3.593
2.112
3.362
1.73
2.569
1.93
2.617
3.065
3.569
3.008
2.459
1.892
1.983
1.563
2.674
3.008
1.946
3.502
3.973
3.644
3.807
3.658
2.541
3.822
1.81
2.077
2.35
2.821
3.054
2.766
1.718
1.972
1.57
2.792
3.074
1.905
3.96
3.456
2.346
3.009
1.553
3.979
2.105
3.347
3.504
3.899
3.933
3.455
3.26
2.307
2.438
2.318
1.894
3.461
2.865
1.778
1.716
1.927
1.749
1.837
2.263
2.308
2.191
2.544
1.827
2.587
2.298
3.419
3.644
2.219
3.612
3.536
1.947
3.564
3.164
3.732
3.976
2.038
1.957
3.433
0.722
3.52
2.504
2.059
1.783
2.639
2.466
2.069
3.076
2.704
2.174
3.969
2.677
1.73
2.319
2.387
2.408
1.97
1.903
2.865
3.475
3.066
1.785
2.709
2.467
1.93
2.5
2.224
2.791
3.882
2.759
3.372
3.47
3.8
2.661
3.549
2.088
1.52
2.155
1.823
2.358
2.362
3.132
2.014
2.985
3.811
3.514
3.994
2.805
2.152
3.523
2.542
3.883
3.621
1.808
1.524
1.779
3.016
3.463
3.515
2.699
2.323
1.958
3.438
2.993
3.05
3.117
1.681
3.942
2.977
1.58
3.869
2.218
3.691
3.411
3.742
1.909
3.699
3.891
3.291
1.822
1.611
3.371
3.493
1.808
2.579
1.503
2.779
2.474
2.57
2.889
3.594
3.471
2.724
2.214
2.509
3.558
3.562
1.675
2.377
2.63
2.65
2.442
3.384
2.324
2.471
3.893
1.904
1.834
2.227
3.463
1.96
2.373
2.028
3.589
3.929
3.891
3.134
3.583
2.923
2.251
2.789
1.67
2.085
2.964
2.417
2.215
2.775
1.59
3.857
2.337
2.517
3.554
2.067
3.087
1.53
1.804
2.727
3.637
3.967
1.827
2.417
3.543
2.201
1.767
3.548
1.507
2.31
3.483
3.367
1.559
3.994
2.972
3.798
3.17
2.054
2.457
3.973
2.883
2.473
2.254
2.448
2.372
3.112
3.85
3.068
3.75
1.824
3.432
2.667
2.187
1.793
3.82
2.044
2.359
1.86
2.353
1.58
2.966
2.213
2.937
1.831
2.52
2.812
2.786
2.924
2.011
2.495
2.217
3.347
2.183
3.353
1.512
2.425
2.729
1.907
1.513
3.784
2.608
3.324
2.821
3.536
1.633
1.744
3.282
3.069
3.714
3.555
3.884
1.889
1.532
1.777
2.627
2.228
3.893
3.898
2.159
1.991
3.098
1.536
3.209
1.81
2.571
2.521
2.355
3.853
3.041
3.08
2.121
3.302
2.152
3.037
3.842
3.78
1.963
3.711
1.983
3.581
2.084
2.491
1.611
3.939
2.114
3.894
1.83
3.445
3.814
2.197
2.91
3.565
2.109
2.706
1.612
1.561
2.504
3.222
2.386
1.713
1.937
3.283
3.374
3.97
2.032
3.962
1.821
2.626
2.586
2.322
3.202
2.084
2.284
2.074
2.966
2.027
1.657
3.523
3.106
2.123
2.723
3.28
3.487
3.392
3.56
1.802
3.506
3.553
2.525
2.498
3.575
1.599
1.531
1.633
2.542
3.445
2.343
2.366
1.695
1.739
3.036
3.548
3.752
2.069
3.592
1.681
1.568
3.041
3.959
1.598
2.137
2.207
2.268
3.326
2.521
3.666
2.656
1.782
2.662
2.651
3.624
1.798
1.523
2.869
3.311
3.326
2.604
2.343
1.662
3.871
3.241
2.933
1.643
3.786
3.396
3.569
2.611
1.803
3.321
2.15
2.176
3.15
3.296
3.634
2.466
3.707
1.534
3.712
3.521
2.496
3.093
2.782
2.584
1.943
2.698
1.617
2.668
3.87
3.056
3.172
3.829
1.75
3.393
3.161
3.717
1.57
1.602
3.899
3.621
2.564
1.95
2.979
2.662
3.583
3.415
2.587
3.525
3.543
3.069
2.126
1.869
3.646
3.631
2.398
3.6
1.92
3.665
1.756
3.73
3.63
3.1
3.195
2.805
3.37
3.043
2.969
2.944
3.096
3.98
2.98
2.549
3.203
1.717
3.269
3.683
1.986
3.061
2.093
2.393
3.106
3.78
3.634
2.085
2.778
1.721
2.724
2.405
1.513
2.367
2.407
2.741
2.168
3.521
2.054
3.71
2.339
2.685
2.105
2.674
2.545
3.197
2.203
1.774
2.144
1.627
2.571
2.537
2.316
1.935
3.421
3.422
2.643
1.977
3.018
2.614
3.929
2.68
2.397
2.807
2.04
2.184
2.164
2.47
3.404
2.132
2.168
3.409
1.666
2.104
2.894
2.743
3.667
2.93
2.344
2.905
2.261
2.175
3.15
2.045
3.722
3.208
1.573
3.965
3.337
3.893
2.34
2.64
2.495
3.252
3.558
1.529
3.904
2.06
3.897
3.802
1.924
3.554
3.928
2.102
3.537
2.16
3.458
1.59
2.376
3.574
3.585
3.931
2.711
1.755
2.19
2.848
3.4
3.425
2.603
1.644
3.573
3.071
1.905
2.126
2.93
3.185
2.888
2.163
1.636
3.214
2.915
2.947
3.684
1.865
1.637
3.729
3.618
3.008
3.677
2.388
3.605
2.012
1.738
3.268
3.457
3.202
2.521
3.987
2.861
2.06
3.353
2.121
3.742
1.675
2.667
1.931
2.916
2.836
3.666
3.5
1.675
3.076
3.71
3.753
3.333
1.99
1.973
2.37
2.27
1.728
1.564
2.812
3.638
1.524
3.65
3.175
2.886
3.223
2.871
2.342
1.964
2.745
3.99
2.544
2.415
2.407
3.622
2.547
3.161
3.701
1.994
2.312
2.049
3.596
2.053
3.118
2.414
3.308
3.943
1.953
3.615
3.056
3.806
3.174
1.935
3.88
3.28
2.148
3.485
1.902
2.391
1.8
1.616
3.214
3.105
3.937
3.716
3.804
2.486
3.724
1.957
3.184
1.588
3.14
2.849
3.197
2.789
3.316
3.972
1.72
2.986
2.909
1.714
2.069
2.656
2.722
1.955
3.501
1.551
2.952
2.549
3.381
3.701
3.826
2.388
1.915
2.954
2.722
1.763
3.856
3.389
2.031
2.919
3.627
3.003
2.291
2.852
2.454
3.202
3.062
3.328
2.571
3.195
3.376
3.899
3.269
1.992
3.397
2.374
1.659
3.574
2.043
1.756
1.989
3.332
3.32
2.05
2.733
2.824
3.538
2.923
2.297
3.262
2.773
2.452
1.932
2.099
2.597
3.62
3.725
3.47
2.374
3.38
3.653
2.734
1.947
2.396
1.545
3.192
3.066
2.331
3.668
3.374
3.09
3.584
3.962
3.422
2.648
1.908
1.843
3.067
2.469
2.479
3.839
2.527
2.591
2.796
3.707
2.788
3.62
3.629
1.584
1.771
2.122
2.175
2.095
2.149
1.969
1.736
2.01
2.186
2.966
3.986
2.768
3.473
2.292
2.107
3.376
2.377
3.81
3.817
2.065
2.028
3.253
2.938
1.786
3.036
3.208
3.757
1.642
2.723
2.477
3.198
3.396
2.869
3.825
2.449
2.368
1.809
1.645
3.409
3.515
2.312
2.607
2.49
1.598
1.676
2.304
3.37
2.689
2.11
3.393
3.948
2.135
2.63
2.814
2.91
2.031
3.624
3.546
3.352
3.479
2.742
2.359
2.342
3.85
2.275
3.934
1.728
3.636
2.37
2.896
2.551
2.388
3.855
1.516
1.561
3.039
1.523
2.694
2.926
2.33
1.98
1.572
1.523
3.803
3.749
2.917
2.123
2.542
2.858
3.953
2.066
1.945
1.691
3.285
2.493
2.715
3.03
1.577
2.242
3.296
3.436
1.667
2.592
3.581
2.241
3.936
3.09
2.804
3.396
1.667
1.831
3.418
2.552
2.912
2.69
2.383
3.05
2.92
2.766
1.606
2.084
2.035
3.164
2.564
3.611
3.332
2.958
2.544
3.926
1.912
3.953
3.638
2.883
1.647
1.51
2.03
2.342
3.475
3.36
3.082
1.88
3.725
2.593
2.703
2.396
1.695
3.607
1.586
3.484
3.306
2.983
2.52
1.562
1.997
3.464
3.409
2.356
3.7
1.978
3.63
2.883
2.565
3.602
2.251
3.188
2.979
1.962
1.767
2.635
1.633
2.592
2.198
2.143
3.534
1.927
1.988
2.98
2.282
3.246
2.795
1.788
3.107
3.061
2.098
3.031
3.164
2.917
2.402
3.354
2.56
2.148
2.332
2.564
2.31
2.991
3.698
2.094
2.554
3.352
2.242
3.013
1.529
3.258
3.461
1.504
2.592
1.966
3.047
3.668
2.201
3.774
3.327
1.829
3.909
3.667
3.878
3.837
1.804
2.66
3.357
3.193
2.683
3.011
3.358
2.529
2.281
3.562
1.623
3.445
2.984
3.341
3.596
3.479
2.327
3.278
3.358
2.97
3.812
2.58
3.211
1.774
2.184
1.993
1.524
3.187
1.546
1.903
2.206
1.661
2.272
2.473
1.759
1.835
2.453
2.914
2.333
3.449
3.776
2.83
3.072
1.649
3.732
3.421
3.305
2.049
3.267
1.762
3.867
1.781
1.569
1.952
3.542
3.75
2.16
3.129
1.522
3.242
3.018
3.072
3.537
1.698
2.034
3.57
2.138
1.747
2.195
3.84
3.719
2.832
1.836
3.318
2.464
3.702
3.877
1.521
2.891
3.978
1.798
1.737
3.789
2.565
3.105
2.917
3.497
2.316
3.322
1.654
1.721
1.55
2.462
1.99
2.303
3.588
2.297
3.643
2.982
2.057
2.947
1.97
1.879
2.065
2.359
2.967
2.837
2.441
2.29
2.915
2.549
2.282
2.626
2.721
1.897
3.41
3.356
3.813
3.895
1.58
3.785
2.352
2.935
3.306
3.473
3.855
3.979
1.644
3.537
2.161
3.474
2.148
2.638
2.649
1.832
3.487
1.626
2.831
3.784
1.816
1.586
1.792
1.536
3.646
2.548
2.325
3.508
3.26
2.081
1.863
2.384
3.005
3.279
2.528
1.589
1.526
2.313
3.607
2.13
2.121
2.39
3.065
3.655
2.654
1.996
2.281
3.126
3.557
1.695
1.679
1.537
1.597
2.832
3.619
3.119
1.67
1.532
2.851
3.648
3.293
2.478
2.418
3.838
3.031
2.366
3.907
2.816
1.88
1.577
2.44
3.772
3.419
3.776
3.313
2.446
2.113
3.085
1.502
2.153
2.56
2.359
3.207
3.381
1.714
2.101
3.8
2.53
3.371
3.938
2.209
2.886
2.269
3.287
2.545
3.226
3.22
2.402
3.519
3.048
2.977
2.066
3.477
2.26
3.312
3.475
2.427
3.027
1.695
3.928
3.021
1.96
2.596
1.928
3.488
1.519
3.819
3.082
1.638
1.706
2.489
1.529
2.041
2.446
2.139
3.705
2.196
1.538
3.498
3.377
3.585
3.712
3.662
2.31
3.21
3.861
2.045
3.424
2.583
3.595
2.676
3.482
2.616
2.792
2.37
2.439
3.045
2.572
1.596
3.758
3.158
3.477
3.815
2.24
3.417
2.477
3.192
2.32
3.142
1.844
2.048
1.88
1.583
2.62
3.03
3.783
1.968
1.641
3.916
2.562
2.168
3.766
1.695
2.307
3.585
2.126
3.284
2.338
3.692
3.445
3.201
2.14
3.32
3.486
2.582
2.739
2.231
3.603
2.076
2.05
1.647
1.83
2.686
3.491
3.005
2.617
1.683
3.083
2.183
3.993
1.768
3.35
3.937
1.519
2.619
2.346
3.918
2.734
2.62
3.076
1.597
3.663
1.631
2.213
1.639
3.925
2.606
2.601
2.398
3.55
3.224
2.083
2.704
3.371
3.731
2.035
2.903
1.772
2.406
1.973
2.411
2.907
3.195
1.897
3.859
2.998
3.189
3.835
3.268
3.926
2.431
3.47
1.543
2.962
2.963
1.552
2.131
2.636
2.675
3.381
1.536
2.904
1.536
1.804
2.602
3.638
3.233
2.198
3.867
3.06
3.642
3.76
1.629
2.99
2.381
1.536
3.447
1.685
2.288
1.869
2.585
3.736
2.546
2.454
3.091
2.195
2.762
2.471
2.95
3.702
3.756
1.641
1.945
2.437
1.528
2.877
2.207
2.574
3.415
3.139
2.231
3.996
3.558
1.789
3.962
1.677
3.708
1.68
3.631
3.334
3.349
3.579
3.811
2.086
3.175
3.597
2.766
3.673
3.249
3.39
2.389
3.407
3.995
3.562
3.944
3.118
1.51
3.919
2.264
3.24
1.764
3.355
1.526
3.572
3.584
2.858
1.74
2.177
3.276
2.497
3.237
2.863
3.415
2.69
3.991
2.72
3.037
3.151
2.619
2.303
3.792
3.01
3.211
2.502
2.02
3.685
3.71
1.694
3.128
3.167
3.314
1.627
2.78
3.857
1.665
2.423
3.595
3.509
3.635
1.975
3.821
2.577
2.68
2.448
3.465
1.696
3.438
2.002
2.887
3.783
2.323
1.835
3.331
3.131
3.932
2.353
2.364
1.623
3.147
3.833
2.709
3.568
1.51
3.727
2.273
1.616
2.686
2.841
2.063
1.978
1.515
3.013
1.652
3.608
2.458
1.94
3.437
2.32
1.573
1.549
2.105
3.557
3.907
3.101
2.219
2.497
1.821
3.463
1.955
3.187
2.701
2.439
2.097
2.357
1.936
2.565
2.532
2.258
2.574
2.254
3.409
1.644
3.925
3.74
1.63
2.239
3.062
1.749
1.612
3.822
1.595
3.874
3.147
3.143
2.595
3.784
1.905
1.884
3.634
2.968
3.374
3.169
2.938
2.536
3.901
1.714
1.746
1.795
3.64
2.547
2.208
3.083
2.629
3.0
2.224
3.844
2.985
2.63
2.191
2.959
2.277
3.357
3.964
2.215
3.179
2.203
2.122
1.868
3.739
1.769
2.163
1.845
2.007
1.71
1.627
3.329
2.579
3.084
3.708
2.752
2.623
1.87
3.338
3.117
3.456
3.105
2.397
2.777
1.965
2.31
3.954
3.129
3.721
1.939
2.875
2.862
2.84
3.263
3.821
2.084
1.924
2.166
3.839
1.728
1.901
3.821
3.621
2.753
3.546
3.607
3.523
3.679
3.336
2.177
2.594
3.277
1.916
1.953
2.107
2.496
3.766
3.223
3.131
2.827
2.861
1.797
3.488
2.947
1.941
3.12
2.888
3.036
2.57
2.982
3.111
2.356
3.352
2.026
3.792
2.54
1.66
3.372
3.925
2.911
3.283
1.799
3.704
3.266
3.138
3.901
2.134
2.504
3.476
3.353
3.4
1.524
1.678
2.462
1.673
3.219
3.253
2.049
1.894
2.685
3.0
3.051
3.682
2.834
3.73
2.254
2.089
2.058
1.912
1.99
2.45
2.479
1.721
2.454
3.285
2.08
3.438
2.853
3.912
1.916
2.486
2.515
2.306
3.432
3.365
2.337
2.681
3.87
3.686
3.481
1.893
2.724
3.99
3.053
1.778
3.527
3.277
3.98
3.185
2.775
3.997
2.741
3.739
2.54
2.097
2.993
2.761
2.823
3.774
3.523
1.754
2.892
2.26
3.752
1.541
3.859
2.376
1.619
3.998
2.216
2.025
2.776
2.402
3.41
3.866
2.995
3.197
1.826
1.742
3.944
2.561
2.592
3.95
2.168
2.369
2.123
3.238
2.04
2.431
3.932
2.918
1.619
2.007
2.106
3.534
3.069
1.652
3.711
1.534
2.731
2.334
3.892
2.448
2.947
1.924
2.885
3.87
3.567
2.676
2.323
3.391
3.506
3.258
1.702
1.942
3.609
3.899
1.754
2.328
2.206
2.4
2.494
2.899
1.576
3.681
2.577
2.916
3.578
2.583
2.87
3.302
3.575
1.999
2.629
1.976
1.634
1.96
1.639
2.916
3.396
3.828
2.973
2.211
2.306
2.353
3.528
1.632
2.872
3.817
2.941
3.417
3.059
3.895
1.543
3.374
2.575
3.711
2.847
1.796
2.275
3.358
2.123
2.823
1.869
3.572
3.317
2.872
2.864
3.643
2.303
2.611
3.874
2.067
3.967
3.784
3.63
2.995
3.602
2.084
3.227
3.722
2.422
3.817
3.95
3.042
2.579
2.436
1.683
2.217
3.264
1.557
3.514
3.101
2.462
3.085
2.224
2.854
3.571
3.617
3.754
1.821
2.809
2.164
2.468
1.513
2.86
3.395
2.346
2.374
1.923
3.377
2.396
3.871
3.409
2.794
2.547
2.249
2.825
2.04
2.573
2.713
2.9
3.967
2.028
2.209
2.318
1.506
3.251
2.383
1.792
3.252
2.436
3.417
3.003
1.97
2.615
1.944
3.983
2.877
3.881
2.234
2.982
1.916
1.845
3.305
2.489
2.16
3.853
2.136
1.702
1.58
3.436
1.915
3.708
2.825
3.279
2.968
2.556
1.957
2.283
3.84
3.822
3.546
3.521
3.313
2.958
1.938
2.499
3.65
3.563
2.935
1.784
1.736
3.225
2.349
3.861
3.234
2.079
3.698
2.317
2.675
2.349
1.805
2.886
2.435
2.498
2.437
3.869
2.783
1.586
3.706
2.397
1.708
3.652
3.308
1.891
3.505
1.7
1.679
1.675
3.765
1.729
2.443
3.811
3.102
3.486
3.757
3.285
2.807
2.344
3.012
2.019
3.605
3.534
2.216
3.17
3.399
1.719
1.845
2.315
2.844
2.747
2.643
1.636
3.687
2.344
2.96
3.709
2.224
3.969
2.211
3.484
3.768
3.145
3.092
2.276
3.536
2.935
1.555
3.318
2.304
2.963
2.138
3.973
2.884
1.732
3.149
1.94
2.626
1.696
3.595
2.32
2.252
3.446
3.111
3.83
2.134
1.565
3.831
2.507
2.423
1.645
2.95
3.097
1.555
3.615
3.396
3.724
2.76
3.385
3.375
3.964
3.271
3.235
3.394
Error de lectura!!!
1.533
2.744
1.686
3.768
2.422
2.039
2.255
1.583
1.65
2.714
1.669
1.594
3.551
3.936
3.53
1.812
2.859
3.948
3.71
2.794
2.645
2.632
3.871
3.004
3.99
1.809
2.253
2.45
1.522
2.829
3.286
1.717
1.755
3.223
2.338
3.77
1.626
3.169
3.704
1.653
2.97
2.091
1.517
2.363
1.995
2.391
2.594
1.916
2.582
2.724
2.706
2.318
1.807
1.999
2.582
2.781
2.79
2.808
3.691
2.79
3.124
1.769
2.995
2.595
1.604
2.679
3.779
1.777
1.89
2.335
1.979
2.267
1.768
3.398
1.953
3.857
2.241
3.288
2.646
2.65
2.563
2.005
1.588
2.062
1.54
3.523
2.154
1.922
2.497
2.772
2.939
2.719
2.225
2.489
2.858
2.956
3.326
2.792
3.249
2.185
2.915
3.567
3.722
2.411
3.837
2.076
2.953
2.789
2.992
3.898
3.515
3.185
1.704
2.349
3.024
2.157
1.982
1.626
1.88
2.13
3.91
3.473
2.706
2.049
3.432
2.444
2.954
1.939
3.836
3.251
2.558
1.564
1.67
2.377
3.879
2.313
2.43
1.897
3.594
1.988
3.655
1.52
3.433
2.583
2.968
2.883
1.808
1.99
2.428
1.759
3.857
2.236
1.901
2.427
3.787
2.007
3.843
2.665
2.761
2.962
2.968
1.636
1.809
2.156
2.505
2.647
2.857
2.436
3.129
3.474
3.773
3.904
2.89
2.163
2.469
3.867
3.69
3.23
1.511
2.35
2.457
3.886
2.238
3.198
3.274
1.968
2.011
3.447
1.932
1.772
3.679
2.233
2.207
3.248
2.1
2.576
1.508
1.837
2.204
3.798
1.845
2.878
3.898
2.915
3.979
2.953
2.893
1.824
3.406
2.319
2.973
3.831
2.566
1.658
1.546
2.029
3.711
3.116
2.546
1.956
3.023
1.613
2.912
3.309
3.951
2.051
3.102
2.908
2.447
2.861
3.377
2.848
2.936
2.971
3.973
3.92
2.211
2.628
2.893
3.464
3.898
3.992
2.42
1.936
3.855
3.768
2.48
3.416
2.151
2.653
1.618
1.677
3.441
3.192
2.711
3.161
1.948
2.968
2.74
1.5
1.794
1.969
2.907
3.739
1.953
1.74
1.832
2.466
1.532
1.953
2.396
3.368
3.552
3.817
2.332
2.772
2.529
2.09
3.188
3.286
2.338
2.684
3.309
2.549
3.332
3.623
2.745
3.605
3.57
2.241
3.358
2.223
1.574
3.456
3.808
2.909
1.535
2.74
2.966
2.23
3.073
2.689
3.443
1.612
3.002
3.272
2.88
3.572
2.077
2.301
2.982
2.756
1.997
3.459
3.423
3.172
1.584
2.196
1.74
1.984
3.36
1.833
2.033
3.743
1.943
3.454
1.659
3.959
1.939
1.885
3.795
2.99
1.612
3.862
2.755
2.299
3.638
2.47
2.901
3.425
2.466
3.009
3.698
2.735
2.93
2.217
1.639
3.475
2.653
2.291
2.914
2.082
2.837
2.281
3.922
1.578
2.048
3.723
3.456
2.197
3.362
2.522
2.853
1.589
1.549
3.649
2.649
2.612
2.048
3.388
2.207
2.058
1.732
1.765
2.064
1.935
1.866
3.576
3.917
1.944
2.063
3.834
2.471
3.75
1.928
2.604
1.663
3.72
2.881
2.393
2.244
1.856
3.408
1.636
3.372
2.471
3.078
3.198
3.467
3.652
3.815
3.994
1.767
3.648
2.979
3.34
3.75
1.569
2.718
3.617
3.164
2.316
1.571
3.53
1.973
3.209
2.887
3.766
3.784
3.825
3.509
2.579
3.849
1.998
2.526
3.987
3.95
1.846
2.523
2.949
2.208
2.988
3.368
1.894
3.477
3.287
3.523
2.366
2.051
3.809
2.76
3.754
3.737
3.319
3.001
3.8
2.655
1.856
1.848
2.324
2.845
3.443
3.46
3.299
2.44
1.772
1.697
3.473
1.756
3.315
2.846
1.636
2.919
2.372
1.794
2.741
2.897
3.716
2.666
3.018
3.438
2.768
2.195
3.458
1.74
3.804
2.096
3.548
2.795
2.376
1.789
2.887
3.817
2.647
2.742
2.662
2.279
2.814
2.819
2.049
3.974
2.025
2.125
3.862
3.77
2.725
1.521
3.074
3.474
2.079
3.999
2.717
3.26
1.989
3.729
1.624
1.726
2.956
2.275
3.474
3.75
2.847
2.16
3.472
3.733
2.06
1.868
2.783
3.016
2.14
1.84
3.592
1.672
1.9
1.543
3.611
2.065
1.615
1.839
2.272
3.501
3.647
3.031
1.559
2.471
2.317
2.283
3.442
2.234
2.853
2.742
2.037
1.822
1.651
3.667
2.841
3.521
2.246
1.756
3.523
3.529
1.865
3.917
2.947
3.868
2.532
3.468
2.708
3.268
2.546
3.299
1.96
3.532
2.946
2.373
1.753
2.972
3.005
3.87
3.933
2.563
3.459
2.005
2.415
1.642
3.844
2.708
1.687
2.931
2.615
3.804
2.298
3.371
2.397
3.288
2.54
2.244
3.688
2.0
2.239
2.71
1.755
2.215
1.756
3.076
3.502
3.68
2.224
3.275
3.535
1.667
3.353
2.579
1.601
2.806
2.877
3.131
2.262
3.294
2.075
3.968
3.534
3.744
3.428
1.814
1.651
2.331
2.287
2.113
3.333
2.328
3.893
3.876
3.498
2.449
2.492
2.034
2.935
2.628
3.856
1.804
3.045
2.489
2.462
2.521
1.819
1.571
2.526
3.39
3.087
3.912
3.671
3.621
3.673
2.789
3.229
2.701
2.924
3.062
3.731
3.579
1.997
3.886
2.93
3.841
3.873
1.881
3.551
2.296
2.039
3.234
3.135
3.527
2.683
2.415
2.017
1.964
2.044
2.303
1.553
1.66
3.297
2.894
3.974
1.941
1.837
1.525
1.583
1.556
2.62
3.692
1.725
3.917
3.009
2.624
1.67
3.875
2.978
2.988
2.708
1.947
3.308
2.479
3.132
3.666
2.504
2.014
2.939
2.724
3.984
2.775
1.591
1.962
2.806
2.229
3.963
2.994
2.623
2.807
3.717
1.839
3.581
3.941
3.147
3.413
2.56
1.826
3.969
3.882
3.67
3.381
3.549
1.773
2.42
3.894
2.491
2.309
3.795
2.385
1.831
3.379
2.948
2.867
1.812
2.524
2.775
3.087
1.758
3.076
2.986
1.927
3.911
3.606
3.923
1.869
3.317
1.592
3.892
3.27
3.857
2.226
1.618
2.684
2.105
3.261
1.846
1.926
3.913
2.651
3.898
3.976
1.819
1.773
3.691
2.228
3.616
2.971
1.795
1.867
3.708
1.745
2.858
2.934
3.981
2.651
2.09
2.722
3.74
2.836
3.538
2.55
3.181
3.717
3.346
2.128
3.23
3.657
3.064
3.844
2.155
3.216
3.978
3.477
2.675
3.404
2.427
3.051
3.045
2.983
3.451
1.645
1.654
3.624
1.731
3.525
3.532
2.681
2.43
2.159
3.247
1.957
3.024
3.115
3.865
2.874
3.21
3.541
3.621
3.309
1.708
3.925
1.542
2.86
2.227
2.951
1.654
3.785
2.308
2.894
2.212
3.033
2.372
3.881
3.859
3.805
1.79
1.705
3.457
1.857
2.77
3.652
2.88
3.35
2.881
2.367
3.006
3.385
2.536
3.448
1.948
3.469
3.989
3.193
3.942
3.677
3.166
3.812
2.506
1.662
3.528
2.887
2.343
3.445
3.093
2.197
3.819
2.769
2.778
1.883
3.721
3.858
1.708
3.666
2.313
1.637
3.584
3.516
2.211
2.85
2.548
2.492
2.917
3.448
1.812
2.43
2.139
3.206
2.929
2.263
3.105
2.604
2.469
2.601
3.631
3.096
1.771
3.745
1.56
2.565
3.983
1.926
3.508
1.543
1.516
2.404
2.813
3.782
1.706
2.384
3.803
2.713
3.627
2.412
1.811
2.072
1.861
2.566
3.993
3.042
1.911
3.969
3.097
1.785
2.373
2.124
2.432
2.865
3.661
2.101
3.903
2.643
2.268
2.274
2.509
2.87
1.742
3.331
2.08
2.03
3.328
3.529
2.192
2.155
1.911
3.378
2.892
1.663
3.1
2.085
3.533
3.538
2.751
1.534
3.954
2.128
3.397
2.935
3.159
2.179
2.79
3.298
1.732
3.53
2.603
3.384
2.26
3.121
3.571
2.33
2.87
2.6
3.113
1.941
2.219
3.252
1.923
2.17
3.01
2.619
2.411
2.491
3.289
3.885
3.225
2.113
3.244
3.411
3.915
2.589
2.07
3.617
3.441
3.615
1.552
1.936
2.261
3.54
2.423
3.074
1.637
2.874
3.508
2.865
3.728
1.532
1.578
2.852
3.538
1.715
3.466
2.511
1.952
3.632
3.643
2.184
3.171
3.411
2.349
2.078
3.922
3.714
3.707
1.948
3.314
2.322
1.747
3.304
2.849
3.356
3.695
1.675
1.849
3.925
3.942
3.2
3.609
3.856
2.063
1.76
1.877
2.697
2.367
2.853
3.296
2.042
3.082
3.254
3.72
3.818
1.663
1.622
2.99
2.096
1.763
3.63
2.765
3.914
2.658
3.799
3.451
2.119
2.939
3.037
3.647
3.61
2.349
2.792
1.615
2.407
3.134
2.828
3.353
2.162
1.776
1.842
1.593
2.225
2.086
2.997
2.955
2.285
3.068
3.07
3.129
1.719
2.713
3.334
3.486
2.698
3.039
3.035
3.888
2.832
3.509
2.711
1.685
3.34
2.842
2.892
1.795
2.828
1.815
3.245
2.97
2.001
2.399
2.492
3.914
3.103
2.655
3.125
2.938
3.587
1.672
1.758
1.864
1.763
1.648
1.578
3.86
3.535
3.712
2.171
1.688
3.155
1.843
3.698
1.608
2.798
1.53
2.286
3.301
2.055
3.377
1.816
1.593
2.619
1.777
2.851
2.88
3.561
3.673
1.781
1.508
3.356
3.657
3.399
3.997
3.051
1.739
1.651
2.125
1.71
2.224
3.137
2.776
1.517
2.647
2.984
1.571
2.79
1.512
2.365
3.234
2.162
3.744
3.516
1.97
2.298
2.658
1.949
2.802
2.291
2.935
1.698
3.033
2.5
2.221
1.554
3.96
3.065
3.623
3.881
3.12
3.444
2.403
3.643
3.995
3.277
3.165
1.915
3.382
2.682
2.02
3.177
2.724
3.296
1.876
2.078
1.543
2.54
1.922
1.929
2.018
3.212
3.09
2.549
1.873
2.843
2.583
3.033
2.339
1.549
1.984
1.828
2.432
2.081
1.742
3.383
3.3
3.869
2.063
2.038
2.387
3.636
3.699
2.935
2.444
2.588
2.416
3.263
2.791
1.584
2.095
3.086
3.384
1.81
3.031
1.79
1.788
3.02
3.173
2.653
3.637
3.706
1.545
3.069
2.238
3.831
2.625
1.649
2.021
1.858
2.688
2.785
2.351
2.415
2.474
1.635
1.542
1.8
2.259
1.515
1.708
2.583
2.647
3.919
3.338
2.089
3.248
2.733
3.36
1.628
3.814
2.774
1.635
2.696
2.835
3.888
3.648
3.993
1.979
2.541
3.908
3.035
3.231
2.979
2.522
1.864
1.897
2.53
3.636
2.442
2.945
3.489
3.44
3.106
2.847
3.704
3.113
2.617
1.961
3.332
1.828
2.14
2.198
2.165
3.409
3.901
1.688
3.275
2.133
2.522
3.096
3.74
2.526
3.831
3.356
1.714
1.567
3.794
2.038
3.618
1.818
3.324
3.24
3.036
3.49
2.898
3.71
1.625
3.694
3.098
1.964
3.781
3.36
2.346
3.428
3.324
3.251
3.507
2.268
3.546
1.893
2.177
2.977
1.65
1.937
2.405
2.759
2.501
3.81
3.36
1.814
2.332
1.918
3.821
3.354
1.884
3.572
2.768
2.306
1.539
2.641
1.744
1.522
3.649
3.895
3.784
3.586
2.349
1.73
2.306
3.162
3.458
3.332
2.435
2.125
3.785
3.652
3.198
2.145
1.949
2.498
3.75
2.94
2.675
3.754
2.595
3.135
3.279
2.413
2.069
2.219
1.531
2.371
2.831
3.95
3.317
2.207
2.063
1.932
3.948
3.468
2.963
1.733
3.081
2.246
2.684
2.598
3.475
3.747
3.253
2.72
2.254
3.311
3.82
2.166
1.515
2.352
1.565
3.783
3.687
1.832
2.152
2.062
3.929
2.827
3.555
3.143
2.198
3.435
3.496
2.672
2.595
3.641
2.599
3.66
3.793
2.316
3.898
2.784
2.136
2.124
2.559
3.779
3.033
2.475
2.681
3.266
2.348
1.608
2.989
2.963
2.722
2.365
3.838
1.989
2.321
3.907
1.628
3.559
2.987
1.796
3.671
3.196
2.187
3.98
1.719
2.999
3.378
3.028
3.504
3.535
2.158
3.233
2.442
3.618
2.204
1.995
2.355
2.507
1.772
2.98
3.44
2.81
1.725
3.043
1.739
2.904
3.88
2.802
3.473
1.725
3.477
3.146
3.653
2.478
1.562
1.565
2.796
3.72
3.579
2.374
3.931
3.032
3.034
2.525
2.026
2.788
3.204
2.449
2.203
2.315
3.62
3.166
1.824
1.517
3.685
2.128
3.047
2.479
3.705
3.496
1.5
2.615
1.688
2.444
3.679
3.273
3.61
3.546
3.971
1.819
2.87
2.833
1.994
3.377
3.186
2.231
3.393
2.186
3.218
3.004
1.953
3.06
3.066
2.292
1.901
2.243
2.3
3.17
3.691
2.573
2.313
3.956
3.583
3.511
1.824
1.966
1.799
3.67
3.337
3.896
2.629
2.52
1.544
1.586
3.188
1.53
2.657
2.962
3.437
2.23
3.902
3.621
2.603
2.223
2.984
2.252
2.452
1.875
2.931
1.597
3.136
2.922
3.539
3.279
3.655
2.326
3.329
3.982
3.522
1.954
2.698
3.823
1.985
2.806
3.934
2.655
3.314
1.85
2.167
3.072
3.163
2.235
3.789
2.192
1.574
2.699
2.279
3.752
3.048
1.92
1.998
2.471
3.282
3.682
3.569
3.524
2.386
2.166
2.486
2.862
1.953
3.906
1.769
3.715
1.549
1.995
2.194
2.089
3.23
1.957
1.988
3.43
1.62
2.748
1.931
1.547
2.335
2.678
1.51
2.066
2.211
2.411
1.823
1.68
3.899
2.551
2.537
2.782
3.934
3.28
3.207
3.305
3.531
3.629
1.739
2.136
2.071
2.813
2.94
2.373
2.717
2.541
3.894
2.775
2.082
2.445
2.625
2.756
3.146
2.322
3.597
3.214
3.417
2.429
3.302
3.034
1.749
2.0
2.358
2.438
3.521
1.739
2.868
1.691
3.016
2.974
3.798
3.514
1.992
2.561
3.122
1.951
2.545
3.54
3.14
3.011
3.686
2.179
3.48
3.14
2.429
2.231
2.502
3.444
1.865
3.084
3.03
2.121
2.387
3.616
2.273
3.708
3.477
3.286
1.832
3.186
2.376
3.991
2.795
2.423
2.421
2.828
2.545
2.904
3.187
3.046
1.556
2.925
2.259
2.739
3.03
2.578
2.627
2.394
1.621
3.273
1.928
3.041
3.532
2.556
3.528
2.379
2.605
1.978
3.442
2.871
1.873
2.122
2.517
3.879
2.624
1.914
3.317
2.34
1.763
1.672
2.879
3.499
2.426
3.187
3.892
2.131
1.853
Error de lectura!!!
2.682
3.441
3.138
1.623
2.767
3.798
2.792
2.727
3.616
3.486
3.26
1.544
2.756
2.596
2.567
3.768
1.961
3.291
2.139
3.846
2.341
2.01
3.896
3.462
3.284
3.539
2.951
3.367
1.719
3.927
1.655
3.555
3.982
2.027
3.438
3.82
2.544
1.636
1.735
2.042
1.942
3.475
2.001
3.114
3.612
2.575
2.365
3.392
3.523
2.331
3.897
2.828
3.952
1.623
3.991
2.679
3.322
2.937
1.598
3.691
2.808
2.509
2.186
1.752
3.85
2.086
3.708
2.086
2.672
3.839
2.127
2.857
3.131
1.544
2.451
2.822
3.726
1.793
3.525
3.361
3.746
1.545
3.063
3.261
2.343
3.266
2.522
3.388
2.343
2.013
1.634
1.822
2.411
2.56
2.294
3.181
1.584
2.228
2.943
1.744
3.519
2.286
3.779
2.188
2.441
3.796
2.234
1.652
3.65
2.593
1.693
2.582
2.671
3.999
2.599
1.827
3.386
3.673
3.986
3.731
1.82
1.626
2.052
3.414
2.408
3.853
1.574
3.493
1.98
2.941
2.702
2.95
2.892
2.319
3.692
3.501
2.479
3.935
1.708
3.246
1.555
3.965
2.313
3.198
3.802
1.975
3.735
2.389
3.714
2.731
1.6
2.006
3.954
2.145
2.81
2.57
3.33
2.878
2.95
2.398
3.545
3.561
2.469
3.407
3.402
2.302
2.347
1.528
2.76
2.647
3.446
2.559
2.071
3.754
2.144
3.668
1.983
2.545
1.978
3.082
3.107
3.31
2.393
3.898
3.39
1.87
2.018
3.845
3.124
3.409
2.378
3.21
2.219
3.529
1.697
2.531
1.749
2.505
2.07
2.245
2.701
3.285
2.015
3.709
2.425
2.403
2.398
2.354
2.047
1.83
2.329
2.05
3.956
2.008
3.75
2.719
1.557
3.696
1.683
2.352
3.146
3.591
3.261
2.65
2.974
3.531
3.661
2.407
3.032
3.123
3.155
3.797
1.845
3.614
3.864
2.872
2.231
3.449
2.614
3.166
3.613
1.694
1.58
3.305
3.341
2.463
1.747
3.735
1.604
2.799
2.438
2.15
3.89
1.83
3.657
2.356
3.387
2.078
2.614
1.79
3.102
3.49
3.698
2.536
3.707
3.269
2.429
1.807
2.943
3.113
2.372
2.016
2.033
2.233
2.178
3.261
2.783
2.119
2.211
1.651
3.845
2.994
1.683
3.345
2.814
1.509
1.988
2.306
2.025
3.532
3.451
1.552
3.214
2.673
3.564
3.59
3.661
3.944
1.91
3.148
3.16
2.469
3.143
3.645
2.118
2.926
1.889
2.727
2.702
2.535
2.195
3.466
3.95
3.507
2.664
1.838
3.049
1.603
2.185
3.257
3.893
1.559
2.289
2.598
3.254
2.469
1.749
2.103
3.798
2.694
3.708
3.989
3.399
1.829
2.512
2.92
3.174
2.715
2.596
2.792
3.358
1.575
3.514
3.176
3.227
1.933
2.741
2.317
2.651
3.406
3.988
3.503
3.006
3.983
1.542
1.685
1.848
2.338
2.132
1.54
3.779
2.555
2.95
1.93
1.87
3.483
2.153
3.595
1.508
2.926
2.023
1.682
1.51
3.323
2.686
3.197
3.266
3.517
3.325
1.53
2.653
1.694
3.689
3.614
2.361
3.283
3.758
3.548
1.614
3.695
3.99
3.713
1.865
1.853
3.118
2.943
1.502
3.096
2.167
3.684
1.8
3.769
3.291
3.65
2.684
2.49
1.739
2.805
2.69
3.792
3.489
1.71
1.755
2.416
2.388
3.045
1.658
2.152
2.928
2.913
1.988
2.971
2.951
2.352
2.306
1.546
2.695
3.462
1.604
3.33
1.98
2.681
1.886
1.54
3.964
1.856
3.646
2.627
3.648
1.849
1.856
2.147
1.54
3.643
1.631
1.67
1.917
3.021
1.939
2.623
3.491
2.693
2.655
3.1
2.198
2.521
3.736
1.538
1.676
1.696
1.685
1.75
3.939
3.222
3.966
1.992
1.893
3.931
2.556
2.507
1.541
2.711
2.549
1.867
2.682
2.994
2.976
3.441
3.65
1.528
3.248
2.426
1.649
1.838
2.28
1.628
2.681
1.639
2.495
2.296
3.187
1.898
2.981
2.561
3.006
3.648
2.853
1.887
3.165
3.378
2.381
3.692
3.016
3.176
2.18
2.917
2.817
1.998
2.528
1.943
2.43
2.32
1.974
2.716
3.025
2.893
3.948
2.363
2.748
2.389
1.54
1.828
3.679
2.2
1.74
3.333
3.218
3.095
2.97
1.813
3.744
1.883
3.638
3.014
3.801
1.814
2.661
3.039
1.583
2.496
3.351
3.92
2.376
1.83
1.63
3.749
1.703
2.26
3.398
3.42
3.244
3.483
2.747
3.041
3.33
1.898
2.158
1.548
2.984
3.67
2.06
1.814
2.528
2.876
2.854
2.655
2.697
3.255
2.359
3.164
3.441
1.805
1.957
2.351
1.517
2.854
2.122
2.526
3.617
3.162
2.54
1.719
3.41
2.398
3.195
3.936
3.615
1.504
2.975
3.432
3.631
2.319
3.707
3.403
2.394
1.578
2.576
1.812
3.206
2.152
3.344
3.315
3.064
3.974
1.805
2.012
2.659
1.906
3.112
3.861
2.354
3.159
2.703
2.05
3.814
3.95
3.119
3.289
2.645
2.627
2.673
3.615
3.292
3.619
3.583
1.994
1.886
2.315
2.653
3.471
1.939
2.88
3.794
2.084
2.414
3.286
2.346
3.252
1.898
2.35
3.639
3.988
3.867
1.585
3.056
3.046
1.801
1.678
2.645
2.02
2.625
3.637
3.356
1.99
1.938
2.108
2.833
2.443
2.925
3.691
1.899
2.601
3.098
2.644
2.968
2.05
1.608
3.489
2.953
2.599
3.619
2.106
2.028
3.047
3.74
2.856
3.438
2.472
1.608
1.597
3.785
2.513
2.002
1.696
2.568
3.938
2.973
2.874
1.569
1.656
2.016
3.423
3.061
3.488
2.076
1.675
2.502
3.366
3.718
2.697
2.257
Error de lectura!!!
2.136
2.376
2.408
3.16
1.959
3.283
1.736
2.603
3.682
2.104
2.547
3.759
2.368
1.521
2.27
3.039
2.975
2.551
3.873
1.927
1.738
3.638
3.729
3.991
1.694
1.99
2.303
3.745
3.149
3.367
1.563
1.54
2.715
2.319
2.177
2.385
1.511
2.961
2.026
3.712
2.402
2.185
2.245
2.639
2.076
1.879
3.816
1.999
1.534
2.107
2.109
2.82
1.824
2.762
3.144
3.794
2.308
1.737
3.759
3.633
1.704
2.822
1.769
1.697
1.874
1.952
2.479
2.079
2.848
3.268
2.377
3.61
2.572
2.38
2.819
2.825
3.367
1.879
3.085
1.721
3.953
3.145
3.074
2.456
2.927
3.69
3.457
1.589
2.756
3.087
1.504
3.392
3.359
2.254
1.922
2.608
2.377
3.74
2.761
3.162
3.641
2.923
3.962
2.819
3.667
2.273
3.737
1.519
3.203
3.075
1.897
1.987
2.248
1.891
2.656
2.754
3.988
3.78
1.686
3.122
2.855
2.451
2.034
1.522
3.891
2.597
2.369
3.855
3.884
2.311
1.754
2.518
2.897
3.048
3.455
2.493
3.096
1.685
1.584
1.732
2.964
3.823
2.461
2.755
2.665
2.901
2.583
1.787
2.526
2.599
3.591
1.75
1.678
3.484
3.533
2.63
2.989
1.645
3.411
3.65
2.421
3.932
3.232
3.085
3.821
3.568
2.352
2.886
1.84
3.724
3.382
1.745
1.598
3.1
3.802
3.668
3.309
2.173
1.828
2.818
2.522
2.297
1.524
1.649
1.688
2.661
2.82
3.519
2.55
2.746
2.678
2.396
2.494
2.188
2.599
2.762
2.265
3.18
3.2
3.042
3.714
2.24
2.022
2.931
3.267
1.616
2.735
1.809
2.093
2.933
1.972
2.542
2.019
3.127
3.981
3.94
2.015
2.237
3.286
3.119
1.692
3.224
2.955
2.829
3.328
3.249
3.555
1.776
3.938
1.831
2.203
3.929
1.944
2.212
3.014
3.86
2.545
3.655
2.692
3.335
1.546
3.893
2.162
2.003
1.796
2.061
2.623
3.387
2.623
2.824
2.808
2.92
2.019
3.777
1.92
1.763
3.935
1.867
2.708
3.987
3.465
1.678
2.797
2.876
2.676
2.289
3.527
2.64
3.313
3.726
3.479
3.991
3.717
3.071
3.056
2.172
1.592
3.198
3.381
2.758
2.869
2.91
3.291
2.534
2.282
1.722
2.603
3.116
2.975
2.846
2.856
1.972
3.607
2.437
2.852
3.085
1.7
2.601
3.474
3.826
3.202
3.943
2.529
3.273
3.668
2.441
3.188
1.778
2.998
3.603
3.482
3.804
2.184
1.711
2.806
1.582
3.986
2.702
3.551
1.553
1.715
2.048
1.65
1.607
3.3
2.918
3.322
3.594
3.662
1.811
3.715
3.039
1.615
2.285
2.474
1.934
2.586
2.27
1.973
3.745
2.763
2.308
2.145
3.129
1.608
2.429
1.867
2.038
2.075
3.158
2.166
2.066
3.007
1.627
2.594
2.591
3.306
3.164
2.905
2.933
2.749
3.523
3.618
2.045
2.449
2.174
2.325
2.383
2.216
2.729
1.758
2.911
3.065
2.982
3.126
3.454
3.163
1.774
2.163
3.269
2.127
2.781
3.258
3.782
2.294
2.096
1.566
2.077
3.617
2.852
2.556
3.011
3.105
3.669
3.482
2.67
1.639
2.441
2.489
1.65
2.691
1.732
3.986
3.551
2.206
2.385
3.926
1.839
2.582
2.582
3.072
3.28
1.701
2.423
3.477
2.642
3.06
3.113
3.169
2.225
3.093
2.066
2.542
3.583
2.722
2.89
1.593
1.719
3.628
1.865
3.017
2.985
3.254
3.013
1.511
2.915
1.816
2.202
3.194
3.759
2.851
1.592
2.311
3.535
3.175
2.352
3.22
3.519
3.453
1.944
1.949
3.79
3.333
3.01
2.916
3.867
3.01
3.32
1.988
3.223
2.252
1.913
3.865
3.481
1.811
3.281
2.978
3.722
2.012
3.295
3.312
3.99
3.72
3.361
2.404
3.322
2.802
3.646
2.736
2.767
2.997
2.855
1.537
1.621
1.857
3.292
2.104
2.27
1.802
3.561
1.807
3.345
3.695
1.876
2.731
2.801
3.83
2.759
3.45
2.678
2.533
2.231
2.319
2.582
3.765
3.954
3.098
2.655
3.11
1.93
3.117
2.747
2.276
3.751
1.705
3.291
2.245
2.587
3.079
2.704
2.37
3.942
3.069
1.852
2.86
2.708
3.499
2.387
3.976
3.37
3.581
2.603
2.362
2.575
2.763
3.932
2.252
1.775
3.735
3.269
1.862
2.954
3.061
1.923
2.349
2.521
1.921
1.863
2.771
3.066
2.215
3.099
2.193
2.25
3.411
1.58
2.755
2.417
2.462
2.219
3.333
2.43
1.67
2.527
2.886
2.349
2.235
2.93
3.194
2.323
2.874
3.685
3.926
3.13
3.062
2.437
2.077
3.888
1.803
2.406
2.448
1.685
2.84
2.448
2.638
1.505
2.398
1.977
3.139
2.094
2.558
2.398
1.722
3.188
2.759
1.534
3.081
3.565
2.362
3.596
2.699
3.083
2.617
2.972
2.38
2.198
2.398
2.37
3.714
1.66
1.956
3.851
1.835
1.793
1.933
3.754
1.528
1.716
1.642
2.016
1.772
2.778
3.006
3.53
2.284
3.279
2.367
2.984
1.565
1.527
2.988
3.133
3.982
1.952
3.616
3.637
3.957
2.313
3.053
1.94
2.051
3.262
1.816
2.088
3.523
2.248
1.901
3.89
3.883
2.734
2.025
1.635
3.009
2.154
2.222
2.014
2.279
2.719
2.431
3.106
3.387
2.409
2.41
2.217
1.608
3.423
3.488
2.78
3.207
2.387
3.398
3.393
2.986
3.954
1.613
3.515
1.704
3.203
2.434
3.222
3.677
2.285
3.584
1.649
2.38
3.381
1.802
2.863
2.231
2.837
3.071
2.87
3.29
2.18
1.627
3.862
1.66
2.122
2.029
1.812
3.603
3.617
2.324
2.423
1.577
3.242
2.273
2.675
2.007
3.977
2.371
3.538
1.862
1.647
2.51
3.527
2.404
2.437
3.852
1.789
3.958
2.109
3.028
3.046
2.629
3.575
2.586
2.769
2.683
3.062
3.025
3.09
2.439
1.784
3.152
2.238
3.879
3.535
3.301
3.384
3.21
2.239
3.393
1.708
2.423
1.973
2.741
1.598
2.476
3.616
2.295
3.255
3.326
3.18
3.508
2.826
3.829
3.676
2.21
2.2
2.69
3.385
1.57
1.599
1.625
2.651
3.88
2.676
2.5
3.213
3.45
2.888
3.971
1.903
3.01
1.655
3.27
3.894
3.27
2.872
3.376
1.856
3.779
2.241
2.029
3.883
2.102
2.663
3.027
1.955
2.438
2.211
3.298
1.76
3.371
3.993
3.924
3.83
2.874
3.293
1.667
2.835
3.772
2.239
3.703
1.888
3.461
1.856
1.598
2.038
2.249
1.541
3.893
2.197
3.128
2.303
3.323
3.467
2.25
2.682
3.463
1.612
1.835
2.087
1.927
1.706
3.78
3.882
1.518
2.401
3.941
2.222
1.919
3.339
2.956
3.815
1.975
3.112
1.929
1.513
1.906
2.635
2.704
2.814
1.634
2.109
3.401
2.92
1.7
3.268
2.936
2.644
1.743
3.272
2.56
2.734
3.983
2.706
1.995
2.748
3.384
1.683
3.283
2.689
1.874
2.159
3.788
2.361
2.039
2.008
2.418
3.362
2.999
2.402
3.606
3.696
2.297
3.202
1.754
2.077
3.554
2.932
2.102
2.698
3.283
2.029
3.258
3.524
2.613
1.805
1.507
3.868
1.803
2.471
3.187
2.392
3.389
3.213
3.249
3.335
1.68
3.671
1.683
1.511
1.526
2.684
3.778
1.526
2.272
1.808
1.926
3.686
1.675
2.748
2.653
2.388
2.64
3.509
3.036
3.737
3.918
2.504
3.313
2.739
3.319
2.321
2.029
1.607
3.513
2.276
3.957
3.209
1.522
1.809
2.239
3.483
2.01
3.206
3.179
2.702
1.522
2.702
2.594
3.5
2.954
3.56
3.569
1.864
3.114
2.765
1.606
2.051
3.819
1.845
1.816
3.068
3.817
1.699
3.824
2.946
2.534
3.214
1.502
2.256
1.53
1.733
3.166
2.71
2.097
2.674
1.622
1.882
2.592
3.55
2.925
1.842
2.815
1.793
2.594
2.078
3.337
1.975
2.138
3.266
3.395
2.494
3.929
3.628
1.639
2.495
3.208
3.635
1.791
2.704
2.028
2.657
1.629
2.748
2.112
2.306
3.57
3.445
2.301
3.244
3.998
2.942
2.273
3.203
3.884
2.414
1.623
3.511
3.333
1.856
2.65
3.678
3.39
3.016
3.024
3.249
3.188
2.063
2.475
3.97
1.645
1.52
2.978
3.735
2.722
1.96
1.863
2.235
2.639
2.464
1.765
3.855
3.243
2.176
3.493
2.746
2.201
2.929
2.727
2.778
3.512
3.303
3.409
1.88
3.675
3.852
1.824
3.832
3.94
1.82
3.089
3.845
2.424
1.873
3.814
3.013
2.651
2.488
2.514
2.007
3.384
2.968
2.529
1.96
3.291
2.566
2.513
2.813
3.887
1.64
3.51
2.152
2.245
2.406
1.56
1.556
2.732
2.559
2.449
2.267
3.398
2.893
2.375
3.339
3.483
1.625
3.034
3.548
3.758
3.119
2.124
1.929
3.927
2.215
2.854
3.732
3.101
2.379
3.588
3.178
2.324
3.128
1.931
1.823
1.971
1.873
3.632
2.589
3.903
3.345
1.517
1.589
1.572
1.988
2.98
2.618
3.028
3.937
3.188
2.404
2.257
3.352
2.272
1.847
3.912
2.183
2.008
2.223
2.968
2.762
3.309
3.33
2.241
3.316
2.619
2.581
1.5
3.102
2.994
1.772
2.749
3.883
1.575
2.202
1.766
2.67
2.169
3.121
2.123
1.691
2.092
3.678
1.758
3.464
2.693
3.516
1.886
1.543
1.887
2.418
2.914
2.754
3.833
2.711
3.031
2.854
2.708
1.617
1.813
3.684
2.945
2.558
3.716
2.334
2.21
2.349
3.343
3.929
3.242
2.848
3.758
1.56
2.939
3.69
2.868
1.697
2.207
2.908
3.024
1.909
4.0
2.819
3.651
3.437
3.798
3.014
2.521
3.802
2.788
2.788
2.386
2.315
2.35
2.953
3.637
1.84
1.778
2.289
2.964
2.307
2.1
2.683
3.61
2.202
2.608
1.836
2.399
2.485
3.316
3.905
1.87
3.234
2.88
2.173
2.957
2.991
3.092
2.277
2.773
2.532
3.712
1.949
2.498
3.922
2.253
2.618
3.049
3.566
2.834
2.004
2.447
1.554
3.234
2.982
3.862
2.398
3.606
3.386
2.759
1.622
3.989
3.917
3.97
1.891
1.638
3.27
2.499
3.759
1.833
1.718
1.599
1.945
3.279
3.046
2.946
3.202
3.886
1.951
3.919
2.6
1.977
2.678
3.594
2.983
3.918
3.149
1.802
3.281
1.904
3.076
2.811
1.716
3.478
3.33
3.459
2.06
2.085
3.341
1.69
3.898
1.748
2.478
3.64
2.938
3.645
3.53
3.494
2.469
1.642
3.562
3.547
3.061
2.187
1.609
2.942
2.814
2.274
3.309
1.6
3.068
2.224
2.466
2.755
2.893
3.916
2.041
2.052
2.616
2.692
2.996
1.997
3.583
3.724
2.643
2.548
2.454
2.64
2.654
1.573
2.02
3.866
3.361
3.737
3.437
1.845
1.994
1.553
1.998
3.398
2.49
2.154
2.06
1.743
1.769
1.804
1.975
2.072
3.884
3.274
1.617
3.709
2.341
3.974
2.217
2.393
3.751
3.899
2.968
3.318
1.6
3.125
2.975
1.798
3.551
1.648
2.238
2.301
2.607
3.549
2.165
3.736
3.061
3.088
3.836
1.519
3.032
3.774
1.588
3.649
2.205
1.732
3.266
2.482
1.607
3.679
1.95
1.804
1.549
2.765
2.326
1.727
3.974
2.768
3.674
2.636
3.149
3.597
1.979
2.994
1.858
3.831
2.949
2.138
3.265
2.484
3.735
3.953
3.181
3.619
2.482
2.736
3.551
2.645
2.011
3.539
3.795
3.506
3.894
3.036
2.896
1.722
2.411
1.835
3.329
2.613
3.544
2.737
3.71
2.284
2.053
1.615
3.26
3.547
1.788
2.741
1.786
3.39
3.451
3.263
2.863
3.628
3.772
2.553
3.006
2.331
1.838
3.689
3.954
3.929
3.779
3.441
2.803
2.013
2.0
3.972
3.441
1.878
2.359
2.953
2.848
3.853
2.771
1.722
1.778
2.656
3.55
3.788
3.234
2.027
2.725
1.585
2.064
3.988
3.173
3.752
3.131
3.199
1.723
1.706
3.798
1.866
3.975
1.719
3.984
1.989
2.416
3.87
3.899
3.15
1.801
2.785
1.821
2.541
3.584
2.913
2.418
2.06
3.368
3.002
2.346
3.332
3.252
2.905
1.601
2.19
2.066
3.931
3.749
2.09
1.957
1.799
1.752
3.275
3.699
1.634
3.956
1.91
3.047
3.975
2.236
2.686
2.711
2.272
3.051
1.864
2.178
3.445
2.15
3.317
3.134
1.535
3.535
1.812
3.918
3.754
2.925
3.149
1.604
2.63
1.627
2.107
3.626
2.634
2.034
3.927
2.39
3.659
2.994
1.77
3.037
2.353
2.013
2.088
3.429
2.301
3.585
1.579
3.549
3.609
2.22
2.241
1.72
3.965
3.457
3.964
2.351
2.328
1.986
2.082
1.609
2.155
2.553
2.754
2.496
2.203
3.254
3.689
2.137
3.361
3.587
1.756
1.644
2.316
2.932
2.425
1.651
3.471
3.679
3.474
1.627
2.321
2.438
1.992
1.544
2.38
3.989
2.614
3.361
1.561
1.665
2.989
2.589
3.439
2.966
1.816
2.574
1.724
1.52
2.974
3.025
3.334
1.759
3.14
2.532
3.238
1.858
2.558
2.353
3.07
2.907
1.992
3.633
3.143
1.869
3.212
2.613
2.989
3.234
3.741
1.956
3.652
2.994
2.36
3.212
2.701
2.938
2.549
1.636
2.942
3.325
3.227
2.669
2.873
1.719
3.939
2.339
2.356
3.792
1.962
2.883
3.488
2.958
3.215
2.218
2.234
3.175
2.144
3.135
2.154
1.93
3.838
2.227
2.08
2.269
3.085
3.195
2.904
2.622
1.76
3.801
3.928
2.461
3.215
2.702
3.552
3.79
3.15
2.314
3.787
3.881
1.957
1.663
3.818
3.536
1.602
1.7
2.276
1.708
2.346
3.696
3.117
3.646
1.737
3.181
2.935
1.994
2.583
2.127
3.369
2.856
2.514
2.794
1.865
2.256
2.513
2.526
2.866
2.709
1.701
2.269
1.801
1.798
3.529
2.984
2.561
3.488
1.573
3.113
1.55
3.066
3.544
2.02
3.951
2.843
2.531
2.99
2.236
2.461
3.636
2.479
2.879
2.927
3.218
1.609
3.253
2.514
3.687
3.933
3.711
1.792
3.979
3.884
2.747
3.109
1.613
1.805
2.154
2.262
1.637
3.133
2.577
3.742
2.376
3.642
3.855
1.805
3.04
1.981
1.693
2.57
3.848
1.944
3.551
3.391
2.551
2.019
2.653
1.84
2.253
3.878
2.727
3.658
3.516
2.654
1.624
3.676
3.284
2.52
2.412
3.564
1.559
3.894
2.831
2.703
2.904
1.531
1.857
3.603
1.79
1.572
3.908
3.866
3.241
2.449
2.956
3.414
2.197
2.318
3.54
3.573
1.582
2.986
3.222
2.27
2.958
2.452
3.676
3.466
3.519
3.696
3.277
3.229
2.71
2.264
3.02
2.438
2.921
1.809
2.416
3.44
3.637
2.736
1.904
1.963
3.031
3.524
2.645
1.938
1.715
2.298
2.178
1.534
2.902
1.878
3.914
1.762
3.592
3.463
2.77
2.236
3.812
1.534
1.636
2.927
3.97
2.34
1.746
1.899
3.255
1.616
2.725
2.625
3.031
2.19
1.568
2.677
3.23
2.705
3.745
3.226
2.575
2.702
3.722
3.678
3.957
3.354
3.998
3.945
1.645
3.653
3.968
3.678
1.548
2.101
3.511
1.855
2.252
1.956
3.982
3.75
2.967
2.567
3.384
2.039
2.35
3.008
2.519
1.986
3.931
3.926
2.374
2.756
3.772
2.408
3.226
2.566
2.917
2.262
2.654
2.34
3.804
2.053
1.706
2.468
2.362
3.96
3.105
1.961
3.189
2.54
1.611
2.843
2.565
1.891
3.778
2.095
1.763
2.886
1.796
3.714
3.592
3.497
2.664
3.024
2.765
3.968
3.053
3.094
3.981
3.401
3.029
2.68
2.463
2.688
2.132
3.325
3.494
1.724
2.839
2.291
1.943
3.396
2.537
2.231
1.846
3.637
2.258
3.979
3.63
2.658
2.667
3.224
3.596
3.553
3.072
3.946
1.509
3.401
1.636
1.915
1.632
3.573
2.523
3.57
2.832
2.97
3.671
1.906
3.714
3.724
2.631
1.623
2.878
2.432
3.951
2.658
2.34
2.733
1.705
2.829
3.329
2.85
2.872
2.717
3.696
1.731
2.155
3.755
1.578
3.66
3.476
1.829
3.462
3.756
2.335
2.515
3.508
2.41
2.155
3.433
1.984
3.692
2.545
1.836
2.154
3.494
2.981
2.404
2.417
3.841
3.455
3.718
3.32
3.167
1.802
3.753
3.809
3.789
3.756
3.2
2.333
2.47
3.6
3.235
2.418
3.472
2.403
2.913
1.743
1.95
3.748
2.404
3.879
3.864
2.84
3.663
1.688
3.611
2.589
1.613
3.77
1.521
3.702
3.495
2.6
3.897
3.038
2.721
2.481
2.409
2.637
3.935
2.593
2.161
1.501
2.562
2.82
1.596
2.624
3.412
1.928
1.828
3.647
3.744
3.674
3.362
2.463
1.81
2.911
1.622
2.872
2.715
2.306
2.156
1.532
3.725
1.782
3.283
1.969
1.552
3.487
3.602
3.846
2.829
1.989
2.021
2.475
3.586
2.037
3.11
1.512
1.942
3.59
2.89
3.078
1.693
3.66
3.152
1.831
3.568
2.289
2.055
3.452
1.574
1.605
3.558
1.602
2.717
3.548
2.605
3.292
2.559
1.944
2.99
2.586
2.659
1.67
2.052
2.031
2.301
3.476
3.004
3.512
2.657
3.675
3.961
3.199
1.68
2.637
3.572
2.054
1.796
2.425
2.033
2.298
3.556
1.822
3.175
1.914
2.456
3.188
1.649
1.669
2.226
1.536
2.84
2.484
2.048
3.484
3.227
3.072
1.742
1.758
2.221
3.734
3.606
1.716
3.694
3.172
3.888
3.927
1.884
1.537
3.68
3.272
2.506
2.554
2.762
3.543
3.508
1.567
3.442
3.375
1.608
3.768
2.083
3.028
1.576
2.52
2.815
3.597
2.118
2.229
3.135
2.919
3.416
3.978
3.775
2.667
1.532
3.087
3.711
3.816
3.503
2.606
3.024
2.386
3.741
2.829
2.234
1.588
1.88
2.867
3.105
3.154
1.89
1.813
3.713
1.631
2.291
3.489
1.846
3.764
2.675
2.531
2.372
3.585
1.571
1.603
3.25
2.732
1.68
3.221
3.907
3.197
2.894
2.888
2.56
2.456
1.943
3.944
2.711
1.55
2.085
3.198
2.1
3.488
3.557
1.699
2.307
1.834
1.954
3.381
3.793
2.217
3.324
2.317
3.64
3.996
1.578
3.552
2.44
2.784
2.502
2.25
2.664
2.554
3.343
3.321
2.002
3.518
2.529
2.152
1.843
1.7
2.274
3.03
3.616
2.384
1.679
3.638
2.007
1.806
1.888
3.404
3.214
3.652
3.032
1.603
2.667
3.979
2.877
2.73
2.186
3.396
3.403
2.991
3.229
2.211
3.955
3.751
2.121
1.765
2.509
3.106
1.759
3.214
1.903
2.892
3.674
1.589
3.368
2.245
1.717
1.789
3.879
1.995
1.505
3.679
3.319
3.582
3.441
3.296
2.145
3.275
3.756
3.039
2.458
2.872
1.964
1.73
3.632
3.472
1.806
1.777
2.018
1.866
3.286
2.929
3.193
3.672
3.94
2.587
2.999
1.58
2.863
1.699
2.129
1.807
3.891
2.614
1.804
1.564
3.318
3.077
3.822
1.524
2.769
3.24
1.777
3.682
2.219
1.502
1.766
3.241
2.741
2.373
2.657
2.198
3.263
3.353
3.46
1.83
3.183
3.251
3.496
1.713
2.301
1.611
2.363
3.753
3.804
2.321
3.6
3.914
2.66
1.935
1.978
1.745
2.118
2.186
1.981
2.791
1.936
3.002
3.426
1.871
2.701
3.346
3.488
1.614
3.902
3.839
2.807
2.583
3.118
2.142
3.939
3.803
1.745
3.17
3.994
2.105
3.119
3.184
1.726
3.109
3.265
1.603
1.614
2.566
2.669
2.139
2.586
2.904
2.672
3.603
3.938
3.751
2.133
3.487
1.899
3.208
3.411
3.116
3.661
3.997
3.795
2.653
2.253
2.694
1.502
2.27
3.727
3.949
3.719
2.148
3.002
3.577
1.837
3.205
2.346
1.965
2.634
2.929
1.649
3.932
2.639
3.95
1.715
2.018
3.561
3.995
3.113
2.167
3.163
1.506
3.618
1.719
2.247
3.368
1.965
1.97
3.273
2.893
3.553
3.138
1.738
3.103
1.752
2.084
1.938
1.879
1.64
3.394
3.854
1.674
3.817
2.707
2.419
2.594
3.196
2.819
2.84
2.387
1.502
2.532
3.615
2.285
3.81
2.864
1.692
2.15
1.947
1.922
3.632
2.867
3.762
1.602
3.355
3.172
3.938
2.528
3.404
1.584
3.806
2.179
2.438
1.728
2.091
2.688
1.691
1.697
3.652
3.556
1.914
2.656
3.083
3.474
3.578
1.921
1.796
3.139
2.192
3.05
2.588
2.14
3.183
1.635
3.796
2.011
1.643
1.695
3.187
2.311
3.748
3.143
2.338
2.142
3.607
2.493
3.38
3.279
2.256
3.609
3.184
2.915
2.267
3.585
1.528
3.491
2.353
3.388
3.718
2.7
2.613
3.459
2.059
3.599
2.627
2.193
1.571
1.882
1.649
1.689
3.647
2.863
3.919
1.818
2.953
3.655
2.271
1.771
2.225
3.437
2.711
2.346
2.965
2.833
1.934
1.924
3.415
3.836
1.683
1.579
2.093
1.736
3.174
3.839
2.534
2.365
3.613
3.666
2.458
3.561
2.584
2.765
3.103
3.139
1.762
2.24
3.283
2.25
3.451
2.611
3.509
3.673
2.785
3.425
1.594
2.066
2.829
2.437
3.871
2.83
2.605
3.565
1.845
2.912
3.177
2.004
2.788
2.777
3.926
2.589
3.961
2.992
1.538
2.059
2.937
2.052
2.342
2.454
3.312
3.58
2.167
3.938
3.673
2.94
3.244
2.052
3.248
1.915
3.56
3.922
3.55
3.679
2.877
3.578
2.426
2.447
3.643
1.7
2.325
1.784
3.982
3.876
2.588
2.135
2.669
1.632
1.892
2.371
3.994
1.541
3.183
3.96
2.243
2.579
2.952
3.768
3.565
2.053
3.497
3.276
3.493
2.409
2.156
3.403
2.481
3.662
3.033
2.682
3.79
2.583
3.968
2.972
3.972
3.377
3.414
2.315
3.603
2.823
3.669
3.666
1.562
1.759
2.247
1.854
2.787
2.826
2.764
2.789
3.272
2.943
3.817
3.494
2.196
1.657
1.776
3.156
1.986
2.938
2.435
2.529
3.608
3.375
2.809
3.192
3.934
2.088
3.776
1.75
1.8
3.651
3.864
3.349
3.047
3.748
1.785
3.312
2.006
2.174
2.557
2.1
3.716
1.71
1.83
3.964
3.223
1.732
3.102
1.982
3.437
2.222
3.306
3.636
2.187
2.351
2.74
2.174
3.504
3.184
1.686
3.734
2.762
2.275
1.56
3.249
1.542
2.979
3.45
1.961
2.853
3.373
3.078
3.195
2.204
3.633
3.446
2.733
2.887
2.439
2.946
Error de lectura!!!
2.374
1.51
2.632
1.722
2.605
1.982
2.462
3.972
3.548
3.126
2.448
2.687
2.67
2.59
2.145
1.857
3.89
3.119
1.641
2.885
3.028
3.893
2.239
3.48
1.69
3.905
3.573
3.677
3.331
2.159
3.511
3.483
2.543
1.658
3.636
3.241
2.749
3.626
3.54
3.382
2.646
3.78
2.289
2.122
2.672
3.394
3.505
3.768
1.827
3.891
1.88
2.951
1.878
3.381
3.609
2.705
2.305
3.905
3.623
3.058
3.06
2.41
3.664
2.2
3.016
3.649
2.163
3.876
2.227
3.267
3.555
1.891
1.813
1.99
2.57
2.623
2.45
2.849
2.525
3.2
2.303
3.082
2.945
3.051
1.979
3.733
3.015
2.165
2.969
1.771
1.576
1.635
1.652
2.866
3.539
2.231
2.968
1.91
2.918
3.189
2.128
3.086
3.271
3.582
1.9
3.144
1.583
3.731
2.051
3.383
2.168
3.344
1.583
2.486
3.12
3.53
2.447
1.858
1.63
1.525
3.007
3.738
3.362
2.531
2.286
1.731
2.347
3.401
1.505
2.079
3.237
1.655
3.7
2.817
2.046
3.701
1.851
2.465
3.447
1.78
2.421
3.66
3.842
2.821
2.9
3.119
1.62
1.631
1.674
2.551
2.333
2.109
3.003
3.672
2.258
3.438
2.568
3.478
2.143
3.075
2.203
1.538
2.029
2.806
2.523
2.758
3.388
1.845
3.237
3.132
3.841
2.157
3.555
3.251
2.392
2.569
3.356
1.546
3.362
3.859
3.108
3.24
2.368
2.772
1.903
1.927
1.559
2.307
3.872
2.873
2.897
2.561
2.744
1.549
3.341
1.579
2.551
2.628
1.693
2.734
2.689
1.951
1.681
1.84
1.582
3.517
3.232
2.51
1.773
3.336
3.822
2.198
2.535
2.644
2.556
3.382
3.563
2.332
1.926
2.654
3.861
2.8
2.894
2.638
2.441
1.799
2.008
2.581
1.904
3.709
3.608
1.791
1.506
2.408
3.433
2.627
2.136
1.5
0.308
1.967
3.608
2.256
3.007
2.015
2.886
3.772
3.824
3.075
2.216
3.476
1.946
2.981
2.323
2.019
3.389
3.741
1.658
3.367
2.335
3.709
2.101
2.046
3.537
3.851
3.547
3.63
3.377
3.744
2.126
3.775
2.207
2.883
2.146
3.683
1.56
2.995
3.037
3.114
2.716
2.846
2.006
2.878
2.599
2.231
1.914
2.851
2.905
3.496
1.952
1.872
2.019
3.354
2.397
2.165
2.218
3.731
2.035
2.925
3.723
3.605
1.859
1.901
3.901
1.562
3.8
2.682
2.501
3.06
1.589
2.944
2.962
2.58
2.753
1.629
2.08
1.683
3.693
1.629
3.244
1.693
2.286
2.841
2.77
2.987
3.458
3.619
2.452
1.896
2.424
3.744
2.133
1.767
3.947
3.473
1.614
1.824
3.712
3.216
3.768
3.396
2.092
2.351
3.015
3.107
3.055
3.704
3.05
3.441
2.299
3.272
3.023
1.923
3.208
3.553
2.121
2.108
3.919
2.481
2.563
3.423
3.008
3.784
2.11
2.03
3.378
3.235
2.355
2.898
2.843
3.028
3.476
2.827
2.921
1.978
2.082
1.702
2.437
2.744
3.953
3.701
3.003
1.581
2.308
3.702
3.912
2.03
3.316
2.89
3.462
2.932
1.671
1.599
2.102
3.554
1.895
3.304
2.359
3.721
1.901
3.326
2.939
2.846
1.691
3.042
3.807
3.766
2.481
2.295
2.25
2.135
2.244
2.291
3.16
3.022
3.378
2.982
3.176
3.814
3.03
1.794
1.804
2.696
2.148
3.939
1.889
3.832
3.549
3.54
2.303
2.3
1.897
3.0
2.104
2.138
3.538
3.663
2.789
3.472
1.534
3.03
1.545
1.798
3.225
3.907
3.054
2.215
3.569
3.23
2.403
3.903
2.233
3.404
1.623
3.138
3.177
2.212
1.789
1.94
2.545
2.939
2.838
3.518
3.007
1.811
2.167
2.276
2.108
1.832
3.584
3.769
3.605
2.196
2.435
2.575
2.417
2.976
3.292
2.534
1.874
1.878
3.908
3.211
3.993
2.843
1.643
3.75
1.927
2.418
3.471
3.191
3.991
3.513
1.583
3.153
2.374
3.231
2.747
3.955
2.794
2.665
2.427
2.899
3.799
2.606
2.774
2.187
2.203
2.893
1.824
1.955
1.89
3.058
3.003
2.207
3.29
2.725
3.665
2.914
1.616
2.451
2.017
3.517
2.573
3.459
3.489
3.719
3.499
1.989
1.666
3.933
3.354
2.458
2.117
3.082
1.579
2.034
3.127
1.583
3.318
1.506
1.817
2.53
3.984
1.65
2.982
2.334
1.926
2.073
1.567
3.444
1.731
1.882
2.96
1.666
2.905
3.393
2.324
2.465
3.267
2.184
2.806
1.539
2.276
2.41
3.444
2.847
1.946
2.944
3.186
2.469
2.838
3.52
1.556
3.495
3.767
1.645
1.767
3.168
3.065
1.969
3.084
3.182
2.995
3.167
2.258
2.342
3.908
2.404
1.91
2.678
3.871
1.842
3.451
1.741
2.675
3.167
2.765
2.321
1.738
1.544
3.66
3.936
1.872
3.172
2.233
3.989
2.613
3.717
2.662
1.924
3.846
1.753
1.697
3.914
3.258
3.604
3.436
2.283
2.961
3.921
2.016
2.908
3.332
1.748
3.398
3.421
2.529
3.046
3.152
2.577
2.386
3.836
2.627
2.717
3.049
3.349
2.116
1.626
2.609
2.383
2.699
2.658
3.721
2.814
3.29
1.924
1.504
3.83
2.139
1.696
2.045
3.269
1.685
3.95
1.953
2.932
3.447
3.686
2.228
3.372
2.095
2.088
3.307
2.865
1.598
3.895
1.724
3.979
3.595
3.868
2.01
2.099
2.487
3.808
1.577
2.315
3.639
1.543
1.904
2.735
3.429
3.825
2.345
3.93
2.452
2.554
2.311
2.735
3.552
2.476
2.285
1.712
2.491
1.891
1.719
2.645
3.983
2.186
3.128
3.698
3.62
1.891
3.67
2.148
2.41
2.535
2.423
3.849
2.927
1.686
2.054
3.853
3.538
3.9
1.71
3.043
2.361
3.571
1.712
3.918
3.432
3.747
3.031
2.158
3.472
2.224
1.9
2.87
2.722
2.469
2.943
2.412
3.769
1.63
1.624
3.85
3.672
2.271
1.524
2.926
3.946
2.812
3.77
3.092
3.774
2.116
2.728
2.914
3.09
2.637
2.961
3.18
3.402
1.748
2.401
1.54
3.015
3.662
3.905
2.219
2.538
2.598
3.388
1.574
3.273
2.697
2.585
3.05
3.457
2.597
3.012
2.89
3.885
3.624
3.663
2.207
1.835
3.106
2.775
2.416
3.738
3.698
2.554
2.971
3.863
2.766
2.262
1.684
2.894
2.401
2.004
3.457
1.51
2.64
2.244
2.866
2.767
3.534
2.405
3.343
1.891
3.908
2.155
3.676
3.96
2.984
2.859
2.571
3.683
3.132
2.201
3.09
3.653
2.599
1.712
1.663
2.694
3.744
2.076
2.172
3.133
2.193
2.61
2.398
2.138
2.507
2.174
1.886
3.557
3.57
2.908
3.162
3.357
3.427
2.888
3.775
1.797
2.342
2.489
1.619
1.79
1.924
1.592
1.586
2.316
1.793
1.587
2.525
2.959
1.904
2.993
3.527
3.794
2.363
2.443
2.168
3.263
3.701
3.378
1.827
1.509
2.302
2.493
1.552
2.475
2.972
1.713
3.884
2.062
1.599
3.605
2.68
1.573
2.602
1.797
1.793
2.247
1.709
3.85
2.401
3.349
3.356
2.154
3.95
3.241
2.625
2.876
3.277
2.318
3.04
3.861
2.611
2.093
1.821
3.025
1.544
1.524
2.327
2.288
2.293
3.023
1.865
3.466
3.983
2.456
3.895
3.079
3.035
2.481
2.14
1.821
3.224
2.114
1.686
2.815
2.598
3.453
1.87
2.647
2.409
2.956
2.972
1.835
2.023
2.41
3.066
2.036
1.719
3.254
2.787
3.146
1.891
3.808
1.991
2.147
2.31
2.829
1.972
3.322
3.758
2.101
1.755
2.948
2.344
2.489
2.306
3.151
3.056
1.663
1.59
2.923
3.719
2.009
2.666
2.092
2.659
3.105
1.543
3.311
2.663
3.548
1.993
3.098
2.009
3.867
2.301
2.907
3.127
3.216
1.993
3.009
2.953
1.59
2.937
2.478
2.346
3.911
3.258
3.174
3.365
3.142
2.974
3.744
3.571
3.318
1.504
3.923
2.026
3.172
3.848
2.373
3.45
3.374
3.424
1.998
3.749
2.525
1.684
2.278
1.604
3.276
2.517
2.504
2.825
2.61
3.852
3.484
1.695
3.594
2.937
1.523
1.969
3.466
2.689
1.84
3.142
2.815
2.54
2.02
2.968
2.635
1.521
3.534
2.221
1.968
3.567
3.722
2.144
3.977
2.976
2.884
2.577
2.825
2.986
1.882
2.877
3.082
1.824
3.091
2.27
3.562
3.38
2.06
3.367
3.828
2.891
3.054
2.17
3.408
1.932
3.247
2.434
2.385
3.431
3.347
2.112
1.599
3.275
1.62
3.427
3.239
2.241
3.548
1.855
3.438
2.079
3.169
3.267
3.591
2.089
2.381
2.713
2.617
2.697
3.688
3.126
3.655
3.992
1.745
2.368
1.582
1.6
1.653
2.948
2.721
2.963
1.895
1.821
2.207
3.485
3.039
3.826
2.509
3.319
2.513
2.983
1.909
2.472
3.536
1.811
2.056
2.476
2.332
2.847
2.093
3.911
3.591
3.549
3.659
2.24
2.691
3.876
2.506
2.169
3.005
3.036
2.346
2.679
1.652
2.9
1.693
3.559
2.419
2.359
2.139
2.876
2.385
3.045
1.552
3.604
3.527
3.61
1.569
2.518
3.879
3.003
3.786
2.378
3.063
1.818
3.213
2.105
3.031
1.867
3.06
3.308
3.051
2.579
2.222
3.832
3.407
2.977
2.067
3.559
3.152
2.717
2.805
3.803
2.124
3.796
2.423
3.572
3.975
1.758
3.049
1.773
3.435
3.528
3.102
3.68
1.711
1.632
2.687
1.842
3.212
3.959
2.548
2.264
2.357
2.618
3.785
2.506
3.301
1.987
1.998
1.59
3.859
2.449
3.258
3.55
3.946
2.301
1.529
2.253
3.695
1.682
2.494
3.919
2.356
3.923
1.93
3.878
1.904
3.071
2.363
3.11
2.319
3.048
2.521
3.924
1.787
3.987
1.738
3.905
1.728
3.658
2.857
2.222
2.471
3.225
3.274
3.601
3.287
2.998
3.075
3.434
2.861
3.97
2.449
2.582
1.605
2.344
2.082
2.29
3.484
1.979
1.776
2.844
2.147
3.001
1.51
3.401
1.601
2.619
2.782
3.255
1.951
2.835
2.413
3.974
2.067
3.852
3.363
1.592
3.108
2.248
1.686
3.698
1.936
1.558
1.587
1.749
2.749
3.315
1.783
1.728
1.506
1.535
2.423
2.375
1.704
2.854
2.82
3.467
2.462
3.679
2.474
2.636
1.963
3.16
3.677
3.79
2.016
3.491
2.733
3.912
2.056
2.683
3.933
1.856
1.754
2.325
2.295
3.746
3.513
2.026
2.498
2.901
1.638
1.66
1.879
1.884
2.044
2.788
2.013
1.704
2.103
3.042
2.598
1.671
3.219
3.185
2.583
2.444
2.44
1.966
2.818
3.831
2.172
3.742
2.257
1.544
2.869
2.104
3.006
3.894
3.113
3.98
2.524
1.842
2.473
1.551
1.963
3.508
3.353
1.922
2.775
3.38
3.494
2.094
3.107
1.799
3.774
2.525
2.719
3.695
2.815
2.165
2.257
2.751
2.447
3.006
1.944
3.456
2.579
2.449
1.5
3.203
1.903
3.82
2.214
2.314
2.08
2.185
3.068
1.968
3.455
3.868
3.733
2.626
2.851
1.737
2.719
2.141
2.74
2.447
3.824
2.59
2.342
2.918
2.304
3.869
2.202
3.873
3.981
1.956
2.439
3.151
2.042
3.801
3.317
2.828
3.481
1.904
2.408
3.541
2.556
2.765
1.639
3.793
1.971
3.407
2.911
2.41
1.595
2.371
3.035
3.094
3.348
2.187
1.739
3.453
1.874
2.103
2.085
3.713
2.829
3.156
3.031
2.735
2.934
1.572
3.747
2.643
3.371
2.176
3.433
2.949
2.114
2.334
3.887
3.614
2.12
1.816
2.325
3.882
1.828
2.324
3.789
2.179
1.564
1.98
2.038
3.395
2.4
3.021
2.334
3.871
2.814
3.557
2.176
3.635
2.007
3.877
3.039
1.502
2.666
2.525
2.007
3.705
2.225
2.677
2.796
2.404
3.938
1.942
3.51
3.9
2.686
2.093
3.746
3.671
2.711
3.358
2.414
1.592
2.701
2.383
3.206
3.279
2.643
1.993
2.439
1.705
3.361
1.787
3.027
3.993
1.685
3.893
3.143
2.372
3.235
3.812
3.516
2.085
3.523
2.426
1.705
2.271
2.537
2.911
3.457
3.402
3.427
2.122
3.306
1.803
3.036
3.848
1.676
1.519
2.257
2.43
2.893
3.811
2.144
2.597
3.449
1.887
2.496
1.794
2.345
3.787
1.709
1.511
3.553
3.861
1.659
2.013
2.145
2.385
2.749
1.767
1.837
1.767
3.485
2.967
2.912
1.994
1.562
2.741
2.253
3.048
2.114
1.597
2.203
3.167
1.847
3.002
1.637
3.218
3.912
2.41
3.793
3.57
3.542
3.023
3.279
2.87
2.457
2.349
1.891
2.513
2.443
1.731
3.917
2.068
3.076
1.667
3.988
2.065
3.548
3.183
1.734
3.059
1.798
2.172
3.174
1.668
3.293
3.507
2.55
1.607
3.07
3.444
2.101
3.69
1.604
3.927
3.681
3.13
1.602
3.046
3.352
3.94
3.483
1.598
2.061
3.66
1.802
2.077
1.835
3.594
1.99
2.956
2.275
3.785
2.867
2.646
3.855
3.412
2.246
1.641
3.55
1.862
3.383
1.575
2.795
2.922
2.285
3.105
1.551
1.695
2.055
1.55
1.709
2.336
3.892
1.711
3.498
3.554
2.44
1.691
3.735
2.655
1.675
2.001
1.608
2.62
2.126
2.581
2.111
3.559
3.124
2.837
2.934
1.559
2.749
1.707
2.162
2.428
2.359
3.528
3.916
2.77
2.189
3.508
1.52
3.791
2.811
3.024
3.363
2.592
2.545
2.298
2.868
3.953
2.192
2.183
3.402
2.218
2.576
3.452
2.529
2.392
3.374
2.274
3.707
1.626
3.357
3.007
3.751
3.973
1.813
2.303
2.242
3.534
1.543
3.898
2.234
1.753
3.802
3.19
2.808
2.947
2.437
1.932
2.014
1.728
1.894
2.579
1.804
1.689
2.146
3.043
3.843
2.572
3.897
3.37
2.794
2.445
2.701
3.952
3.121
1.595
3.654
1.64
1.609
2.339
1.531
2.031
3.24
1.724
1.956
1.99
2.687
3.943
3.393
2.963
1.882
