2.12
2.709
1.887
2.007
1.561
2.258
1.976
1.853
2.394
3.747
3.014
1.529
2.257
1.546
2.829
2.322
2.478
2.746
2.4
1.915
2.57
3.566
1.629
2.416
3.708
3.49
1.538
2.108
3.202
2.961
2.41
2.439
2.691
3.838
1.817
3.024
3.621
3.222
3.695
1.514
3.812
2.872
2.662
3.697
2.054
1.708
1.978
2.856
3.587
1.875
3.012
3.298
2.061
2.045
2.935
1.863
3.15
2.918
2.697
2.665
3.497
2.27
2.294
2.006
2.139
1.599
2.691
2.972
2.716
3.628
3.18
2.315
2.199
2.519
1.808
2.758
1.984
2.456
3.25
1.593
3.944
2.239
3.684
3.907
3.673
3.874
2.543
2.938
1.715
3.648
1.506
3.345
3.624
1.705
3.169
2.73
2.079
3.743
3.188
1.94
3.688
3.177
3.889
3.52
3.18
3.836
1.964
3.347
3.278
2.07
2.044
2.608
3.126
1.609
2.609
2.785
2.646
3.508
2.639
2.656
2.823
2.187
3.46
1.57
3.547
3.901
2.211
2.295
3.931
1.71
3.517
3.383
3.453
3.761
1.605
2.089
2.193
3.477
1.803
1.543
2.653
2.352
3.445
3.837
1.695
1.886
1.999
3.868
3.017
2.42
3.959
2.569
2.914
1.849
1.608
3.775
3.074
3.074
1.954
1.563
2.76
3.151
2.868
2.852
3.272
3.104
2.167
3.676
3.462
1.905
3.225
2.189
3.482
1.756
3.262
1.939
1.732
3.342
3.452
3.615
3.393
3.844
3.182
2.964
1.977
3.783
1.721
1.976
2.729
2.305
3.403
2.831
2.739
1.524
3.998
2.524
2.59
3.073
2.1
3.846
3.824
1.821
2.941
1.728
3.721
2.965
2.334
2.072
2.498
1.848
2.067
3.214
2.935
3.845
2.169
2.623
3.937
2.992
3.973
2.035
1.641
3.196
2.39
2.508
3.523
2.563
3.999
2.093
3.319
2.302
1.988
1.996
1.768
2.976
1.997
3.492
2.509
3.832
2.672
3.172
3.846
3.684
3.52
2.777
2.302
3.773
2.642
2.701
3.453
1.979
1.743
1.645
2.803
1.822
3.555
2.298
2.175
3.027
3.547
2.105
3.67
2.437
2.026
2.886
2.935
2.064
1.672
3.824
2.931
2.411
2.013
3.21
2.496
4.0
3.587
1.677
2.624
2.327
2.683
1.826
1.717
2.679
2.252
1.554
2.828
3.115
2.471
2.93
3.731
3.972
2.463
2.591
1.741
2.634
3.868
3.954
3.449
2.897
2.679
3.39
2.658
3.876
2.139
2.788
1.979
3.008
1.933
2.56
2.404
1.644
1.544
2.998
3.018
3.981
3.835
3.539
2.877
2.103
3.368
2.401
1.956
2.431
3.006
2.258
3.167
3.267
1.939
3.421
2.099
2.275
1.824
2.643
1.582
3.212
2.69
2.687
3.032
2.218
2.75
2.466
3.405
2.348
3.28
3.465
1.739
2.942
3.085
3.592
2.387
2.478
2.616
2.024
3.592
2.745
2.96
2.298
3.523
2.761
1.814
2.328
3.109
3.978
2.826
2.057
3.952
3.777
1.843
1.659
1.855
1.551
3.044
2.203
3.117
3.114
2.282
2.693
3.739
3.823
2.226
1.816
3.923
1.505
2.757
3.456
2.512
3.151
2.93
3.09
2.816
3.662
2.872
3.716
3.972
1.706
3.075
3.695
3.393
3.821
2.569
2.38
3.969
1.699
2.215
2.12
3.38
2.088
1.832
3.68
3.541
1.688
3.236
3.774
1.539
3.006
3.75
3.545
3.75
1.578
3.457
2.785
1.519
3.225
2.272
3.941
3.012
2.523
2.527
2.401
2.738
3.978
3.578
1.708
3.835
2.4
2.398
3.562
1.886
1.783
2.304
2.143
3.316
3.706
2.038
2.613
3.448
3.782
1.616
2.28
3.739
3.969
1.633
3.71
2.084
2.445
3.235
3.974
1.98
3.088
1.643
2.147
3.098
3.502
2.565
2.041
2.697
2.214
2.204
3.007
2.253
2.42
2.557
1.554
3.305
3.913
1.822
1.644
1.9
3.448
2.222
3.373
1.783
2.112
1.749
1.88
2.245
3.681
3.815
2.926
2.008
1.801
3.552
2.02
1.903
3.154
2.607
3.663
3.318
2.275
2.242
1.904
2.947
2.304
3.069
1.84
1.642
3.373
2.233
2.142
3.587
1.681
1.876
1.599
3.827
2.814
2.998
2.37
3.903
2.482
2.165
2.769
3.089
2.608
3.334
1.832
2.491
2.686
3.775
2.537
2.894
2.4
3.917
1.713
2.487
3.28
3.567
3.142
2.924
3.76
3.131
2.223
1.972
3.471
3.163
2.503
2.647
3.233
2.12
3.616
1.634
3.582
3.248
3.666
3.023
1.654
3.853
1.83
3.715
1.544
1.783
3.908
3.026
3.736
3.459
2.062
1.874
3.874
1.844
3.756
2.854
3.705
3.574
1.705
3.473
3.6
2.407
3.166
2.672
3.409
3.113
1.626
3.227
3.176
1.924
1.727
1.583
3.338
2.196
2.047
3.689
1.64
2.711
3.747
3.443
3.88
2.095
3.765
1.819
3.46
2.773
3.798
1.688
3.64
2.084
3.776
3.797
3.652
2.122
1.943
3.28
2.712
1.763
1.51
2.713
2.766
2.895
3.052
2.488
3.054
3.762
1.527
3.793
3.678
3.837
3.201
2.211
2.789
2.282
3.972
3.069
2.804
3.622
3.281
2.84
1.754
3.097
3.799
1.839
2.622
3.446
1.97
2.741
3.879
2.114
2.486
2.032
3.656
2.65
1.752
2.588
3.731
3.055
2.093
3.145
3.829
1.845
2.992
3.602
3.486
3.704
2.949
1.565
3.014
1.896
3.878
3.493
2.119
3.183
2.748
3.78
3.176
3.933
2.995
3.131
2.882
2.971
2.785
2.625
3.969
3.71
2.74
3.894
1.881
2.518
3.526
2.538
2.964
3.727
3.58
3.38
2.274
3.722
2.882
3.5
3.693
2.051
2.845
3.185
3.328
2.362
1.911
3.007
3.944
3.991
3.307
3.937
1.609
2.953
3.586
2.579
3.006
3.026
2.541
3.682
2.927
1.871
1.657
1.645
1.851
3.72
3.688
3.171
1.973
3.685
3.279
2.231
2.346
1.644
3.173
3.594
3.404
2.161
1.822
1.641
1.792
2.677
2.658
3.874
1.702
3.924
3.38
3.558
3.391
2.198
3.584
2.9
1.769
1.743
2.235
3.499
3.117
3.442
1.942
3.113
3.677
1.77
1.691
1.907
1.764
1.973
1.727
1.538
3.825
2.624
3.155
3.029
3.642
3.961
3.493
2.229
3.161
2.666
3.22
1.921
2.775
3.603
2.891
2.791
3.751
3.962
2.709
3.226
3.804
3.248
2.695
3.926
1.762
1.957
2.511
3.193
2.517
1.64
2.799
3.063
1.576
3.365
1.538
2.684
1.603
2.197
3.563
3.033
3.649
1.51
2.915
1.813
3.921
2.077
1.686
3.507
1.61
1.694
3.816
3.591
2.175
2.928
3.946
2.301
3.513
3.382
1.737
3.663
3.214
2.933
2.4
3.271
3.997
1.878
2.533
3.881
2.963
2.894
3.239
3.132
3.903
1.6
3.012
2.975
2.453
3.355
2.39
3.134
1.712
2.672
2.754
2.391
1.555
3.018
3.175
3.105
3.299
2.003
3.931
3.067
3.987
3.565
3.192
2.192
3.8
1.571
3.637
1.648
1.858
1.688
1.685
1.502
3.065
2.084
2.958
3.653
3.447
3.16
2.787
1.632
3.626
2.188
3.335
3.107
3.548
2.246
1.611
1.829
2.125
3.844
3.986
2.077
2.614
2.602
2.676
2.851
3.363
2.47
3.829
2.816
1.985
3.393
3.935
3.853
2.651
2.574
2.362
1.844
3.132
2.05
2.173
2.001
2.5
2.0
1.689
3.668
2.873
3.805
1.698
3.034
1.797
2.554
3.748
3.677
2.692
3.205
2.348
3.426
1.888
2.408
2.861
2.998
3.678
1.951
2.778
1.842
1.633
3.734
3.638
2.697
2.547
2.595
2.838
3.774
1.746
2.274
1.974
2.62
2.141
1.8
3.1
1.854
2.689
2.052
3.182
2.369
1.593
1.896
1.916
1.973
3.515
3.415
2.4
3.353
2.376
3.005
2.125
2.598
1.668
3.963
3.321
3.39
3.999
3.467
3.099
1.691
3.971
3.154
3.959
3.144
1.892
3.347
3.861
2.143
1.785
3.373
3.455
1.629
3.083
3.565
2.945
3.944
1.954
3.706
3.811
3.134
1.706
1.977
1.622
2.192
1.809
2.689
2.874
2.935
2.968
3.876
1.788
2.755
1.898
3.141
3.794
3.497
3.896
3.067
2.174
1.633
1.786
1.712
2.084
2.672
3.038
2.177
1.942
2.22
1.949
3.425
2.888
1.741
3.946
2.968
1.683
3.48
1.509
2.799
2.056
3.85
3.888
3.836
2.887
3.614
2.915
3.414
2.279
3.79
1.686
3.655
3.703
3.12
1.658
3.698
3.932
3.562
3.949
1.813
1.768
3.31
2.93
1.551
1.759
1.934
3.653
2.591
3.064
1.67
1.619
3.142
1.955
3.799
1.86
1.589
2.253
3.681
3.522
3.276
2.51
3.297
3.221
2.64
2.381
2.831
3.06
3.929
2.932
2.186
2.126
3.958
2.427
3.577
2.286
2.553
3.129
3.389
1.634
2.83
2.163
1.642
3.842
3.465
3.838
2.163
2.354
1.826
3.139
1.525
3.097
3.126
2.963
1.558
1.997
2.397
2.92
3.755
2.362
1.841
1.874
3.131
3.14
3.011
2.48
2.912
2.819
3.862
2.731
3.06
1.776
2.082
3.508
2.108
3.652
3.436
3.329
2.718
3.986
2.475
2.997
3.986
1.712
1.583
2.024
1.692
1.84
2.964
3.399
2.49
2.423
3.965
2.001
2.17
3.323
3.181
2.656
3.41
2.49
2.572
3.274
3.716
3.165
3.218
2.468
1.546
3.829
1.796
2.016
3.076
3.386
2.039
3.275
3.453
1.818
2.536
2.394
3.421
2.477
3.237
3.603
2.43
3.06
3.46
3.455
3.008
1.595
2.136
1.649
3.955
3.521
3.52
2.143
3.135
3.142
2.547
2.481
2.624
2.447
1.981
2.641
2.027
3.099
3.9
3.117
1.749
1.513
2.033
1.988
3.2
3.632
2.466
2.111
2.575
3.294
1.754
2.975
3.05
2.393
3.904
2.067
2.059
3.377
1.897
3.049
3.043
3.891
3.084
2.913
2.651
3.845
3.159
2.158
2.953
2.71
2.337
1.646
2.024
2.418
2.543
1.807
3.639
3.448
3.601
3.158
2.137
2.767
2.459
3.422
3.738
2.5
1.685
2.539
3.878
3.134
3.101
2.288
1.701
3.627
1.954
3.645
1.586
3.23
1.918
3.737
3.656
2.174
3.339
3.795
3.633
3.114
2.707
2.189
2.759
2.573
1.65
1.818
1.536
3.771
2.224
2.236
2.307
3.628
3.542
3.149
3.106
1.941
3.477
1.659
2.106
1.58
3.673
1.507
2.586
1.831
2.904
2.409
3.207
1.9
1.638
1.758
1.504
2.327
3.591
2.803
3.946
2.851
1.594
2.379
2.507
2.883
2.097
3.34
2.372
3.053
3.01
3.42
3.73
2.282
3.268
1.526
3.865
2.201
3.962
2.411
2.579
2.783
2.494
2.003
2.079
2.835
2.71
3.069
3.054
3.52
2.963
2.072
2.064
3.215
3.672
1.621
3.611
2.961
3.073
1.916
1.854
3.5
1.726
3.612
1.653
3.218
3.517
3.446
2.641
3.918
1.601
1.522
2.0
3.463
3.04
3.257
1.976
1.955
3.853
3.489
2.618
2.06
3.46
2.134
2.871
1.977
1.627
2.314
1.997
2.717
3.578
2.212
3.377
3.326
2.292
2.869
3.961
1.569
3.08
2.147
2.624
3.817
2.224
3.99
3.302
1.767
3.878
2.583
2.404
2.479
3.895
2.937
3.271
3.027
3.231
2.041
3.287
3.735
3.189
1.578
1.65
2.239
3.727
2.8
2.691
3.35
3.763
2.484
3.715
2.414
3.472
2.925
1.707
1.692
3.275
2.098
2.899
2.127
2.222
1.83
3.737
3.049
1.827
2.803
2.401
2.082
3.663
2.807
1.773
1.714
1.912
3.176
1.884
2.974
2.068
2.723
1.522
3.896
3.093
2.087
2.86
3.877
2.712
1.58
3.557
3.148
1.523
1.879
1.625
1.996
2.219
3.914
1.682
3.324
3.675
2.779
2.014
3.907
2.651
2.461
2.147
2.78
1.503
3.854
3.209
3.026
2.408
3.438
3.269
3.065
3.668
3.539
1.688
3.617
2.786
3.267
2.385
1.845
1.917
3.42
2.622
2.477
3.209
3.534
3.231
3.063
2.683
3.158
3.701
1.594
3.786
2.542
2.504
2.034
3.147
3.67
1.972
3.935
2.48
1.715
2.438
2.891
3.161
3.82
2.522
2.995
3.036
3.149
3.952
2.437
3.089
1.923
3.043
1.743
2.369
3.394
2.246
2.612
3.427
2.108
2.829
3.819
2.665
3.364
2.722
48.028
3.309
3.704
3.297
3.325
3.07
3.286
1.503
3.833
3.614
3.268
2.472
3.974
2.313
2.624
2.915
2.196
3.686
3.536
1.846
2.598
3.921
3.933
2.448
2.97
2.326
1.805
2.543
3.498
2.326
3.215
1.619
1.881
1.782
3.434
3.314
2.072
2.771
3.777
2.166
3.808
2.013
2.716
3.082
3.225
2.909
2.187
3.373
2.36
3.189
2.633
2.045
1.594
3.138
2.245
1.848
2.968
2.066
2.648
3.853
3.378
1.738
1.656
3.821
1.669
3.051
1.885
2.592
1.58
3.77
2.465
1.875
2.607
1.95
3.133
1.631
2.567
2.14
2.368
3.188
2.809
2.491
3.753
3.983
2.718
2.268
2.394
3.066
3.417
1.541
3.825
3.892
3.613
3.022
2.193
2.809
2.348
2.221
1.689
2.45
1.579
3.761
3.165
1.854
3.592
1.805
2.74
3.061
3.905
1.703
1.513
1.698
2.359
1.992
3.62
3.685
2.043
1.802
2.343
3.008
2.229
3.142
2.932
2.316
3.051
2.056
3.592
2.929
3.687
3.624
2.808
2.376
2.705
2.096
2.279
2.551
3.698
2.17
2.156
1.63
3.314
2.92
2.434
3.243
3.918
3.595
2.21
3.028
3.322
2.782
3.421
3.66
3.972
1.506
3.048
3.797
3.671
2.89
3.485
2.034
3.787
3.077
2.274
3.331
3.747
2.712
2.612
3.808
3.186
3.638
3.861
2.253
1.879
1.523
2.916
2.688
3.633
2.283
3.099
3.433
2.149
2.504
2.628
3.946
2.696
1.682
2.966
3.328
2.612
2.124
1.976
3.439
2.143
2.139
2.284
2.779
3.611
3.694
3.469
3.231
2.112
2.175
1.52
1.672
2.567
2.229
3.78
3.369
1.516
1.568
1.88
2.623
3.005
1.62
1.828
1.9
3.611
2.856
1.505
1.569
2.891
2.038
1.98
1.533
1.666
3.532
2.512
2.931
3.445
3.092
1.833
2.828
3.665
3.841
1.997
3.74
3.795
3.119
2.833
3.326
3.712
3.841
2.724
2.884
3.446
3.239
3.816
2.879
3.139
3.279
1.623
3.5
1.565
2.093
2.401
2.561
2.101
3.005
1.556
1.912
3.397
2.212
1.828
3.013
2.047
1.558
3.322
1.574
2.396
3.365
3.318
3.341
2.209
2.05
1.898
3.734
2.819
3.219
3.716
2.87
2.304
3.275
2.027
2.264
3.281
1.825
1.791
2.687
3.198
3.595
2.461
3.915
1.817
2.461
2.437
2.486
1.672
3.579
2.927
2.16
3.838
3.515
3.054
2.424
2.925
3.633
2.477
1.765
3.285
1.623
3.977
2.204
3.8
1.853
2.657
1.696
2.585
1.967
2.197
2.768
2.931
2.829
1.513
2.92
3.991
1.971
2.182
2.1
3.251
2.258
2.632
2.066
3.143
3.563
3.939
1.777
1.997
2.561
2.691
3.693
3.12
1.608
2.034
1.888
2.716
2.871
3.856
2.446
1.555
3.946
2.821
1.598
2.346
2.634
2.696
2.255
1.903
2.091
1.621
1.996
3.766
1.525
3.737
2.018
2.432
1.553
2.416
2.838
3.14
2.368
1.894
2.872
3.166
2.349
2.38
2.146
1.719
3.21
3.241
2.176
1.919
3.244
3.908
3.55
3.418
3.578
2.851
3.753
3.451
3.834
1.958
3.672
2.563
2.843
3.477
1.711
2.798
2.013
2.374
3.977
1.952
2.027
1.741
3.389
2.237
3.203
2.984
2.692
3.261
1.871
3.116
1.798
3.118
3.33
2.561
3.347
3.051
3.802
2.333
2.649
2.833
2.603
1.991
2.606
2.653
3.796
3.275
2.566
2.838
3.169
3.688
3.178
2.907
2.367
2.681
2.821
2.191
2.538
1.805
3.659
1.523
2.222
3.589
3.56
1.946
1.979
3.234
2.09
2.425
2.106
1.887
1.958
1.623
2.224
1.622
3.953
1.833
3.209
2.661
1.784
2.155
3.89
3.131
3.225
2.34
3.2
2.55
2.49
1.721
3.598
2.389
3.917
1.695
2.734
3.284
1.629
3.537
2.668
2.905
3.006
2.608
1.917
2.136
1.946
3.204
2.504
2.167
2.639
3.653
1.644
1.904
1.758
2.464
1.553
2.348
2.051
2.913
3.531
3.88
2.245
1.803
3.179
3.892
2.602
2.353
2.402
1.928
3.559
1.727
2.428
3.124
2.571
1.834
3.605
3.724
2.805
3.409
1.736
3.956
2.282
2.431
2.908
3.464
3.279
2.041
2.809
1.592
3.251
3.291
3.852
1.694
1.999
3.027
3.162
3.497
1.697
2.833
2.962
3.832
3.54
3.201
2.433
2.898
2.642
3.727
2.341
1.683
1.91
1.746
2.398
1.709
2.538
2.625
3.759
2.102
3.136
3.936
1.837
2.763
3.466
3.2
2.61
2.875
1.598
2.507
2.255
2.59
3.429
1.687
2.558
2.756
1.503
2.484
3.093
3.928
2.415
2.255
2.696
2.417
3.571
2.324
1.577
2.99
1.636
3.267
3.53
3.188
1.616
3.169
1.548
3.591
2.054
3.988
2.475
3.363
3.333
2.523
1.982
2.126
3.008
3.754
3.062
3.563
1.839
1.988
1.963
1.782
2.705
2.004
3.805
2.913
1.735
2.777
2.568
3.633
2.893
3.145
1.878
2.99
3.622
2.128
2.112
3.125
1.508
2.212
2.677
3.404
3.519
2.388
2.366
1.807
2.364
1.784
2.138
3.618
2.271
2.111
2.491
2.302
2.837
1.784
2.659
1.534
1.767
2.402
2.669
2.317
2.326
3.822
3.75
3.736
3.809
3.322
3.173
2.903
3.904
2.405
3.756
2.258
3.584
3.406
1.944
3.511
1.972
3.597
2.843
2.51
2.314
3.033
3.696
3.84
3.098
2.85
2.262
3.534
3.575
1.634
3.297
2.579
3.49
3.876
2.509
3.218
1.887
3.311
3.083
1.756
3.123
3.83
3.296
2.152
2.608
2.597
3.086
3.881
3.56
3.898
3.181
3.035
2.914
3.791
3.961
1.775
1.779
3.733
3.413
2.559
2.311
3.903
3.792
3.099
3.219
2.682
3.226
3.008
3.361
3.361
3.09
3.453
1.504
2.24
1.831
1.648
2.468
3.057
2.421
3.074
3.988
3.601
1.598
1.9
3.862
2.493
2.565
1.72
2.989
2.252
2.345
2.362
1.822
3.489
1.596
2.067
3.645
3.786
2.426
3.11
3.066
2.777
2.184
3.754
2.323
2.781
2.689
2.036
1.999
2.604
2.267
2.893
3.915
2.487
2.479
3.215
3.813
2.379
3.735
1.974
3.1
2.567
3.16
3.665
2.35
3.126
3.433
3.403
2.413
3.395
2.625
1.831
3.54
1.745
3.063
2.036
3.828
3.227
1.526
3.625
2.732
2.557
2.034
2.496
1.704
3.744
2.932
3.726
1.719
3.683
1.857
2.392
3.185
2.724
3.674
3.258
1.916
2.112
2.01
3.868
2.261
2.665
2.029
2.19
1.541
3.554
3.192
3.379
1.506
3.717
3.365
1.572
3.528
3.32
2.024
1.923
2.069
3.515
3.312
2.888
1.63
2.757
3.598
2.085
3.231
2.877
3.367
1.515
3.758
3.297
3.296
2.601
3.103
3.412
3.362
3.469
2.514
2.208
3.355
3.385
2.601
1.708
3.827
1.687
3.395
2.776
1.546
1.641
1.523
2.076
1.81
3.934
2.368
1.864
2.663
3.616
2.136
3.958
3.803
2.472
2.683
3.653
2.829
2.619
2.072
2.079
2.126
1.783
2.94
3.319
3.316
1.709
2.515
2.064
3.298
3.891
3.422
2.468
3.504
3.181
1.632
3.289
3.42
2.172
2.679
2.22
2.296
3.56
2.543
3.052
3.75
2.111
3.867
3.321
1.922
1.727
2.43
1.698
1.807
2.925
1.661
2.105
3.282
3.543
1.94
3.614
2.453
3.877
3.645
3.349
2.881
3.263
3.59
2.302
3.051
2.428
3.283
2.821
3.943
3.469
1.553
3.307
3.445
3.296
3.836
3.116
1.694
1.866
1.678
3.47
3.465
2.134
3.584
2.801
3.63
3.527
3.505
3.997
2.477
2.802
1.969
2.437
2.631
2.315
2.017
3.523
3.1
3.589
3.749
1.846
1.543
2.245
2.239
3.736
2.102
3.837
1.682
2.049
2.168
2.599
3.732
3.057
2.807
1.653
2.011
2.94
3.318
3.565
1.857
2.874
3.965
3.18
3.729
2.3
2.236
2.208
3.364
3.624
2.056
2.023
2.715
2.392
3.612
3.254
3.434
3.698
3.607
1.618
3.474
3.598
3.226
1.789
1.516
2.11
3.689
2.874
3.737
3.235
2.437
3.538
1.589
3.725
3.461
2.926
2.368
1.697
2.476
3.197
3.588
3.889
2.442
3.199
2.66
2.42
3.822
1.81
2.818
3.495
3.882
3.19
2.107
2.11
2.772
2.266
3.084
1.951
3.682
2.516
3.421
3.67
2.313
2.049
2.559
2.681
2.813
2.216
3.401
1.931
3.549
3.623
1.549
2.75
1.83
3.999
1.688
2.949
1.981
3.489
3.482
2.726
2.135
2.307
3.072
2.314
3.723
2.709
1.83
3.133
2.255
2.205
1.753
2.511
1.998
3.45
3.809
3.709
2.376
3.036
3.195
2.105
1.726
3.015
2.924
3.863
3.215
3.902
2.166
3.36
2.874
2.073
3.946
3.818
2.288
3.254
3.835
3.228
3.425
3.936
2.939
3.445
2.627
2.719
3.404
3.765
3.109
3.311
3.599
3.642
3.473
2.729
2.012
1.932
3.983
2.727
3.797
1.68
2.654
2.741
2.054
2.135
2.698
2.429
3.938
3.363
2.992
3.754
3.791
2.806
2.27
3.118
2.455
2.339
2.889
2.157
3.443
3.467
2.654
2.438
3.713
2.37
3.026
1.99
3.607
3.742
2.792
3.629
3.77
1.743
2.435
2.312
3.832
3.242
2.676
1.619
3.39
3.673
3.04
3.085
3.469
3.907
2.384
2.279
2.117
3.17
2.66
2.813
3.219
1.854
2.79
1.559
2.214
2.679
3.981
1.694
1.675
2.329
3.722
2.971
3.903
2.648
3.259
1.616
2.406
3.168
2.137
1.971
2.329
2.838
2.986
1.956
2.647
2.104
2.191
3.979
3.56
2.387
2.48
3.574
3.819
3.808
2.485
3.194
2.331
2.802
3.902
1.529
2.161
2.014
3.994
2.42
3.904
2.406
3.501
1.68
1.91
2.016
2.125
2.761
3.563
3.962
2.084
2.678
2.212
3.043
2.325
2.02
2.434
3.636
1.588
2.062
3.477
1.685
1.508
2.929
2.428
2.508
2.817
3.753
2.91
2.925
3.236
1.814
3.626
2.081
1.803
2.894
1.684
2.421
3.345
2.926
3.316
2.26
1.763
3.626
3.616
3.789
3.749
2.561
2.009
1.724
2.533
3.66
3.686
2.038
3.335
2.798
2.148
1.961
3.136
2.992
2.96
2.608
3.798
3.119
3.067
2.414
2.893
3.235
2.588
1.705
3.717
3.807
3.549
1.863
1.924
3.859
2.716
3.519
2.186
3.333
1.835
2.916
2.406
3.305
2.336
2.783
2.817
2.817
3.875
3.618
3.445
2.702
2.09
2.523
2.9
3.029
2.868
3.813
3.732
2.503
3.196
1.846
3.253
3.531
1.512
2.105
2.521
3.398
3.973
2.84
1.554
2.64
3.907
3.692
2.202
2.713
1.884
3.172
3.014
3.631
3.945
3.465
3.576
2.314
3.818
3.326
1.775
2.95
2.539
1.712
3.556
2.475
1.775
2.777
1.679
1.864
3.536
2.874
3.918
3.573
3.417
3.209
2.519
3.961
3.079
3.454
3.328
2.372
2.389
3.608
1.749
1.888
2.087
2.652
1.975
3.362
1.764
2.007
2.757
1.606
3.955
3.315
3.977
3.941
2.938
3.674
3.411
2.192
3.962
3.965
1.611
2.569
2.179
3.233
3.523
2.192
1.68
2.735
3.279
3.882
3.595
2.242
1.921
3.134
2.412
2.669
2.404
3.183
3.822
2.813
1.698
Error de lectura!!!
3.947
2.056
3.744
2.904
2.368
2.853
3.658
3.3
1.559
2.475
2.241
3.054
1.76
1.981
1.99
1.79
3.323
1.925
2.058
1.672
2.534
3.89
3.811
3.76
2.405
1.566
3.497
2.843
2.791
3.978
1.786
3.506
2.073
2.418
1.704
2.567
2.357
3.648
2.142
2.064
3.875
1.804
3.322
2.654
2.625
1.828
2.869
1.661
2.547
3.955
2.057
1.569
2.767
3.578
2.754
2.009
1.661
2.514
2.064
1.638
2.917
2.493
3.165
2.165
2.747
3.258
3.779
1.796
2.685
1.539
2.861
2.495
2.47
2.28
3.903
3.558
3.656
1.606
3.688
3.761
3.991
2.968
3.03
2.749
2.895
2.958
1.795
3.036
2.488
3.107
3.888
3.049
2.028
3.772
1.753
2.691
2.707
2.798
1.754
2.26
2.556
3.795
2.83
2.018
2.677
2.299
3.442
1.977
3.383
1.912
3.227
3.532
2.889
2.734
2.983
1.913
3.043
3.003
1.623
2.293
1.824
2.34
2.474
3.986
3.448
3.931
2.571
3.581
1.66
3.95
2.8
1.774
3.225
2.185
3.755
2.528
3.765
3.208
3.102
2.264
3.047
1.516
2.269
1.928
2.798
1.603
1.884
3.908
1.864
2.164
2.709
3.403
3.619
2.126
1.699
2.626
2.725
3.377
1.854
2.996
2.83
2.749
3.43
2.228
3.828
3.3
1.755
3.493
2.353
3.509
2.179
3.082
3.85
2.188
2.623
2.418
2.156
2.716
1.928
2.099
3.681
3.341
2.977
3.573
1.792
3.997
3.453
1.937
2.078
2.457
2.284
3.053
3.281
2.051
2.811
3.023
2.725
3.239
3.405
2.524
3.12
1.69
2.747
1.617
3.6
1.965
2.636
2.653
1.509
3.46
2.807
3.819
2.304
2.833
3.469
2.305
1.542
1.516
2.205
3.569
1.969
2.007
3.849
2.697
2.288
2.695
3.11
3.747
3.722
2.313
3.645
3.937
2.779
2.163
3.216
1.844
3.15
1.52
2.824
3.611
1.789
3.26
3.857
1.521
3.836
1.806
3.757
3.186
2.988
3.065
3.293
2.44
3.497
3.221
3.505
3.439
3.007
2.076
3.618
1.576
2.31
2.489
2.956
3.433
3.817
2.696
3.147
3.536
2.594
1.986
2.894
2.74
3.181
1.973
2.218
3.911
2.049
2.685
3.107
1.661
2.661
1.738
2.971
2.658
3.87
2.985
1.546
2.463
3.878
3.63
2.401
3.507
2.393
2.238
2.873
3.898
2.33
1.963
2.133
3.056
2.429
3.041
2.5
3.386
1.522
3.896
3.847
3.523
2.474
2.0
1.58
3.171
1.705
2.707
3.158
3.244
2.817
3.452
2.615
2.603
2.798
2.342
2.824
2.088
1.673
2.324
2.31
3.096
2.106
3.349
3.258
2.239
3.945
3.911
2.168
3.38
1.99
3.792
3.798
3.485
2.403
2.64
3.831
3.67
3.53
3.916
3.056
2.136
1.866
3.271
3.245
3.942
2.835
3.051
3.281
1.753
3.137
3.005
1.878
2.847
1.502
2.228
2.302
2.063
3.967
2.628
1.903
2.387
3.583
2.629
3.123
3.5
2.371
2.315
2.109
1.824
3.885
3.007
3.324
3.641
2.546
1.881
3.633
2.041
3.286
3.915
2.695
3.057
2.773
2.466
3.215
1.645
2.777
1.657
3.182
1.551
3.169
3.218
2.918
1.557
3.06
1.699
1.928
2.882
1.643
3.973
1.969
3.181
2.061
1.869
2.359
3.132
3.276
2.485
3.606
1.906
2.886
1.878
2.788
2.946
3.273
3.699
3.012
2.771
2.466
1.613
2.926
3.42
3.433
3.755
3.925
2.013
3.524
2.624
1.676
3.304
3.372
3.237
2.776
2.853
1.751
2.376
3.409
2.299
3.786
3.673
3.301
3.041
2.53
2.718
1.81
3.406
2.506
1.86
3.584
3.065
1.636
3.511
3.361
3.781
2.273
2.483
3.936
3.156
3.019
3.562
2.856
2.846
2.134
3.958
3.53
2.87
3.57
3.564
3.713
2.697
2.32
2.09
2.915
2.601
3.258
3.813
3.99
3.657
3.005
3.971
3.603
3.879
3.426
2.592
2.703
3.757
3.349
1.681
2.467
1.955
1.695
3.973
2.516
2.581
3.764
2.376
3.773
1.734
2.477
3.624
3.314
2.456
2.348
3.386
1.52
3.49
3.482
1.764
3.006
1.959
3.158
3.938
3.338
3.744
3.531
3.1
3.389
2.726
3.953
3.109
2.914
2.257
3.863
1.778
2.131
3.045
1.627
1.892
3.899
3.84
3.167
3.739
2.438
1.545
2.328
3.316
3.151
1.794
1.603
3.048
2.363
3.127
2.343
2.864
2.054
3.959
3.567
1.852
2.674
3.451
1.613
3.031
2.816
3.325
1.785
3.601
3.354
2.488
3.383
3.864
2.653
3.075
3.909
2.962
3.94
2.38
2.405
1.619
3.927
3.181
3.669
3.378
1.551
2.25
2.062
1.871
1.857
3.086
2.798
3.466
2.845
1.566
3.191
2.836
2.138
2.857
1.941
3.472
3.267
3.46
1.821
2.496
3.278
2.485
3.421
1.628
3.476
3.8
3.159
2.371
2.13
3.867
3.528
1.583
3.387
3.039
2.631
2.511
2.786
2.025
2.216
2.969
2.72
3.34
3.977
1.803
1.949
3.746
3.166
1.656
2.869
2.239
2.22
2.474
1.527
2.678
3.892
2.125
2.169
2.734
3.81
3.544
3.231
1.953
3.827
2.014
2.263
1.755
3.882
2.901
1.833
1.61
2.788
3.538
3.996
3.981
2.445
3.351
3.762
3.099
3.014
Error de lectura!!!
1.943
3.177
2.751
3.968
1.841
1.956
1.891
3.713
3.351
1.715
2.7
3.167
3.688
2.246
1.971
1.913
3.982
2.851
2.687
2.486
3.804
1.938
1.674
2.638
2.561
3.831
2.757
3.873
1.77
2.364
2.944
1.518
1.545
2.423
1.757
1.919
2.585
2.136
2.978
2.981
3.538
2.056
2.011
2.667
2.125
2.522
1.855
3.671
2.087
2.49
2.036
3.302
2.969
2.526
3.99
3.809
3.486
3.462
3.885
2.439
2.282
3.517
2.206
2.237
3.066
3.598
3.605
3.559
3.371
3.583
2.06
2.234
3.269
2.899
1.957
2.462
1.508
2.966
2.318
2.377
3.681
1.727
2.384
2.941
2.61
1.872
3.975
2.521
3.989
1.8
3.425
3.427
3.594
3.102
3.933
3.018
2.223
2.636
2.475
3.283
3.417
3.321
3.222
3.46
1.787
1.656
3.855
2.746
2.051
1.736
2.2
2.863
2.588
3.55
1.576
2.189
1.559
2.777
2.167
3.29
2.782
2.088
2.938
1.957
2.521
3.427
3.865
3.595
3.876
3.607
2.704
1.997
3.587
3.17
2.534
3.621
3.672
2.559
1.704
2.465
3.21
1.975
3.285
2.087
2.626
3.22
2.552
2.063
2.951
2.274
2.563
1.654
3.087
3.221
2.186
2.108
3.04
3.351
3.344
3.403
3.798
3.977
2.924
3.204
2.106
2.336
1.972
3.242
3.39
3.812
3.279
3.465
3.704
3.188
2.828
3.014
3.209
2.766
1.979
3.986
3.488
2.172
2.678
3.956
3.29
3.863
3.493
2.15
3.777
2.708
2.739
1.617
3.735
2.276
1.563
2.169
2.64
3.782
2.143
2.928
2.175
3.746
2.529
1.517
2.3
2.752
3.122
3.427
3.414
2.335
2.986
3.749
3.055
3.624
Error de lectura!!!
3.237
1.619
2.699
3.954
1.733
1.733
2.703
3.827
2.871
2.172
3.03
3.248
3.427
3.679
3.353
3.874
3.404
2.616
2.52
1.886
1.637
2.213
3.042
2.227
3.005
2.396
2.868
2.907
3.662
2.12
2.79
1.97
1.861
2.894
2.647
3.992
3.681
2.242
1.543
2.166
1.972
1.563
3.428
2.373
3.137
2.694
3.969
3.139
2.907
1.686
2.496
2.434
3.425
2.352
2.331
3.763
1.516
1.728
1.892
2.323
1.777
3.496
2.032
1.937
3.579
3.382
2.842
2.333
2.145
3.743
3.444
3.165
3.794
2.17
1.653
2.311
1.934
2.229
2.295
1.7
3.464
2.8
3.611
1.765
2.882
2.086
3.091
1.779
2.348
2.859
1.727
3.172
2.165
3.63
2.002
3.088
3.645
3.235
1.548
2.063
2.635
2.3
1.593
2.585
3.437
1.687
1.999
2.08
3.546
1.56
2.137
1.868
2.081
2.404
3.373
3.009
1.802
2.669
1.998
3.914
1.663
2.221
3.151
3.343
2.073
3.659
2.265
3.519
2.51
2.376
3.964
2.933
3.51
2.347
2.503
3.246
2.087
1.921
2.09
2.821
1.871
3.209
2.265
2.112
3.271
2.943
1.53
1.636
1.562
1.694
1.519
1.866
2.29
3.697
2.383
2.7
3.461
3.59
3.946
2.245
3.587
2.802
3.239
3.821
3.947
2.538
2.722
2.665
3.83
2.627
3.569
1.586
1.865
3.577
2.566
1.53
1.618
3.466
2.429
1.921
2.436
2.917
3.344
3.736
3.313
3.762
3.966
3.954
2.149
3.178
3.591
1.714
2.187
2.989
3.533
1.579
2.918
2.898
3.955
1.906
2.87
3.715
2.754
2.656
3.873
2.086
3.702
3.456
2.888
2.494
3.657
3.715
3.857
1.805
3.195
2.352
3.28
2.953
3.979
1.918
3.009
3.367
2.214
1.829
3.838
2.821
3.783
3.863
3.493
2.322
1.539
3.474
2.256
1.725
2.478
2.859
2.439
2.92
3.485
1.944
2.66
2.622
3.187
2.328
2.768
1.902
3.499
1.707
1.622
2.133
3.291
1.993
1.763
2.472
3.215
1.513
2.321
3.348
3.423
2.109
3.707
2.986
1.587
3.518
1.823
3.459
2.313
3.115
2.597
2.35
3.427
2.487
2.074
1.658
3.652
1.643
2.565
3.362
1.857
1.917
1.666
2.774
1.793
3.604
1.501
3.814
1.599
2.674
3.116
3.521
2.519
1.796
2.762
3.998
2.885
2.548
3.692
2.177
2.229
2.234
1.869
3.803
2.828
1.641
2.085
3.687
2.514
3.506
2.188
3.015
3.923
3.322
3.617
3.014
1.733
3.124
3.747
3.848
3.205
2.906
3.892
1.598
3.484
3.07
2.722
3.819
3.877
3.575
1.504
1.736
1.842
2.091
3.445
2.624
2.237
2.176
2.729
3.643
3.801
1.56
3.14
3.474
2.461
3.487
3.564
2.8
1.771
1.699
2.678
3.142
2.543
1.657
3.275
1.776
3.437
3.545
2.648
3.708
2.768
3.717
3.148
3.358
2.108
1.962
2.561
2.48
3.921
2.603
1.616
1.848
1.988
3.204
2.35
2.889
1.599
2.206
2.391
2.287
3.464
3.841
2.041
2.163
2.454
1.738
3.845
2.11
3.724
1.711
2.65
3.317
2.982
2.632
3.288
2.74
3.357
1.525
3.538
2.946
2.039
3.776
2.014
3.632
1.505
3.368
2.006
1.964
3.55
3.484
2.551
3.405
3.974
2.143
2.591
2.049
2.43
1.907
1.963
3.149
1.629
3.837
2.947
1.598
2.294
2.704
2.714
1.891
2.885
3.741
3.138
3.059
2.514
3.7
2.478
2.972
3.486
2.528
1.918
3.246
3.324
2.183
3.298
3.954
3.627
1.532
2.05
2.456
2.957
3.303
2.844
3.173
3.681
3.265
2.437
3.939
2.137
3.869
1.587
3.022
3.651
3.548
3.451
1.812
3.051
3.484
2.345
3.181
2.554
3.228
1.599
1.821
1.522
2.54
1.762
2.002
3.368
3.417
3.254
1.749
3.956
1.633
3.114
2.407
1.686
3.808
3.974
2.375
3.854
3.722
3.053
2.556
2.762
2.624
2.256
2.451
2.707
3.571
1.949
3.084
3.807
1.903
2.174
2.798
2.296
2.287
3.973
2.756
3.897
1.589
2.632
1.911
1.781
3.03
1.939
1.549
2.893
2.475
1.965
2.146
1.962
1.986
3.737
3.636
3.167
2.657
1.53
1.9
3.727
2.592
3.564
3.815
3.472
1.693
3.233
2.808
2.569
2.621
3.457
3.544
1.985
3.599
3.425
2.428
1.807
3.771
3.369
1.965
2.192
2.49
3.549
3.302
3.782
2.893
1.664
1.994
3.992
1.536
2.062
1.917
3.32
2.639
2.642
3.971
3.47
3.989
2.845
1.581
3.909
3.115
3.702
2.418
2.114
1.597
3.813
2.582
1.804
3.792
2.009
2.08
2.15
3.498
1.526
3.604
1.911
3.698
2.568
3.255
2.675
3.724
3.938
2.317
1.755
2.213
2.194
3.238
1.622
3.962
1.533
2.854
3.079
3.353
3.564
2.428
1.874
1.959
2.428
1.953
3.438
1.756
3.098
2.441
2.74
3.341
3.438
2.236
2.999
1.889
3.274
3.767
3.532
2.526
2.461
2.079
3.36
3.807
3.476
3.932
3.726
2.375
2.138
2.763
3.126
3.164
3.229
2.411
2.368
1.523
2.706
1.834
2.491
1.78
2.837
3.266
3.832
2.491
1.868
3.855
3.251
3.093
3.704
1.606
2.716
2.69
3.585
3.497
3.282
2.786
2.706
3.614
1.9
2.034
1.641
1.731
2.844
3.437
1.527
2.085
3.247
1.872
3.406
1.651
3.003
1.883
3.872
2.223
3.957
3.923
3.391
3.817
3.508
1.968
1.76
2.512
2.779
2.154
3.129
2.879
3.466
1.997
2.265
3.282
3.89
2.386
3.941
1.951
2.68
1.654
3.317
3.374
3.376
2.303
3.879
3.449
3.508
3.592
2.351
2.363
2.58
3.455
2.122
3.984
2.291
2.42
2.311
2.723
3.183
2.172
3.594
2.994
3.185
3.99
3.981
3.44
2.77
1.733
2.25
3.472
1.569
2.396
2.821
2.823
3.711
3.123
3.615
2.879
2.541
1.823
3.397
2.27
3.92
2.556
2.052
1.729
2.294
3.138
2.954
2.884
2.087
2.475
3.53
1.786
1.633
1.857
1.795
3.615
3.508
2.521
2.95
3.952
2.264
3.233
1.947
2.78
3.541
3.876
3.809
1.998
1.725
1.842
2.877
2.856
2.188
3.531
2.122
1.772
2.569
3.866
2.828
3.016
1.608
3.502
1.917
3.184
3.225
3.017
3.605
1.78
1.528
1.781
3.775
3.973
3.636
3.148
1.665
1.593
2.385
3.976
2.562
2.236
3.577
3.039
2.343
2.436
2.678
2.071
3.75
1.555
3.322
2.518
2.038
3.123
2.06
3.257
3.624
3.981
2.919
2.162
2.598
3.607
3.117
3.98
3.473
3.811
2.498
1.861
3.413
3.172
3.388
3.646
1.746
2.079
1.816
3.093
3.523
2.036
3.6
2.359
2.261
2.762
1.993
3.609
3.163
2.381
2.484
3.407
3.849
2.077
3.524
1.554
1.571
1.679
3.394
3.496
3.14
3.609
1.698
3.238
2.652
3.466
3.291
1.777
3.26
3.134
1.892
2.867
1.865
1.939
2.818
3.226
3.232
2.302
2.806
1.512
3.337
1.901
2.611
2.907
2.119
2.444
3.746
2.3
3.55
1.886
2.869
3.803
3.606
1.697
2.663
1.754
2.08
1.956
2.928
2.78
2.64
1.765
1.712
3.638
2.904
3.422
2.793
2.703
1.706
2.393
1.768
1.629
2.05
2.001
1.738
2.843
2.826
3.766
2.264
2.757
3.21
3.776
2.826
3.9
1.714
2.077
3.497
3.946
2.67
3.693
2.547
1.754
3.816
2.973
3.725
2.702
1.915
3.848
1.659
2.756
3.441
2.282
3.381
3.165
3.891
1.772
1.857
2.985
3.507
3.717
2.707
2.165
1.59
3.841
3.221
1.944
1.792
2.988
3.301
2.906
2.734
1.731
1.535
3.686
2.945
2.291
3.548
2.054
3.879
3.026
3.71
2.376
3.795
2.75
2.862
3.028
2.821
1.721
3.199
3.036
3.999
3.612
3.795
2.582
2.674
2.792
3.107
3.476
1.624
3.925
3.515
2.422
2.008
3.811
3.381
1.717
1.969
2.333
3.02
2.182
1.588
3.234
1.932
1.594
2.608
2.227
3.167
3.787
3.323
2.895
2.833
3.748
3.259
3.086
3.831
2.216
2.608
3.524
2.098
2.814
1.922
2.931
1.506
1.6
1.603
2.152
3.12
3.458
2.225
1.78
3.087
3.191
3.333
2.275
3.487
1.658
3.969
3.775
1.682
3.427
3.861
2.185
2.446
2.825
2.848
2.633
1.629
3.213
3.511
1.832
3.732
3.726
2.556
3.537
3.188
2.837
3.038
1.567
1.9
2.277
3.402
3.887
1.78
1.823
3.255
2.782
2.291
3.877
1.687
3.912
2.64
1.878
3.41
2.375
3.577
2.14
3.252
2.575
1.778
2.168
2.014
3.949
2.792
2.422
1.589
1.583
2.883
2.62
3.201
2.988
2.235
1.85
3.566
1.677
3.362
2.636
1.911
2.212
2.695
3.401
2.732
2.864
2.125
2.917
3.125
1.777
2.89
2.767
3.367
3.038
3.654
2.448
3.412
3.56
3.349
2.418
2.335
1.906
1.844
3.515
1.655
3.211
2.606
2.422
2.063
1.966
3.849
2.877
3.143
2.107
3.445
2.859
2.38
2.151
3.003
3.622
1.961
1.785
2.876
2.807
3.028
3.246
2.612
2.979
3.793
2.411
2.534
3.117
2.797
2.383
2.021
3.937
2.111
1.604
2.066
3.826
3.295
1.564
3.952
1.724
3.818
2.593
2.292
3.351
1.718
3.37
2.293
3.062
1.746
1.506
1.945
2.548
1.556
3.601
3.656
3.79
2.891
2.343
3.867
2.581
3.962
3.408
3.407
1.607
3.712
2.766
2.71
2.877
3.536
2.279
1.879
3.591
2.769
2.646
3.254
3.617
3.973
3.503
2.589
2.584
1.844
1.861
2.147
2.04
2.745
2.524
3.117
2.747
1.917
3.733
3.444
3.966
1.523
2.049
2.953
2.543
2.776
1.861
3.272
3.154
3.772
2.343
1.896
2.249
2.108
2.949
1.688
2.63
2.666
3.154
3.09
1.566
3.719
3.621
1.549
2.559
3.189
3.566
3.997
3.874
1.735
3.097
3.711
3.045
3.519
2.205
2.324
2.405
2.544
3.332
2.035
3.914
3.044
3.061
2.455
2.799
3.7
2.559
3.239
3.43
2.659
2.681
2.163
2.791
1.921
2.921
3.616
2.243
2.809
3.962
2.269
3.807
3.214
3.074
1.951
3.611
3.705
3.69
1.609
2.47
3.45
3.319
2.799
2.362
1.817
2.571
2.305
3.265
2.289
3.49
1.719
3.513
1.79
3.768
2.094
1.797
3.527
1.657
2.003
2.579
2.307
2.352
1.823
3.898
2.976
2.025
2.287
2.978
3.755
2.9
3.608
3.207
2.094
2.279
2.839
2.273
3.455
2.19
3.649
1.962
2.827
1.85
2.749
3.11
2.849
2.796
2.834
2.542
3.541
1.602
1.785
3.713
3.476
3.269
3.198
1.696
2.75
3.604
3.939
1.741
2.968
3.47
3.805
1.838
3.357
3.516
1.525
2.283
1.769
2.28
1.779
2.453
1.827
2.23
2.842
1.994
2.706
2.239
2.604
3.317
2.4
3.846
3.769
2.231
2.263
2.86
1.946
3.915
2.891
1.66
2.183
2.038
2.407
1.939
3.662
2.632
2.553
2.968
1.7
3.672
2.851
3.825
3.403
2.811
2.749
2.071
1.639
2.123
1.65
2.763
1.967
3.797
2.401
1.708
2.393
3.708
3.847
3.814
3.364
2.943
3.636
2.241
2.935
2.35
2.284
3.763
1.978
3.525
3.542
2.176
3.823
2.677
3.447
2.426
3.714
1.873
2.764
2.608
3.411
2.453
3.574
2.088
2.694
2.262
2.158
2.688
3.642
1.815
1.984
2.715
2.352
3.074
3.104
2.296
3.199
2.111
3.888
2.956
1.622
2.221
1.748
3.792
2.505
1.915
2.881
2.924
3.308
2.717
1.855
3.1
3.916
3.428
1.768
2.23
3.928
1.747
1.934
2.795
2.78
3.275
1.596
2.915
2.065
2.636
2.632
3.306
2.472
3.608
3.714
3.384
3.732
1.582
2.891
2.98
3.295
3.2
1.744
2.129
2.843
3.257
3.899
3.951
2.013
3.004
2.312
1.725
2.344
1.807
3.226
3.303
3.2
3.467
2.673
3.561
3.489
3.428
1.565
2.849
2.388
3.802
2.817
2.989
1.694
3.158
2.574
3.349
3.559
3.313
1.839
3.187
2.635
2.494
3.044
2.544
2.242
3.146
2.258
1.908
1.732
3.094
2.643
3.817
2.2
2.466
2.683
2.615
3.439
2.736
1.885
2.502
1.87
1.833
2.171
3.091
3.486
1.819
3.75
1.724
2.095
2.89
3.823
2.823
3.028
2.493
2.619
3.334
3.826
3.578
3.193
2.962
3.584
3.908
1.635
2.915
3.395
3.453
1.571
1.521
3.179
1.961
1.905
3.102
1.793
2.558
3.83
3.858
2.774
2.126
1.549
3.269
3.064
2.668
2.947
2.189
3.311
3.55
1.626
2.334
3.362
3.077
2.637
3.849
2.104
1.838
2.922
3.701
3.75
2.843
2.419
1.744
1.983
1.631
1.566
3.533
2.122
1.67
2.652
2.174
3.813
2.768
1.569
3.707
3.451
2.725
1.896
3.58
3.51
3.045
1.846
2.172
1.823
3.57
2.94
2.749
3.821
2.036
2.634
2.004
3.874
1.905
3.756
2.553
1.791
3.065
3.886
2.342
3.555
3.498
3.009
2.763
2.984
3.749
3.125
3.074
3.774
2.02
2.164
3.283
1.706
3.629
2.054
3.556
2.356
2.319
3.824
1.972
2.946
1.617
2.2
3.059
2.135
1.571
3.836
2.113
3.792
2.163
1.734
3.691
3.433
3.211
3.13
3.49
1.968
3.633
3.289
2.676
2.936
2.636
1.635
3.676
1.833
3.089
1.946
3.691
1.795
1.639
1.777
3.022
1.557
1.939
3.396
1.876
2.335
2.464
2.891
3.724
3.547
3.244
1.593
2.522
2.029
1.962
3.465
1.714
3.645
2.481
3.191
3.893
3.151
3.005
2.35
2.239
3.306
1.89
2.171
3.252
3.304
2.835
3.441
3.586
3.144
2.576
1.964
2.484
1.541
3.721
1.634
3.75
2.173
3.43
3.944
3.461
3.391
2.504
2.096
3.104
2.545
3.846
2.757
3.605
1.877
3.932
3.003
1.67
3.884
3.606
3.774
3.745
3.967
1.71
2.757
3.468
3.098
3.912
2.793
2.671
2.556
3.642
2.706
1.572
3.178
3.827
2.049
3.057
1.837
3.034
2.82
3.994
3.171
2.274
1.708
3.636
2.822
3.684
3.395
2.117
2.167
3.378
2.44
2.347
1.875
2.685
2.306
2.475
2.521
3.693
3.431
3.552
1.692
2.402
2.376
2.695
3.179
3.126
3.919
3.093
2.826
1.845
3.951
3.46
3.89
3.849
2.466
1.658
2.54
1.72
2.535
3.018
2.373
1.691
2.465
3.969
2.691
1.74
2.381
2.016
3.337
3.81
2.227
2.77
2.489
3.367
3.056
1.649
2.258
1.747
1.655
3.305
1.992
1.797
3.6
2.437
2.879
3.931
3.107
3.747
2.922
3.946
3.049
3.828
3.204
2.398
2.754
3.536
1.656
3.692
1.5
2.248
3.643
2.154
1.608
2.051
3.591
2.543
3.02
2.81
2.372
2.723
1.585
2.53
2.614
3.993
3.638
2.942
3.314
3.789
3.188
2.974
3.649
2.218
2.078
2.415
1.697
3.945
3.079
2.728
3.716
1.607
2.08
3.526
3.652
1.576
3.869
3.304
2.163
2.453
1.526
2.557
3.862
2.353
2.863
3.966
2.723
3.17
3.644
1.909
1.543
1.98
2.611
3.676
1.948
2.014
3.95
1.735
3.203
2.532
1.571
3.114
2.478
3.961
3.782
2.995
2.149
2.359
1.542
2.497
1.742
2.708
2.491
3.594
2.843
2.912
2.303
3.124
2.096
2.864
3.778
1.603
2.813
2.038
3.669
2.905
2.737
3.357
3.455
3.27
3.493
2.602
3.335
2.615
1.62
1.562
2.736
3.778
1.556
3.433
3.811
2.298
2.318
3.172
3.86
3.368
1.851
2.601
3.88
1.947
1.886
3.71
2.907
1.848
2.548
1.7
2.167
1.569
2.533
4.0
1.94
2.728
3.406
3.672
2.73
2.321
2.211
3.515
1.942
3.773
3.645
1.5
3.172
1.643
1.676
1.901
3.704
2.735
1.8
2.033
3.066
2.389
3.586
3.133
3.369
3.725
2.173
2.768
1.804
2.546
3.033
2.667
2.275
1.98
3.344
3.64
3.314
2.436
1.608
3.937
3.152
1.812
1.957
2.295
1.695
2.973
2.637
2.663
3.132
3.607
3.623
1.69
2.961
2.74
3.926
2.267
2.309
2.78
2.529
2.188
2.008
2.167
2.917
2.915
2.805
3.933
2.752
2.995
2.873
3.69
3.031
2.522
3.436
3.425
2.144
2.765
2.397
3.05
3.875
1.951
3.478
3.373
2.154
3.327
2.335
2.932
1.874
3.683
2.351
2.089
2.608
3.022
1.649
2.878
3.143
3.366
3.382
2.22
3.105
2.905
3.287
1.573
3.891
2.904
3.768
2.08
2.489
2.016
1.777
2.602
2.728
2.365
2.131
2.485
2.922
3.097
3.337
2.214
3.282
3.097
1.575
3.647
3.965
3.442
3.941
3.636
2.533
2.865
3.391
3.552
2.115
3.829
3.295
3.36
2.232
2.494
1.905
1.503
2.7
3.643
2.404
2.614
2.794
3.784
2.443
2.019
2.03
2.728
3.184
2.817
3.398
2.633
2.0
3.333
2.861
2.274
3.511
2.736
1.79
2.896
3.872
3.897
3.648
2.854
3.372
2.122
2.494
3.843
3.384
2.494
2.919
2.254
2.007
3.185
2.048
1.876
3.454
3.997
1.727
3.898
1.757
2.695
2.473
2.591
1.703
2.982
3.808
2.54
2.768
1.893
1.629
3.863
1.569
2.589
2.183
2.112
2.672
2.835
3.036
2.039
3.805
2.394
2.145
3.344
1.879
2.355
3.942
2.762
3.157
1.606
1.785
1.882
3.689
3.117
2.56
3.616
3.38
2.127
3.475
3.706
3.497
2.172
3.641
2.135
3.938
1.911
2.868
3.683
2.685
3.604
2.019
1.611
1.539
2.3
1.903
1.523
3.894
2.678
2.585
3.981
2.925
2.884
3.401
2.676
2.618
3.244
1.737
3.677
3.675
1.834
2.537
2.476
3.237
1.558
2.007
2.101
2.583
2.58
2.752
2.252
3.937
2.21
2.294
3.291
3.231
2.56
3.301
3.996
0.084
1.948
1.586
3.34
1.697
3.819
3.559
1.763
2.688
2.319
2.962
2.438
2.94
2.313
2.601
3.721
3.174
3.838
3.92
3.653
2.45
3.58
1.985
1.832
2.732
2.66
3.293
2.464
3.914
3.122
3.83
2.224
3.863
3.82
3.072
1.527
3.913
2.693
2.401
2.413
1.532
3.428
2.834
3.139
2.494
2.945
3.119
1.818
3.386
2.171
3.274
3.09
2.383
2.909
1.762
3.132
2.592
3.577
3.051
2.414
3.008
1.873
1.967
2.334
1.871
3.515
3.716
3.052
3.35
3.297
3.407
3.037
2.478
2.463
2.825
3.352
3.079
3.402
2.135
1.722
2.221
3.649
3.058
3.571
2.988
2.986
3.261
3.715
3.816
2.165
2.592
1.641
3.42
1.959
2.886
2.385
2.334
3.478
2.496
2.008
1.82
2.333
3.936
3.279
1.998
3.989
2.913
3.539
2.073
3.987
1.605
3.829
3.859
2.322
1.87
3.636
3.637
3.956
3.95
1.798
2.303
1.801
3.712
3.903
1.816
1.924
3.711
2.096
3.102
3.734
2.908
2.842
3.499
3.976
3.13
3.573
3.872
1.906
2.213
2.891
1.848
2.408
2.238
3.925
3.149
1.752
2.582
3.587
2.192
3.23
1.611
2.472
3.493
1.554
3.551
2.926
2.063
2.118
3.784
3.699
1.748
1.755
1.681
2.191
2.966
2.352
3.954
1.662
1.895
2.127
3.944
1.669
3.925
3.085
2.032
3.844
3.513
1.801
3.324
1.811
2.024
2.858
1.541
1.54
1.819
3.157
3.057
2.657
1.89
2.592
1.878
3.382
3.691
1.577
2.942
3.602
2.985
3.275
3.48
2.054
3.374
1.56
3.895
2.391
3.589
2.897
2.512
3.674
2.862
3.675
1.793
3.707
1.767
3.933
3.011
1.822
2.466
2.625
1.666
2.267
2.218
1.658
1.895
2.653
2.734
2.054
3.364
1.706
3.194
2.295
3.535
2.135
2.941
2.875
1.562
2.2
3.045
3.294
3.549
3.865
3.638
2.831
3.496
3.99
3.279
2.984
2.492
3.081
3.743
1.768
1.818
3.408
1.653
3.308
2.533
3.966
1.581
3.974
3.209
3.172
2.745
2.215
2.278
1.851
3.514
2.252
2.526
3.133
3.64
1.702
1.631
2.653
3.202
2.431
3.211
2.203
3.345
3.333
1.966
3.632
3.927
2.956
3.505
2.988
1.865
1.889
3.771
1.567
2.725
3.704
3.411
2.269
3.875
3.553
2.441
3.561
1.601
2.732
3.713
2.553
1.763
2.934
2.972
2.075
1.913
2.571
3.756
3.249
1.718
2.772
1.564
1.727
2.271
3.301
3.247
2.434
3.306
2.663
2.296
2.045
1.731
3.186
1.5
3.75
2.909
1.683
1.622
3.874
3.013
1.536
3.076
2.394
1.593
3.075
3.223
2.255
1.71
2.899
2.915
3.283
2.283
3.502
1.579
2.876
2.597
1.958
2.721
1.891
1.707
3.575
2.6
1.656
1.609
3.912
3.304
3.044
1.797
3.555
3.971
2.908
3.682
3.291
2.575
3.376
3.137
2.772
1.912
2.283
1.769
1.993
2.388
3.373
2.937
3.752
2.644
3.24
3.892
2.412
1.834
2.749
3.364
2.731
2.034
3.194
1.705
2.596
1.86
2.737
1.859
3.949
3.113
2.092
1.693
1.519
3.678
2.481
2.934
3.281
2.896
1.808
1.501
1.628
3.173
2.177
1.774
3.035
1.562
3.144
3.521
1.756
2.402
3.639
1.71
2.786
2.968
1.778
1.742
2.312
1.554
1.929
2.633
3.864
2.297
1.551
3.239
2.315
3.481
3.376
2.326
2.087
3.085
1.546
1.926
3.161
3.922
2.724
3.878
1.896
2.312
3.291
2.893
3.813
1.822
2.32
3.297
2.622
2.228
2.133
3.812
2.946
1.843
3.81
1.541
3.222
2.925
3.278
3.995
2.445
3.013
2.842
3.767
2.498
2.676
3.815
1.859
2.683
1.709
2.12
3.465
2.361
2.339
2.066
2.852
2.768
2.139
1.838
3.1
2.708
2.969
2.624
2.185
2.563
3.996
3.183
1.505
3.066
3.731
2.73
3.16
3.402
1.92
2.172
2.23
3.042
2.912
2.052
2.441
2.345
1.821
2.452
2.409
2.519
3.229
1.803
2.893
3.245
2.72
3.348
1.907
3.487
2.986
3.949
3.143
2.595
1.751
2.562
3.099
3.518
1.986
3.994
2.107
3.583
3.43
2.617
3.387
3.863
3.752
2.152
2.875
2.671
1.623
2.076
2.712
1.801
3.309
2.111
3.619
1.916
2.132
2.678
2.124
1.626
2.696
2.736
1.811
2.19
3.842
1.713
2.004
2.71
1.556
2.585
2.187
3.142
1.548
3.03
3.409
3.666
1.552
1.978
2.094
2.316
2.349
1.809
3.17
3.352
2.553
1.749
3.556
2.029
2.727
2.85
1.598
2.324
2.647
2.064
3.12
2.89
3.979
2.33
3.045
3.053
2.971
3.768
3.606
2.805
1.9
2.362
3.764
2.843
2.53
1.664
3.628
2.204
1.902
1.864
3.112
1.839
3.676
1.579
3.969
2.227
2.854
3.086
3.851
3.967
2.941
3.894
3.131
3.223
2.347
2.009
2.917
1.745
2.869
3.873
3.591
2.616
1.805
3.38
2.808
1.944
3.838
3.812
2.709
3.198
1.597
2.205
2.913
3.628
3.964
1.653
3.2
2.316
2.694
3.829
1.545
2.388
2.113
3.735
2.42
2.888
1.887
3.923
3.749
1.509
2.117
2.383
3.892
2.757
2.918
2.409
2.785
3.07
1.562
2.689
3.783
3.032
2.944
1.934
3.788
3.066
3.061
1.825
3.616
1.67
2.67
3.714
3.998
2.217
3.705
3.164
2.308
2.183
1.779
3.006
2.248
1.605
2.534
3.948
2.058
1.615
1.748
2.253
3.297
1.898
3.478
2.29
3.0
1.898
2.09
2.999
3.678
3.195
3.881
2.634
1.607
1.623
2.05
3.699
2.921
1.601
2.417
3.331
2.968
3.885
2.652
2.203
3.463
2.367
3.706
2.109
3.246
2.027
2.117
2.004
2.224
2.515
2.054
3.734
3.366
1.669
1.753
1.734
2.6
3.536
3.0
3.427
3.219
2.594
3.559
2.784
2.734
2.229
2.364
1.638
2.414
2.532
3.8
1.502
3.981
2.345
2.955
2.946
3.292
3.45
1.831
3.558
2.566
3.554
3.953
3.107
2.841
2.192
3.233
2.522
3.914
3.868
1.517
2.862
3.095
3.284
3.23
1.651
1.764
3.839
2.646
3.784
3.04
2.911
3.108
2.686
3.109
3.683
3.383
3.507
2.188
2.076
3.506
2.156
3.569
2.011
3.995
3.455
2.238
1.873
3.168
3.332
2.101
3.59
3.175
3.377
2.764
2.446
2.049
2.143
3.547
1.966
3.02
3.723
2.51
1.511
2.607
3.9
2.828
3.589
2.042
3.745
3.063
3.141
2.293
3.753
2.232
3.723
3.202
3.935
3.133
3.997
1.957
3.483
2.833
3.314
3.137
3.768
3.122
2.997
2.76
3.791
3.103
2.879
2.291
2.815
2.766
2.621
3.233
2.978
2.515
3.232
2.96
3.314
3.475
3.153
3.708
1.951
3.444
2.343
2.122
1.892
3.527
2.423
3.622
1.627
3.312
3.489
1.753
3.932
2.246
2.688
3.954
2.209
2.659
2.0
3.377
3.051
3.976
1.934
3.261
2.383
3.835
1.67
2.651
2.242
2.989
1.954
2.804
3.927
1.648
3.548
1.676
3.779
2.76
3.584
3.359
2.666
2.539
1.722
2.26
1.836
1.726
1.52
1.933
1.958
3.428
3.994
1.811
3.506
1.744
1.55
2.383
3.213
2.104
2.759
3.496
3.652
3.982
3.871
3.782
2.308
1.925
2.905
2.391
3.048
3.342
3.302
2.786
3.391
3.453
3.213
1.755
1.6
3.667
1.552
2.661
2.131
3.574
2.082
2.596
2.182
3.17
3.58
1.659
3.105
3.657
2.12
3.759
2.944
3.935
2.832
2.012
2.973
3.581
3.217
1.841
2.21
3.553
3.504
2.845
2.383
3.705
1.996
2.437
2.724
3.861
2.025
2.061
2.782
3.63
1.704
3.967
3.348
3.438
3.186
3.376
2.91
1.992
3.275
3.754
1.701
2.546
3.727
2.478
1.514
2.159
2.667
1.537
3.491
3.682
2.437
3.12
2.837
2.021
3.442
2.558
2.525
2.742
3.615
3.962
3.075
3.005
2.893
1.855
3.705
3.639
2.742
1.58
1.667
3.514
3.65
1.976
3.61
2.122
3.726
1.813
3.919
2.041
1.922
2.525
1.826
3.51
3.05
3.931
3.712
2.507
2.334
1.595
3.577
2.95
3.938
3.683
2.652
2.057
3.324
3.873
3.842
2.149
1.95
3.965
2.811
2.069
2.644
3.025
2.867
3.013
2.011
3.595
2.759
2.941
2.182
3.973
2.99
3.739
1.987
3.086
1.518
2.456
3.637
2.554
3.664
3.642
3.442
1.931
3.112
3.626
2.387
2.626
2.744
3.905
1.657
2.243
3.442
3.823
3.905
2.882
3.612
1.796
2.826
2.105
1.712
2.188
3.804
2.542
2.292
1.582
2.861
2.286
2.418
2.243
1.965
1.617
3.373
2.477
2.821
2.174
1.83
3.469
2.946
2.951
3.194
2.252
2.75
3.461
1.641
2.785
1.539
2.261
2.824
2.379
2.621
3.099
2.367
2.184
1.875
3.93
2.709
1.72
3.714
3.181
1.783
2.359
2.182
3.918
1.582
3.048
2.55
1.715
3.76
2.424
2.933
3.357
3.669
1.797
3.213
1.814
2.003
2.339
3.855
2.119
2.72
2.702
1.863
1.758
2.936
2.388
2.627
3.542
3.257
1.735
3.171
3.438
1.79
3.336
2.28
3.058
1.917
3.86
1.546
2.842
2.883
3.568
3.602
3.187
1.512
1.827
3.944
3.456
1.504
2.946
2.172
2.517
3.346
3.523
2.43
2.817
3.032
2.941
2.677
2.447
1.893
2.56
2.358
3.981
2.435
3.058
3.607
2.539
3.336
2.718
2.582
3.42
3.354
2.19
2.054
2.17
3.677
3.366
3.713
2.058
2.87
3.152
3.653
3.427
1.976
2.818
3.211
2.707
1.575
1.946
2.89
3.664
2.786
2.428
2.493
3.37
2.179
2.65
2.989
2.161
3.156
2.237
1.782
2.911
2.141
3.827
2.309
3.031
3.355
3.087
2.743
1.761
2.295
2.822
3.815
2.249
3.265
1.804
1.582
3.964
3.28
3.691
1.62
2.651
2.622
3.289
3.465
1.802
3.253
2.371
1.936
2.405
1.698
3.448
3.824
3.26
3.472
3.195
2.674
2.577
1.902
3.4
3.812
1.56
2.749
3.39
1.89
3.098
2.996
3.836
1.663
2.789
1.977
3.766
1.774
2.642
3.32
3.646
3.093
2.943
1.964
3.849
3.998
2.836
3.287
3.723
2.457
3.464
3.92
2.841
1.542
2.117
1.935
3.268
3.829
2.132
3.674
1.653
2.879
3.136
2.497
3.96
2.37
2.75
3.953
3.255
3.831
2.752
3.261
3.396
3.539
2.345
2.481
2.372
3.593
3.875
3.676
1.944
3.455
2.762
3.006
3.311
2.674
1.778
2.763
3.67
2.354
2.004
2.783
2.16
2.38
2.721
2.41
2.155
3.385
2.846
3.179
2.768
2.583
3.942
4.0
2.923
3.617
3.886
2.66
3.414
1.564
3.95
2.387
1.81
2.973
2.461
2.34
2.835
1.899
1.519
3.47
2.979
2.9
2.895
3.132
3.949
2.77
2.675
2.797
3.632
1.557
1.559
2.767
2.502
1.649
3.892
3.224
2.372
3.956
3.271
2.37
3.732
3.037
2.454
1.663
1.63
3.796
2.064
3.042
1.616
2.28
2.842
2.939
2.779
1.84
2.994
2.733
3.545
1.789
1.942
1.7
2.584
3.852
2.167
2.857
2.374
2.72
3.881
1.983
3.592
1.665
2.622
1.539
2.365
3.792
3.917
3.279
2.251
3.933
3.701
2.31
1.879
3.898
3.648
3.399
2.645
3.996
3.314
2.137
2.349
3.028
2.737
2.25
2.564
2.091
3.632
2.951
3.46
2.5
2.909
3.705
2.169
2.317
3.363
2.593
3.264
1.628
3.269
1.589
2.66
2.42
1.577
3.093
3.347
3.451
1.592
3.602
2.102
2.601
3.284
2.654
1.659
2.681
3.494
3.712
2.101
2.324
2.915
1.969
2.044
3.42
3.545
2.344
1.905
2.814
2.222
3.653
2.422
3.122
3.634
1.619
3.744
3.844
2.029
2.782
3.891
1.654
3.436
3.13
2.417
3.461
3.811
1.742
2.692
3.087
2.046
3.788
2.409
2.736
3.813
1.607
2.677
1.708
2.148
3.157
2.767
2.977
2.982
1.569
3.825
3.676
2.589
2.685
2.379
2.062
3.294
2.051
3.008
2.356
1.662
2.107
1.75
1.586
1.933
3.969
2.515
1.542
3.961
3.771
2.038
2.601
2.238
2.584
2.05
2.994
3.901
3.472
3.931
2.902
3.445
2.066
2.165
1.855
1.84
2.833
2.408
2.755
2.761
3.351
3.703
3.361
3.111
3.777
3.858
1.78
3.761
2.642
2.665
3.364
3.283
3.013
2.69
2.231
3.186
3.521
1.945
3.684
3.913
2.222
2.442
2.281
3.273
2.279
3.371
2.157
1.614
3.522
1.932
1.61
3.835
1.581
2.593
2.539
3.973
2.68
3.583
3.634
1.995
2.492
2.518
1.839
1.853
3.28
2.871
3.375
3.28
3.502
1.833
2.137
2.427
2.244
2.775
2.008
3.274
3.252
1.913
3.551
2.259
3.947
1.596
3.34
1.732
2.777
2.055
3.637
1.623
2.215
2.013
2.851
2.136
2.057
3.817
1.7
3.469
1.757
2.185
3.197
2.463
3.085
3.285
3.178
3.548
2.267
2.0
2.511
2.458
1.924
2.368
2.103
2.427
3.346
3.2
3.706
2.576
2.987
3.491
3.96
3.115
3.971
3.407
1.81
3.261
2.968
3.076
3.876
3.698
3.436
3.667
1.702
3.036
1.997
2.871
1.614
2.403
3.696
2.16
3.562
2.388
2.272
3.28
2.518
3.954
1.818
2.983
3.931
2.183
2.115
2.987
2.023
1.902
1.843
3.809
2.619
3.208
2.215
2.209
2.638
2.978
2.072
2.153
3.116
2.032
1.876
1.761
3.997
2.181
3.695
3.536
3.023
3.435
3.79
2.402
2.335
2.373
3.254
3.511
2.857
2.717
3.574
3.879
3.589
3.944
3.391
1.619
1.977
2.364
2.422
2.624
1.623
3.565
2.747
2.497
3.598
2.643
2.77
1.833
2.747
3.577
3.183
3.38
1.606
2.087
3.761
3.115
2.746
2.888
3.781
2.465
2.31
1.594
3.342
3.584
2.578
3.845
3.815
3.582
2.766
1.756
2.942
2.189
2.072
1.774
2.162
2.661
3.04
3.928
1.687
2.19
1.669
3.801
2.744
2.357
2.484
3.965
1.66
3.541
2.932
1.531
1.646
1.852
2.106
2.895
2.33
2.161
2.399
1.71
2.596
1.868
3.818
2.858
1.68
3.112
2.078
2.654
2.937
2.632
2.338
2.472
3.331
1.623
3.346
3.556
2.52
3.832
3.678
2.743
3.075
2.515
2.304
2.323
2.416
2.26
2.217
1.986
1.657
3.556
2.601
2.674
2.866
2.881
3.176
3.917
3.609
3.74
2.393
3.416
2.779
3.47
3.781
2.798
2.109
3.008
2.859
3.891
2.18
2.903
3.266
1.557
2.215
3.027
2.008
2.878
2.388
1.885
3.705
2.785
3.745
3.582
1.601
3.658
1.83
2.86
3.118
2.136
3.534
3.81
2.066
3.966
3.874
2.826
3.102
3.591
2.288
2.28
2.037
2.817
1.517
2.43
3.284
2.922
3.825
3.08
3.837
1.709
2.548
3.366
3.859
3.744
1.719
3.037
1.948
2.63
2.9
1.992
3.535
1.949
3.23
3.62
3.13
2.909
2.051
3.192
1.648
1.577
1.566
3.101
2.971
3.654
1.991
3.184
2.7
1.771
2.816
1.604
3.034
3.298
3.158
3.5
2.955
2.274
1.839
2.969
3.517
3.94
2.054
2.406
3.119
3.505
2.107
1.513
2.913
3.94
2.679
3.564
3.966
2.125
2.307
2.259
3.319
1.78
3.833
3.076
3.329
3.583
2.499
2.399
2.262
3.45
3.299
3.832
2.852
3.249
1.759
1.804
1.871
2.801
3.022
3.312
3.285
2.147
3.157
1.898
3.625
3.816
3.774
2.18
3.646
2.968
2.556
3.553
3.103
2.539
2.709
3.9
2.831
1.6
2.333
3.631
2.017
1.708
3.179
3.367
2.764
2.558
2.157
1.593
1.604
2.64
2.965
3.26
3.919
3.099
3.402
1.686
2.478
2.838
2.758
3.031
3.701
1.9
3.636
2.209
3.686
3.837
3.498
3.738
3.81
1.783
3.645
2.057
2.558
3.384
3.743
2.563
3.95
1.748
3.496
3.387
1.707
3.683
2.679
3.955
3.446
1.785
2.871
3.456
2.013
3.076
2.368
1.759
2.671
3.111
2.642
2.509
3.54
2.585
3.466
1.839
1.82
3.474
1.642
3.495
2.227
2.64
Error de lectura!!!
3.567
1.73
3.736
2.167
3.89
2.562
3.554
2.784
3.4
3.222
3.966
2.654
3.868
2.634
3.527
3.565
2.456
2.257
3.506
2.849
3.054
3.304
3.921
2.923
1.645
2.134
1.89
1.649
3.607
2.144
1.897
2.551
3.27
2.622
2.283
3.32
2.808
3.915
3.712
3.601
3.353
2.965
3.646
3.681
3.85
3.439
1.685
3.619
3.765
1.707
3.087
2.148
1.603
3.334
3.052
2.51
2.022
3.767
2.467
3.345
2.414
3.884
2.759
2.096
1.79
1.962
1.514
3.816
3.77
1.683
2.486
2.167
3.737
3.671
1.778
1.542
1.922
2.114
2.361
3.256
2.713
2.211
3.603
3.616
2.072
3.446
3.465
3.765
3.903
3.606
2.885
3.962
1.84
2.872
2.411
3.603
2.039
2.306
2.253
2.506
2.256
1.554
3.158
2.305
2.215
2.363
3.462
2.586
2.372
2.661
2.222
3.487
2.625
2.975
3.699
3.75
2.426
3.327
1.546
1.625
1.655
2.564
3.462
2.515
2.437
3.642
2.526
1.533
2.286
2.643
3.338
3.898
2.992
3.79
1.533
3.528
2.715
2.768
1.829
1.705
3.421
2.058
1.885
3.638
2.324
2.988
3.522
1.735
2.414
3.558
2.028
3.019
1.94
2.429
3.418
2.201
3.015
2.293
2.066
1.612
3.621
2.958
2.658
2.918
3.374
3.956
3.279
1.825
3.706
2.858
2.027
2.42
3.721
3.998
1.735
3.907
2.089
2.748
2.02
1.656
3.09
2.604
2.802
3.781
3.551
3.342
2.908
3.401
2.288
2.731
1.55
3.984
2.892
2.885
1.81
2.666
2.91
2.779
3.952
1.555
1.755
3.875
1.623
3.339
3.433
2.709
3.502
1.781
3.629
2.707
3.744
2.911
2.295
2.316
2.434
3.491
1.603
2.409
2.516
3.52
2.203
3.47
2.454
2.512
2.226
3.268
2.13
3.08
1.876
2.593
2.718
2.083
3.277
1.521
2.15
2.663
1.904
2.536
3.275
1.843
3.713
3.154
1.65
2.304
2.208
2.216
3.339
1.529
3.354
2.029
3.245
3.475
1.503
3.57
2.337
2.781
2.46
1.794
3.906
1.71
2.811
2.489
3.595
3.072
3.598
3.898
3.665
3.101
2.491
1.703
3.095
3.905
2.231
3.056
1.833
1.965
2.115
3.115
3.148
1.791
1.85
3.079
3.126
2.348
2.096
2.953
3.802
2.832
3.315
2.783
1.953
2.06
1.588
1.916
3.217
3.413
2.453
2.432
3.99
3.948
2.308
2.716
3.982
2.958
3.649
1.921
3.407
2.052
3.558
2.779
2.126
3.163
3.231
3.688
1.919
1.546
1.858
3.698
3.418
1.517
3.971
2.091
3.215
3.529
3.634
3.087
3.783
3.612
3.256
3.015
3.464
3.705
1.717
3.523
3.17
2.912
3.617
3.968
3.881
2.271
2.186
3.482
1.896
2.881
3.837
1.722
2.602
3.612
2.843
3.249
3.117
1.646
3.813
3.513
2.795
3.806
2.408
3.254
1.817
2.963
1.953
1.649
3.128
1.862
3.435
3.829
2.772
3.304
3.148
1.771
1.901
2.302
2.761
2.981
1.726
2.799
1.881
3.142
1.927
1.896
3.68
3.228
1.897
1.977
2.77
3.709
1.809
2.726
2.24
3.012
2.193
1.782
2.437
3.13
3.419
1.981
2.906
2.972
3.462
2.274
2.54
1.838
3.053
2.145
3.279
3.284
3.155
1.989
1.861
2.988
2.671
2.607
2.538
2.655
2.373
2.899
1.691
2.92
3.372
3.775
3.908
3.852
1.755
3.915
2.07
3.527
2.046
2.062
3.507
2.503
2.783
3.504
3.588
3.736
1.846
1.515
1.643
3.403
2.949
2.822
2.804
1.921
2.941
3.539
3.189
2.283
1.53
3.567
3.982
1.826
3.923
1.919
2.978
3.905
2.303
3.908
1.681
1.655
3.53
2.601
2.694
2.163
3.119
3.891
2.296
3.17
2.484
2.051
2.199
3.378
2.536
3.992
Error de lectura!!!
3.212
2.239
1.572
2.455
2.649
2.98
2.945
3.538
2.807
2.204
2.589
1.913
2.512
3.194
3.737
1.582
2.629
1.715
2.883
2.489
3.042
2.19
2.257
3.482
2.748
2.576
2.599
3.106
2.948
1.536
3.622
3.255
3.818
2.924
2.276
2.874
2.488
2.676
2.167
3.488
2.617
3.363
1.985
1.538
2.878
2.78
3.763
3.576
2.374
2.039
2.99
2.84
3.083
1.643
3.429
2.501
2.275
1.888
3.988
1.73
3.104
2.537
3.964
2.83
3.888
2.96
3.973
2.521
1.952
2.62
3.855
3.969
3.863
2.326
1.94
3.51
3.577
3.251
2.819
1.569
2.887
2.616
2.118
3.411
1.689
1.866
3.519
3.641
2.574
3.673
2.841
3.334
3.675
2.234
3.145
2.431
1.93
2.878
3.672
2.551
2.982
1.732
3.973
3.106
2.912
2.636
2.769
1.614
3.803
3.647
3.091
3.802
2.697
1.989
3.614
1.967
1.523
3.012
3.183
2.804
3.923
3.938
1.786
2.465
3.42
3.991
3.18
1.614
2.872
2.096
3.765
2.712
3.588
1.568
3.515
2.903
2.73
2.106
2.716
2.876
1.593
3.1
1.951
3.103
1.557
3.182
3.228
3.267
2.247
3.737
3.385
2.327
3.128
1.986
3.099
3.745
3.661
3.014
2.805
3.65
3.934
3.919
3.112
3.197
2.018
1.638
3.589
3.135
1.593
2.719
3.445
3.678
3.582
3.064
3.438
2.51
1.821
3.244
2.939
2.417
3.111
3.489
3.112
2.172
2.434
2.104
3.035
3.746
2.86
1.51
3.02
2.878
3.465
2.566
2.575
3.658
3.177
3.82
2.942
2.14
3.171
2.393
3.119
3.276
2.725
2.589
2.748
2.418
2.476
2.274
3.423
3.093
3.327
2.368
1.839
2.705
1.663
2.942
3.991
2.426
3.33
2.613
2.952
2.796
1.982
3.358
2.688
2.452
2.71
2.33
3.684
1.744
1.659
3.169
2.779
1.563
3.602
3.892
1.609
3.708
3.966
3.12
3.204
3.466
1.965
2.747
3.223
2.7
2.103
3.344
3.587
3.001
2.2
3.262
3.48
3.42
3.579
2.838
2.452
3.753
3.733
3.493
3.623
1.858
3.363
1.68
2.156
2.333
3.371
2.692
3.079
1.787
2.09
3.221
1.551
1.968
3.004
2.553
1.596
1.57
3.143
2.194
3.629
3.494
3.616
1.942
3.925
2.639
2.174
2.025
1.783
1.736
2.626
2.135
2.112
2.36
1.934
3.337
3.364
2.56
3.649
1.56
2.802
3.531
2.181
1.908
2.518
2.373
3.681
3.338
1.849
3.358
3.01
3.218
1.708
2.927
3.201
3.169
1.745
2.447
3.205
1.585
2.448
3.991
2.161
3.006
3.522
3.459
2.097
2.467
3.698
2.253
1.666
3.028
2.657
2.677
3.403
3.739
1.808
2.416
3.722
3.724
2.7
3.026
3.824
3.262
2.929
3.767
3.882
3.98
3.433
2.275
2.014
3.976
1.556
3.052
2.718
3.705
2.219
3.661
2.868
2.32
2.431
3.066
2.3
3.669
3.855
1.553
2.481
3.438
2.166
3.466
3.937
1.683
2.356
3.783
2.576
2.334
1.955
3.319
3.087
2.102
1.992
2.903
3.024
3.241
2.208
2.026
3.998
3.582
2.916
2.551
1.733
2.607
2.743
1.926
3.353
2.099
1.522
3.131
3.306
1.897
3.281
3.887
2.782
3.384
2.974
3.367
3.301
3.63
2.604
2.958
2.224
1.688
2.62
2.272
2.038
3.687
3.096
2.494
1.941
2.945
2.583
3.966
2.796
3.47
3.969
3.745
2.118
2.058
3.059
1.848
2.982
2.125
3.308
2.291
1.962
1.843
3.49
2.593
1.569
2.966
1.517
2.49
2.688
2.275
2.137
2.981
3.018
3.703
3.089
3.193
3.724
3.288
1.754
3.366
3.292
1.569
2.474
2.907
3.78
1.754
3.22
2.055
1.531
2.165
3.0
3.844
3.997
1.516
1.515
3.929
2.39
2.714
2.253
2.796
2.373
1.54
2.339
3.93
3.151
3.403
3.209
2.845
3.068
3.709
1.657
2.181
2.672
3.562
2.563
3.979
2.679
1.885
3.341
2.576
3.914
1.829
3.837
2.99
2.922
2.029
1.589
2.073
2.905
2.531
3.098
2.092
1.736
2.147
2.204
1.969
3.064
3.627
3.615
3.595
2.366
3.671
3.573
3.778
2.042
2.664
1.784
3.772
2.735
2.237
1.746
2.263
1.54
3.933
1.518
3.585
2.436
3.642
2.941
2.226
1.654
2.116
2.588
1.867
1.598
3.887
2.324
2.212
2.867
3.221
3.003
2.902
3.178
3.519
3.873
3.87
2.766
3.908
3.503
1.947
3.259
2.689
3.42
3.428
2.942
2.27
2.397
3.394
3.535
2.354
1.983
2.265
3.982
1.927
3.061
2.026
3.28
2.493
3.789
3.378
2.28
1.863
2.467
3.191
2.991
1.586
2.206
3.302
3.095
2.539
2.221
2.468
2.172
1.684
3.406
2.812
1.571
2.85
1.539
3.749
3.186
2.242
3.916
2.918
3.465
3.466
2.066
2.584
2.489
2.601
3.207
2.138
3.304
3.91
3.73
2.414
1.731
2.731
3.498
2.819
2.611
2.303
2.009
1.881
2.313
3.285
3.914
1.947
2.707
3.311
2.733
2.858
2.142
1.98
2.831
3.333
1.771
3.42
3.326
1.816
1.977
3.288
2.615
2.89
1.793
3.12
3.219
1.935
3.463
1.652
1.959
3.644
1.581
1.653
3.571
1.687
1.865
1.559
1.607
3.933
2.801
2.596
2.64
1.731
1.693
2.45
2.581
1.804
3.928
2.796
2.201
3.678
2.0
1.86
2.797
2.018
3.319
1.709
2.414
1.823
2.534
2.194
3.807
3.883
3.129
1.765
1.673
3.855
3.389
3.275
2.145
3.186
2.325
3.376
2.412
1.889
2.105
3.061
2.575
1.683
1.751
3.334
1.888
3.514
2.602
1.852
3.707
2.176
2.381
3.949
2.864
2.517
2.811
2.883
3.696
3.894
3.333
2.331
3.685
2.189
1.748
1.669
1.535
2.497
3.951
1.548
2.863
3.303
3.798
2.534
2.74
1.786
2.937
1.514
3.505
1.669
1.863
1.535
2.588
2.833
3.719
1.948
2.094
3.222
3.001
2.732
3.576
1.856
1.659
3.681
2.75
2.324
1.564
1.725
2.424
3.562
3.441
2.327
2.031
3.595
3.118
2.246
1.511
3.651
1.591
2.105
2.42
3.0
1.958
2.126
3.608
2.897
2.921
1.938
3.301
3.393
2.598
2.201
2.587
1.743
2.206
2.314
3.984
1.529
1.803
2.801
2.583
2.871
2.095
2.479
3.747
3.179
3.052
3.518
2.166
3.337
3.693
3.905
3.674
1.739
2.518
3.92
1.785
2.714
3.089
2.331
1.854
2.346
3.611
2.143
3.854
3.531
1.95
2.298
2.893
3.956
3.134
3.414
2.019
3.754
2.402
2.334
1.535
3.565
3.229
1.832
3.182
3.118
2.55
3.45
2.429
2.922
2.187
3.66
2.575
3.882
2.009
2.091
3.961
2.498
1.772
2.045
2.021
2.33
1.991
2.902
3.934
2.016
2.324
1.945
1.774
1.82
3.248
3.089
3.574
3.009
2.639
2.602
2.167
2.125
3.566
3.943
3.412
3.232
3.968
2.66
2.183
3.54
2.291
3.264
3.7
3.184
3.328
2.325
3.967
2.276
3.617
3.223
3.574
3.862
3.455
3.599
2.719
3.361
2.728
3.948
2.488
3.764
2.6
3.125
1.875
1.582
2.62
1.508
3.452
1.671
3.215
3.769
2.336
2.81
3.135
3.639
1.66
3.621
2.132
1.672
1.545
1.891
2.25
3.323
2.614
1.518
2.203
1.874
1.806
1.568
2.553
1.941
3.42
2.613
3.316
3.16
3.36
3.595
1.579
3.369
2.486
3.568
2.161
2.028
2.936
3.875
3.472
3.985
2.824
3.281
3.208
2.776
3.933
1.68
1.88
3.868
2.232
1.997
2.513
3.812
3.505
3.247
2.428
2.101
3.343
3.32
2.05
3.878
3.16
2.362
1.931
2.247
3.014
2.999
1.787
2.671
3.515
2.19
3.143
2.701
3.944
2.332
1.759
3.806
1.925
2.124
2.226
1.605
1.587
2.603
2.58
2.638
2.786
3.409
1.637
3.887
2.83
2.763
3.815
2.768
2.953
1.792
2.506
2.416
3.299
1.834
1.943
3.843
3.326
3.575
1.678
3.305
2.77
2.712
2.258
3.328
2.204
3.79
2.56
1.701
3.166
2.796
2.321
2.987
2.521
2.496
3.662
3.976
2.193
2.568
3.065
3.25
3.887
2.49
3.364
2.46
3.979
2.476
3.023
2.113
2.045
2.269
1.549
2.306
2.375
3.872
1.539
3.273
2.122
2.651
3.906
2.884
1.647
3.661
3.142
2.557
2.95
3.325
3.371
2.221
2.29
2.713
2.343
2.259
2.167
2.579
2.477
2.117
2.07
2.63
1.597
2.469
3.652
3.356
3.328
3.695
2.479
3.963
1.812
2.035
3.106
2.214
1.689
3.057
1.693
2.249
2.029
2.691
1.726
3.653
2.794
2.65
3.3
3.612
1.959
2.431
3.889
2.027
2.509
2.914
3.966
3.669
1.815
2.767
2.556
2.53
1.617
2.182
3.611
1.851
2.422
2.854
2.554
2.867
2.635
1.984
2.643
3.365
2.236
2.624
2.667
2.18
1.816
1.841
2.898
2.412
3.598
2.652
2.553
2.757
2.401
2.84
3.095
3.85
2.932
1.769
3.496
2.332
1.526
1.617
3.001
3.335
2.826
3.785
3.264
3.834
1.501
2.152
2.186
1.633
1.829
2.272
2.841
2.288
3.204
1.994
2.316
2.893
3.585
3.419
3.194
2.832
3.557
2.128
3.795
2.666
2.528
1.598
1.611
1.959
2.181
2.197
2.736
3.28
3.435
2.163
2.309
2.467
3.979
2.521
1.643
2.617
3.579
2.82
1.849
1.795
2.649
2.129
3.849
2.298
1.923
2.54
1.966
3.827
2.301
3.471
3.608
3.312
3.317
3.923
1.657
3.494
3.273
2.029
2.242
2.311
2.434
1.641
1.588
3.937
2.064
2.302
2.84
3.856
1.805
3.647
3.578
1.905
2.552
2.865
2.175
3.535
3.066
1.665
3.56
2.179
1.571
3.327
3.81
2.114
2.014
3.044
3.464
2.146
1.627
2.4
3.242
1.936
2.063
1.838
3.657
3.775
2.149
2.901
3.004
3.305
1.618
2.464
2.42
2.707
1.695
2.255
3.503
2.121
2.778
2.718
2.004
3.99
2.609
2.618
3.372
1.777
3.176
3.941
3.176
3.922
1.895
2.94
2.464
1.742
1.604
2.077
3.978
2.989
2.885
2.86
3.858
2.6
1.929
3.159
2.979
2.399
2.17
1.707
3.86
2.609
1.675
2.3
1.835
2.335
3.07
1.943
3.297
2.998
2.4
3.787
1.777
2.354
3.417
3.183
3.956
2.775
1.548
3.921
2.141
1.552
3.975
2.926
2.298
2.881
2.146
3.041
3.288
3.257
3.802
3.718
1.718
2.167
3.025
3.199
3.388
2.163
3.194
2.899
1.805
1.847
2.943
1.798
1.838
3.128
2.601
3.2
1.836
2.335
2.296
3.493
3.229
2.388
3.606
3.806
2.49
2.917
2.648
2.084
3.822
2.825
1.812
3.898
2.046
2.026
2.356
1.56
3.849
1.793
2.912
2.264
2.834
3.873
1.972
3.901
2.293
3.789
3.677
2.137
2.458
2.056
2.367
3.656
3.897
1.809
3.374
3.376
1.734
2.049
2.231
3.248
2.387
3.339
2.649
3.582
3.596
2.482
2.745
2.229
2.073
3.512
3.929
2.836
3.833
2.663
1.546
3.93
3.413
2.369
1.558
2.033
2.079
3.156
2.523
2.083
3.513
2.321
2.275
3.874
1.822
3.181
3.684
3.485
3.056
3.423
2.557
1.846
3.61
3.925
2.917
2.727
2.092
2.797
1.705
1.965
3.108
2.735
1.668
1.589
3.942
2.855
2.226
3.954
3.706
1.688
2.183
2.703
1.692
1.944
2.365
2.48
2.145
3.429
2.568
2.207
2.094
3.92
2.717
1.716
3.981
3.176
1.725
2.189
3.841
2.817
4.0
2.668
3.146
3.356
3.143
3.332
1.57
2.803
2.073
1.664
3.839
3.966
2.649
1.916
1.564
3.667
3.403
2.324
1.851
3.398
1.721
2.7
1.631
1.79
1.69
3.142
3.619
2.604
2.904
2.628
3.918
2.289
2.631
1.77
3.468
2.615
2.563
3.336
1.728
3.526
2.943
3.521
1.77
3.437
2.386
2.439
3.21
3.598
2.999
3.002
2.839
3.154
1.944
3.079
2.695
2.201
3.937
1.725
1.738
2.352
2.469
1.614
2.222
2.873
2.563
2.894
3.384
3.711
1.564
3.319
3.439
2.353
1.64
2.015
1.722
1.55
2.196
3.473
2.184
3.829
3.415
2.65
1.8
2.058
2.601
3.227
3.482
2.301
3.573
2.016
3.722
1.687
3.216
2.618
2.519
3.638
1.738
2.488
2.813
1.928
3.932
3.217
3.235
3.309
3.305
3.347
3.47
3.633
2.25
2.48
3.314
3.9
3.447
3.597
3.899
2.491
1.713
3.086
2.626
1.633
2.429
2.253
3.061
1.984
2.362
3.132
2.485
2.65
3.818
2.089
2.692
1.577
2.047
3.874
2.848
1.795
1.891
3.543
2.202
1.608
3.097
3.162
3.331
3.825
2.345
1.549
2.953
2.344
3.017
3.225
2.292
1.748
3.727
2.513
2.373
3.997
3.803
2.921
3.101
2.631
3.821
1.92
2.618
1.833
3.08
3.866
2.99
1.705
3.231
2.841
2.951
2.442
3.292
3.498
3.768
2.577
1.654
2.373
1.836
2.948
3.799
1.746
2.322
1.852
2.408
3.694
1.717
2.198
1.561
2.11
3.179
2.028
2.931
2.243
3.395
2.611
2.645
2.362
2.876
3.655
2.637
3.937
1.601
2.32
3.245
2.702
2.375
1.627
3.562
2.462
3.368
3.743
2.594
2.758
3.124
3.753
3.273
3.192
2.611
1.926
1.828
2.434
3.901
1.779
3.174
3.804
2.529
2.181
1.885
3.685
2.096
3.205
2.397
3.162
2.265
2.626
2.233
2.847
2.535
1.956
3.245
3.757
3.26
2.429
3.375
3.828
1.601
3.075
2.777
2.342
3.319
2.682
2.618
2.695
2.897
2.204
2.938
2.996
2.262
3.298
3.953
2.203
1.601
3.08
3.121
2.296
1.554
1.872
3.294
1.556
1.988
1.623
3.2
3.382
3.56
1.91
3.341
3.51
2.861
3.785
3.462
2.675
3.242
3.308
2.596
1.933
2.17
1.585
3.625
2.473
2.225
2.142
1.55
2.447
3.51
3.911
3.45
1.802
3.973
1.806
3.927
2.825
3.82
3.065
3.096
3.331
3.404
3.494
2.402
3.019
2.238
1.702
3.397
3.821
2.118
2.899
3.315
1.965
3.358
2.784
2.223
2.673
1.863
1.645
2.583
2.471
1.881
2.509
3.329
3.754
2.318
2.837
2.807
2.981
2.728
3.299
2.695
3.241
2.108
2.138
3.209
2.922
1.663
2.126
3.82
2.745
3.675
3.565
2.285
2.947
2.685
1.567
1.575
3.607
3.49
3.068
1.861
2.326
2.323
2.137
2.75
2.074
2.993
3.828
1.515
3.118
3.696
2.976
2.563
2.38
3.427
2.301
3.252
3.469
3.888
2.463
3.809
3.579
2.675
3.074
3.421
2.369
1.697
2.201
3.58
2.136
2.854
2.186
1.818
3.607
1.976
3.26
3.552
2.619
2.365
1.686
3.027
2.852
3.645
2.21
2.943
2.503
1.654
3.766
