3.638
3.896
1.606
3.958
2.014
2.757
2.021
3.634
3.842
1.53
3.76
3.857
1.503
2.91
2.116
2.702
1.835
2.352
2.204
3.817
2.708
3.344
2.307
3.697
2.697
3.859
3.541
3.248
3.924
1.855
3.622
2.811
2.91
2.714
2.667
3.268
1.52
3.137
3.832
3.917
2.608
2.715
3.509
3.99
3.075
3.355
2.568
2.024
3.193
3.851
2.237
2.142
3.272
2.027
2.824
2.907
1.523
1.697
2.208
2.234
3.028
2.406
2.055
3.881
2.955
2.47
2.692
3.206
3.13
1.796
2.374
2.973
3.623
2.887
3.068
2.811
3.939
2.216
3.754
3.278
2.995
2.713
1.992
3.496
3.234
2.028
2.777
2.828
3.034
1.935
1.954
3.063
3.613
2.465
1.853
2.928
1.623
2.124
1.713
1.834
2.912
3.339
1.975
2.666
3.885
2.478
1.989
2.627
3.305
2.178
3.896
2.683
3.369
1.688
2.077
3.103
1.846
2.504
2.014
1.573
3.916
3.584
1.699
3.103
3.796
2.483
3.307
3.754
2.439
3.323
3.012
1.626
2.865
3.928
1.634
3.762
1.722
4.0
1.753
3.867
2.127
3.179
3.698
3.649
3.77
2.08
2.109
3.731
1.585
2.775
1.674
3.195
2.861
2.877
2.132
3.814
2.956
1.754
3.408
3.818
2.183
2.184
1.869
2.731
1.645
1.665
2.639
2.365
3.527
3.829
3.884
3.516
3.339
2.137
1.96
2.707
3.192
3.612
1.606
2.187
2.819
2.417
2.76
1.929
2.741
3.557
1.53
2.297
2.269
2.706
2.59
2.558
3.266
1.849
3.01
2.5
3.302
2.028
2.993
2.082
2.208
3.537
3.535
2.797
3.299
2.073
3.026
3.016
2.245
1.806
3.597
3.423
1.989
3.427
2.874
3.747
1.975
1.533
2.906
1.847
3.346
1.997
1.628
2.412
2.832
2.552
1.658
3.299
3.234
1.875
2.339
3.421
3.399
2.132
2.245
1.881
1.768
3.797
2.182
3.508
3.424
1.528
3.694
3.642
3.151
3.186
3.412
3.225
2.978
2.508
1.72
1.919
2.84
1.728
3.055
3.954
1.746
3.862
3.454
3.587
2.235
1.608
3.612
2.609
2.813
3.262
2.959
3.933
3.422
1.587
3.434
2.33
3.199
1.698
1.767
3.801
1.615
1.615
3.401
3.224
1.538
2.788
3.927
2.613
3.03
3.192
3.077
1.764
1.753
2.332
1.682
2.673
3.012
2.193
2.909
3.409
1.595
2.074
3.682
3.582
1.877
1.994
1.755
3.681
1.946
2.374
2.344
3.611
1.515
1.619
3.61
3.899
3.594
1.677
2.321
3.698
2.927
1.932
2.995
3.411
2.142
2.58
3.569
2.933
2.773
2.585
3.852
3.041
2.754
2.045
2.239
2.267
3.955
1.633
2.444
3.555
3.691
3.825
1.694
3.885
2.303
2.399
3.083
1.751
2.715
3.86
3.071
3.906
2.734
1.677
1.528
2.496
1.618
3.911
3.781
3.857
2.469
1.88
3.424
3.013
2.914
2.829
2.108
3.925
3.191
2.236
2.288
3.199
2.367
1.87
2.497
1.802
3.058
2.71
2.924
2.463
3.371
3.111
3.676
3.092
3.581
3.565
3.365
3.298
2.961
3.149
3.528
2.384
2.832
1.816
3.703
3.791
3.992
2.378
3.471
1.733
2.866
3.446
3.484
2.913
2.179
1.803
2.217
3.282
3.475
2.924
3.806
3.46
3.411
1.775
2.346
1.54
3.303
2.729
3.788
3.12
3.861
1.552
2.271
1.762
1.851
1.914
2.847
2.847
2.688
3.772
3.636
3.632
3.41
3.803
2.448
2.031
3.817
1.507
2.218
3.228
2.729
3.002
1.952
3.913
3.041
3.873
2.85
3.852
2.94
1.902
2.045
2.252
3.781
1.798
1.638
3.103
2.006
3.875
2.075
3.296
2.439
2.887
3.207
3.528
2.867
1.505
3.905
1.526
2.823
2.396
1.54
3.348
3.102
3.065
3.788
3.314
3.34
2.99
2.457
2.177
2.376
1.82
2.014
2.86
3.668
2.32
2.838
3.68
3.056
1.584
2.058
2.269
3.367
3.255
2.707
3.505
3.276
2.278
3.997
2.465
1.693
2.236
1.591
3.682
3.13
1.821
2.864
1.999
1.598
1.89
2.504
2.239
2.924
1.808
2.374
2.427
1.84
2.411
3.971
3.207
1.751
3.567
1.603
1.658
1.768
1.974
3.872
3.882
2.248
2.229
1.525
2.281
2.377
2.372
3.676
1.751
3.312
2.58
3.931
2.853
2.886
1.539
3.375
2.476
1.922
3.276
3.46
2.861
3.615
2.169
3.653
3.264
2.969
3.043
1.904
3.729
3.981
3.837
1.799
2.715
3.591
2.95
3.803
2.655
1.722
3.283
2.489
3.747
3.546
1.738
3.204
3.754
2.303
3.299
2.067
3.36
2.398
2.988
3.888
3.277
2.189
3.557
1.911
2.401
2.414
2.66
3.45
2.986
3.555
3.686
3.455
2.195
2.47
Error de lectura!!!
2.993
1.602
2.542
1.978
3.016
3.529
1.719
3.4
2.992
1.615
3.774
2.558
2.654
2.479
2.812
3.93
1.734
1.59
2.175
2.339
3.284
1.649
2.295
2.614
1.55
2.447
3.986
2.601
3.409
2.444
3.361
2.799
2.512
1.581
3.36
1.714
2.778
3.499
2.236
1.667
3.124
3.193
3.544
2.324
3.491
2.817
2.55
2.832
2.893
3.821
1.624
1.91
3.973
1.589
2.115
1.512
2.194
2.329
1.945
3.428
2.262
2.94
3.977
1.838
3.342
3.333
3.726
3.355
3.185
1.793
1.587
2.025
1.824
1.632
3.019
3.015
3.929
3.103
2.109
2.644
2.865
2.529
2.173
3.539
3.853
3.053
3.698
2.451
3.058
2.087
1.6
3.522
3.136
3.454
1.921
3.843
1.678
1.583
3.292
2.539
2.685
3.495
3.731
2.097
3.618
2.319
2.43
3.128
3.267
1.947
2.982
1.848
2.602
3.15
1.803
3.2
1.887
2.256
2.116
2.946
2.061
1.65
2.167
3.332
3.757
2.835
2.853
3.025
2.858
3.647
3.885
3.764
3.196
3.032
2.868
1.659
2.991
2.078
1.532
2.417
2.777
2.904
2.651
3.564
2.94
3.765
2.359
3.437
2.034
2.165
1.706
1.726
1.899
1.701
2.934
3.119
1.931
3.249
2.112
3.113
3.009
3.519
1.548
3.775
2.129
1.507
2.66
2.962
1.86
1.711
3.55
2.847
3.799
2.206
3.376
2.346
2.868
3.277
3.826
2.368
2.03
2.758
1.659
3.96
2.664
3.769
1.822
3.691
3.348
2.989
2.713
2.316
2.888
2.44
2.462
2.584
2.175
3.927
3.32
2.78
2.632
3.812
3.129
2.5
2.236
2.544
3.634
2.417
2.485
3.848
3.016
3.039
3.924
2.865
1.664
2.665
2.269
2.26
3.714
1.574
3.9
3.023
2.074
1.925
1.672
1.92
1.982
2.501
2.778
3.364
2.687
3.945
2.617
3.736
3.197
2.799
2.229
3.779
2.425
3.589
2.918
2.981
3.526
2.238
2.549
2.368
3.55
2.868
2.519
1.5
2.164
2.218
1.668
3.106
3.52
1.958
3.855
3.34
3.615
1.862
3.732
3.356
2.539
3.5
3.742
3.618
1.72
1.953
1.851
2.661
2.882
3.647
1.799
3.659
2.863
2.024
3.055
2.406
2.882
3.237
1.708
2.532
3.499
1.833
2.262
2.111
2.209
1.647
2.697
3.653
3.053
2.837
2.238
2.214
2.061
1.864
2.719
3.738
3.151
2.088
2.659
3.883
3.179
2.965
3.962
3.618
1.505
2.876
2.633
2.292
2.944
3.349
3.41
2.653
3.565
3.036
3.502
1.757
3.276
2.915
2.379
1.775
2.132
1.699
3.005
2.43
1.784
2.371
3.707
3.306
2.665
3.272
3.016
2.196
1.946
3.012
2.322
3.303
2.662
2.995
1.72
3.963
3.103
3.041
3.767
3.702
2.372
3.031
3.385
2.148
3.576
1.916
3.068
2.409
2.802
2.293
2.519
3.721
3.637
2.277
1.858
3.575
3.093
1.568
3.773
1.541
1.61
2.133
3.032
3.269
3.803
2.754
3.381
2.572
3.0
2.854
2.007
2.176
3.614
3.596
2.855
1.769
2.115
3.615
3.017
1.996
1.56
2.177
1.854
2.961
2.54
2.706
2.264
3.569
1.772
2.572
3.787
2.363
3.188
2.995
2.783
2.003
3.071
1.682
3.666
1.632
3.203
3.591
2.044
3.94
3.999
3.123
3.607
1.673
3.51
2.011
1.966
2.177
2.831
2.324
3.959
3.801
3.245
2.937
2.232
3.232
3.977
2.889
3.045
3.016
3.754
3.397
2.412
3.124
2.078
3.82
3.598
1.767
2.558
1.955
2.953
3.163
2.423
2.073
1.823
2.201
2.243
1.633
3.028
3.76
3.443
2.559
2.335
3.443
3.323
1.896
3.789
3.793
3.97
2.983
2.438
2.838
2.952
2.863
1.812
2.702
3.916
3.883
2.159
1.848
3.638
3.67
1.819
2.815
2.195
3.184
3.777
3.104
3.099
3.229
3.38
2.059
2.69
2.804
3.249
2.505
2.777
3.867
3.161
2.293
2.811
3.838
3.732
2.502
3.994
2.022
2.342
3.363
2.641
3.763
1.591
3.283
2.704
1.544
3.488
1.803
2.33
2.243
1.921
1.799
1.564
2.976
2.657
3.035
2.043
1.941
2.58
2.235
2.09
2.941
1.549
1.682
3.224
3.318
3.306
3.198
2.867
3.276
3.952
3.773
3.732
2.584
3.962
2.965
2.872
3.004
3.336
2.985
2.47
3.793
3.513
2.603
2.808
3.416
3.216
1.954
3.477
2.136
2.228
3.605
3.527
3.822
3.406
2.291
1.821
3.454
1.71
3.761
3.336
3.07
1.563
3.464
3.105
1.719
3.898
3.645
2.541
2.74
1.863
2.391
2.142
1.885
2.304
3.569
3.35
2.346
2.844
2.133
3.81
3.658
2.527
2.127
3.648
3.217
3.271
3.41
1.989
2.988
2.837
2.366
3.428
2.845
2.109
3.785
2.613
2.648
1.544
2.23
3.978
2.797
2.069
3.535
1.673
3.125
2.331
1.925
2.838
3.988
3.265
3.487
2.987
1.731
1.547
3.991
2.352
3.561
3.892
2.085
3.783
1.618
2.126
3.29
2.296
1.875
3.199
1.619
3.521
3.365
2.988
1.849
2.696
1.857
3.304
3.754
2.857
2.59
1.855
3.54
2.872
2.212
3.461
2.906
2.703
2.592
3.845
1.509
2.237
2.166
1.734
3.671
3.176
3.326
2.863
3.608
2.702
2.9
2.933
2.578
3.696
2.655
3.821
3.952
3.928
2.203
2.392
3.136
1.985
1.733
1.536
2.076
3.687
3.715
1.761
2.488
2.306
2.223
1.943
3.539
1.578
3.497
2.854
1.895
3.617
2.135
2.914
1.688
3.49
3.532
1.772
1.787
2.671
2.873
3.279
3.756
1.606
2.623
2.761
1.842
1.822
3.333
1.956
2.73
2.528
2.506
1.995
2.329
2.016
3.03
3.378
3.658
3.6
2.035
2.009
1.571
2.75
2.069
3.534
1.943
1.725
3.717
1.789
2.866
3.941
3.614
2.034
2.602
3.016
2.508
2.653
2.113
2.597
2.995
2.241
2.19
1.589
2.995
3.617
3.715
1.514
1.521
2.7
1.829
2.209
2.164
3.598
2.371
1.647
2.91
2.847
3.647
3.734
1.644
3.326
3.619
3.267
3.514
1.727
2.82
3.894
2.001
2.676
2.122
2.335
3.24
3.451
3.516
2.731
2.752
3.534
1.64
2.979
2.921
2.541
1.692
2.528
2.113
3.705
2.988
1.791
1.894
2.898
3.94
2.285
2.955
2.41
3.729
3.696
3.167
2.358
2.333
1.673
2.531
1.997
3.05
3.076
3.302
2.824
1.819
3.904
3.269
3.445
2.78
3.8
2.142
3.168
1.779
3.196
2.741
3.548
2.66
1.811
1.984
2.176
3.328
2.759
1.612
3.711
1.67
3.925
3.039
2.909
2.327
2.566
3.148
2.642
3.841
3.739
3.901
3.13
2.057
1.562
2.036
3.545
1.738
1.986
3.263
3.15
3.09
2.632
3.135
1.63
2.068
2.383
1.658
2.22
1.917
2.733
3.794
1.757
3.17
3.57
1.853
2.592
1.534
3.315
2.258
3.61
3.08
2.706
1.833
1.671
1.96
2.318
3.267
3.086
3.843
2.583
3.637
3.274
2.302
3.314
2.134
2.754
3.048
1.76
2.325
2.556
2.489
2.511
3.901
1.578
2.34
3.565
3.212
2.126
3.414
1.646
1.867
2.778
2.636
3.36
2.368
1.894
2.038
2.641
1.814
2.525
2.37
1.867
3.919
1.645
1.698
3.826
3.703
2.369
2.28
1.726
3.848
3.071
2.037
2.193
2.743
1.652
1.842
3.959
2.35
3.805
2.967
3.797
1.794
3.207
3.678
2.109
1.843
3.969
1.691
2.379
1.846
2.944
3.866
1.503
3.517
2.87
3.572
2.29
3.604
3.505
3.279
1.844
3.271
2.355
3.733
3.849
1.988
3.546
2.916
1.682
2.189
2.275
1.697
2.969
3.76
3.998
2.435
3.687
2.185
2.148
3.71
3.142
3.53
3.27
2.026
3.455
3.961
3.422
2.858
1.73
2.387
3.268
3.0
3.162
2.253
3.393
3.306
1.662
3.886
1.73
1.948
2.784
3.7
2.387
2.962
2.92
1.896
3.301
3.312
1.514
1.605
1.716
2.105
3.163
3.222
3.171
3.474
1.664
2.552
2.489
2.534
1.929
3.982
2.386
1.524
2.745
2.756
1.872
3.406
2.862
2.169
2.08
2.871
2.041
3.86
3.615
3.875
3.204
3.268
1.505
1.84
2.925
2.969
2.531
3.33
3.659
2.031
2.936
2.402
3.523
2.09
3.309
2.276
2.944
2.43
2.938
2.512
3.596
1.7
3.541
1.81
2.283
3.604
1.589
3.462
2.358
3.486
2.581
3.754
3.266
3.194
2.495
3.468
1.781
1.588
2.045
3.866
1.873
1.715
3.997
2.739
2.135
3.128
2.145
1.991
3.086
2.121
2.576
2.368
2.298
1.667
2.033
2.415
2.799
3.24
3.223
3.023
3.285
3.615
3.841
2.579
2.905
2.267
1.878
2.014
2.798
3.051
3.154
3.923
2.858
1.785
1.718
3.611
3.738
2.088
3.413
2.726
2.376
2.168
3.624
3.837
3.444
3.244
3.036
1.798
1.788
3.889
2.526
1.597
2.338
2.576
2.922
3.795
2.438
3.207
1.547
1.682
3.525
3.158
3.751
2.293
2.326
3.766
2.388
3.186
3.3
1.83
3.681
2.548
3.704
3.933
3.856
2.748
2.0
2.482
3.749
3.776
2.004
2.652
1.945
4.0
2.605
3.806
3.906
1.697
3.433
3.005
3.207
2.737
2.108
2.441
1.577
2.321
2.865
3.114
3.784
2.498
2.77
1.724
3.072
2.956
2.714
2.353
2.378
2.526
3.257
2.87
3.116
1.727
1.81
1.85
3.531
2.088
1.526
3.465
1.978
3.201
3.838
2.48
2.678
1.858
2.704
1.689
3.481
2.935
3.861
3.525
3.165
2.246
2.375
1.615
3.202
1.839
1.593
2.178
2.132
2.798
1.874
2.565
3.781
3.52
3.119
3.865
2.738
1.904
2.653
2.057
2.743
1.656
2.146
2.363
3.235
3.087
3.158
2.386
3.86
2.42
3.902
2.444
2.587
2.911
2.164
2.401
1.627
3.858
3.964
1.736
2.019
3.947
2.571
2.125
3.666
1.623
1.504
3.832
2.166
3.464
3.293
1.958
3.241
3.598
2.343
1.701
2.445
2.768
2.964
1.596
3.499
2.173
1.59
2.459
1.973
3.93
2.318
2.349
2.113
3.395
3.95
2.2
1.828
2.631
3.514
2.939
3.111
2.238
2.215
3.546
3.965
3.805
3.677
2.917
2.63
2.898
3.424
3.095
1.615
3.38
2.253
2.549
2.237
2.691
3.883
1.84
1.772
2.025
3.437
2.548
1.895
2.896
3.912
2.791
3.603
3.088
3.952
3.003
1.575
2.393
3.16
2.511
3.509
3.977
2.086
2.32
1.802
2.203
1.939
1.874
2.87
2.138
2.765
3.443
2.66
2.009
2.648
1.908
1.871
2.449
2.54
3.777
3.82
1.677
2.105
3.813
1.623
3.249
3.298
1.674
1.91
3.103
3.624
1.729
1.798
3.355
3.273
2.387
2.504
1.739
2.793
1.531
3.445
2.77
2.837
3.345
3.629
2.046
2.123
3.55
3.971
2.446
3.682
2.032
1.543
2.314
3.079
3.728
1.629
2.825
1.989
2.891
2.967
2.02
3.011
3.407
2.084
2.654
1.878
3.836
2.9
1.719
3.146
2.489
1.964
1.571
1.531
2.694
2.851
3.281
3.324
3.008
2.489
3.003
1.896
3.647
1.534
2.819
3.192
1.715
2.944
3.346
3.115
3.649
1.838
2.924
3.129
1.882
1.726
3.559
2.603
2.492
2.243
1.924
2.891
3.787
2.571
2.181
2.332
3.072
1.843
2.543
2.989
3.028
2.887
2.321
3.103
3.461
3.993
2.131
3.009
3.389
3.264
2.884
2.996
2.36
3.943
2.345
2.879
3.207
3.453
1.728
2.666
3.942
2.68
2.079
3.834
2.913
3.989
2.966
2.771
3.491
2.693
2.931
1.61
2.161
1.807
1.897
2.271
3.374
2.582
1.805
2.674
2.448
3.715
2.074
2.53
2.13
2.592
1.941
2.967
2.545
3.341
2.873
2.724
2.316
3.103
2.478
3.849
1.998
1.679
2.872
2.965
1.586
3.733
3.838
1.735
1.84
3.478
1.752
3.096
3.991
1.959
2.843
2.604
1.91
3.849
2.011
2.326
2.987
2.501
2.638
3.85
1.536
2.474
2.813
1.624
2.623
2.777
2.487
2.675
2.106
1.743
3.974
1.677
2.02
1.74
2.294
3.486
3.033
2.225
2.366
3.043
1.84
3.423
3.733
3.603
3.532
2.904
3.124
3.741
2.697
2.681
2.725
3.505
2.141
3.946
3.889
2.051
3.136
1.988
2.286
1.685
2.008
2.034
2.871
3.361
3.404
1.811
3.767
2.296
2.274
2.996
2.698
1.847
2.406
3.492
3.409
3.166
2.821
2.57
1.78
2.247
2.882
3.835
2.219
3.205
2.068
1.641
2.416
1.633
1.615
2.804
3.253
2.512
1.834
2.759
2.145
2.355
3.127
2.524
3.854
3.474
2.21
3.545
2.89
2.549
3.712
3.697
2.345
2.67
3.623
2.24
1.942
3.337
1.646
2.083
2.933
1.662
2.941
2.659
3.679
3.645
1.735
3.469
3.471
3.711
3.483
2.012
2.475
1.991
1.531
2.461
2.936
3.075
1.518
1.852
3.627
3.092
2.996
3.372
3.435
1.787
3.718
3.94
2.654
3.885
1.626
3.736
3.378
2.79
1.557
1.891
3.845
1.855
2.509
2.019
3.695
3.621
3.757
2.8
2.1
3.452
3.705
1.806
2.117
3.716
1.683
2.219
3.679
3.129
3.845
1.742
1.723
3.591
3.615
3.325
1.541
3.813
3.34
3.349
2.074
1.862
2.451
2.817
3.637
2.409
2.068
3.583
3.245
3.08
2.14
1.886
1.6
2.602
3.394
2.652
1.755
3.891
1.735
1.828
2.261
2.564
2.491
2.607
3.564
1.848
3.799
3.776
3.029
1.514
2.959
2.436
2.788
2.584
3.594
3.6
2.871
1.965
3.883
2.762
1.852
2.724
1.507
3.459
2.214
3.331
2.577
1.99
3.742
2.634
3.252
2.161
2.077
2.887
1.57
2.671
2.384
1.736
1.615
3.563
2.921
2.113
2.424
1.602
3.497
1.607
1.641
3.61
2.059
3.169
2.544
3.269
3.586
3.419
3.137
2.109
3.232
2.709
1.789
1.552
2.45
2.681
3.094
3.322
3.968
2.674
2.499
3.776
1.515
1.638
3.432
3.162
1.55
3.651
3.21
3.987
2.498
2.897
3.511
3.065
2.111
3.996
2.462
3.9
2.375
3.757
2.21
2.319
2.079
2.315
3.605
3.833
2.762
2.41
2.481
2.63
1.969
3.759
2.285
1.552
3.648
2.482
2.977
2.43
3.823
1.732
3.583
3.443
3.595
2.916
1.962
2.764
3.662
2.601
3.61
3.203
3.184
3.731
1.708
2.555
2.266
1.747
3.062
1.724
2.585
2.189
3.366
1.556
2.729
3.499
3.461
3.161
2.572
3.814
2.179
1.785
1.623
2.838
3.708
2.691
3.861
2.536
2.742
3.164
2.096
3.676
3.803
3.286
3.651
3.06
1.79
1.611
3.458
3.743
2.083
2.864
2.91
2.301
3.993
2.511
2.69
1.879
4.0
1.793
3.597
3.19
3.648
3.785
1.983
3.569
1.521
3.651
2.021
3.797
3.93
1.999
2.748
3.254
3.045
3.596
1.52
3.532
3.847
3.445
3.588
2.416
2.792
3.841
2.108
2.215
2.364
2.72
2.456
3.244
3.457
1.755
3.757
3.252
2.913
3.8
2.275
3.219
3.241
2.444
3.629
1.6
2.463
1.744
3.426
3.393
2.345
2.493
2.521
2.799
3.643
2.472
2.405
2.578
3.778
1.63
3.757
2.605
3.284
3.646
2.346
1.665
1.619
2.002
2.923
2.91
3.938
1.991
2.575
2.202
3.863
3.206
3.16
3.111
1.766
1.87
1.838
3.712
1.515
2.661
2.384
1.847
1.593
2.692
3.06
3.612
2.223
2.026
3.999
1.686
2.06
2.181
2.193
1.814
1.956
2.022
3.921
2.255
2.12
1.65
3.804
1.833
1.822
2.548
3.341
3.59
1.595
3.637
3.969
2.785
3.203
3.904
3.233
3.91
2.761
2.86
2.768
1.524
2.144
3.84
3.02
3.561
2.743
2.499
3.434
1.875
2.488
2.553
1.782
3.861
1.806
3.175
3.54
3.638
2.242
2.743
1.703
1.592
3.894
3.392
2.213
3.428
2.191
3.665
1.659
3.163
2.153
3.692
2.397
3.953
3.899
1.562
3.909
3.137
1.515
3.217
3.646
2.509
1.777
3.503
2.97
2.374
2.343
3.012
2.942
2.91
2.909
2.28
2.809
3.624
3.326
2.257
1.923
3.727
2.197
3.635
3.375
2.128
1.648
2.996
2.945
1.887
3.185
2.368
3.472
1.738
1.747
3.825
2.271
3.369
2.335
1.615
2.482
3.403
3.751
3.479
2.854
2.789
3.709
1.662
2.219
1.947
2.364
3.971
3.107
2.004
2.742
3.602
3.677
3.502
1.941
2.823
3.407
2.81
3.397
3.666
3.714
3.753
1.834
3.087
2.92
3.729
2.105
2.687
3.959
2.505
3.723
2.747
2.884
2.44
3.972
3.06
3.404
2.264
3.598
3.962
2.346
2.327
3.89
3.631
2.396
3.561
3.411
1.536
1.527
2.791
2.963
2.7
3.322
1.621
3.784
3.338
2.432
3.596
2.863
2.235
3.406
2.829
2.802
3.867
2.562
3.422
3.789
3.263
3.125
2.852
2.507
3.377
3.869
2.219
3.109
3.148
2.801
2.073
2.538
3.934
3.238
3.447
2.637
3.835
1.66
3.408
3.128
1.552
2.504
1.52
3.449
2.707
3.407
2.258
2.993
2.056
2.374
2.556
2.678
3.016
1.933
1.846
3.88
3.088
2.016
2.757
3.549
2.558
2.366
1.777
3.966
2.929
2.277
3.028
2.592
3.848
1.941
2.038
3.196
1.789
3.184
2.097
2.512
3.636
1.768
2.406
2.291
3.544
2.46
3.966
3.798
2.743
2.469
3.997
2.176
3.501
3.498
3.174
3.466
1.579
2.815
3.554
3.293
2.236
2.579
3.058
1.947
1.947
2.829
2.758
3.962
3.545
3.721
3.956
2.111
2.297
1.769
1.576
3.179
2.865
2.355
2.513
2.356
3.73
3.385
3.314
1.652
3.167
2.202
3.416
1.774
1.86
3.187
3.129
2.425
3.491
3.661
2.574
1.88
3.451
2.416
2.274
2.327
3.764
2.467
2.858
3.483
3.832
2.584
2.434
3.125
2.021
2.464
1.685
2.093
2.779
3.678
3.784
2.362
2.109
3.237
3.452
3.764
2.924
2.025
3.595
1.938
1.714
2.652
2.568
3.666
3.454
1.507
1.873
2.442
1.624
2.06
2.207
2.074
3.33
2.572
1.643
2.985
1.866
2.847
2.354
2.355
2.012
2.512
2.832
1.504
1.858
1.668
3.05
2.397
3.127
1.742
2.913
2.373
2.891
2.907
3.408
3.508
1.922
3.677
3.2
1.886
2.6
1.804
3.257
3.477
1.51
2.03
3.915
3.173
3.573
2.194
2.696
3.625
2.928
3.428
2.996
2.783
2.505
2.831
1.997
3.521
1.797
2.901
2.99
1.975
2.594
3.993
1.804
1.509
3.828
1.664
2.027
2.428
3.796
2.199
2.338
1.74
2.403
3.343
2.548
2.912
3.825
2.927
2.281
2.323
3.737
3.657
2.674
3.608
2.002
2.519
1.74
3.325
3.264
2.166
1.994
2.837
3.086
2.362
3.076
3.645
3.64
2.362
3.153
3.418
2.52
1.613
2.057
2.349
2.976
2.713
3.029
2.491
2.308
2.52
3.356
3.223
2.31
3.798
3.939
1.877
2.162
1.74
1.998
3.117
3.413
2.048
1.845
2.922
3.269
3.794
3.758
3.452
2.924
2.653
3.715
3.168
2.608
2.933
1.732
2.015
1.641
1.709
2.055
2.076
2.527
2.541
1.591
2.75
1.849
3.029
2.754
1.902
1.561
1.572
2.497
3.286
2.305
3.077
1.93
2.93
1.792
3.315
1.586
1.823
2.426
3.184
2.58
2.889
3.263
2.868
2.046
2.694
3.574
3.823
2.893
3.762
1.594
1.637
2.514
2.113
2.209
3.818
1.545
2.524
2.948
1.787
3.977
3.75
2.344
1.854
3.684
1.618
2.333
3.986
3.231
3.438
2.571
2.708
3.504
3.994
3.98
3.38
3.224
3.796
3.71
3.985
3.182
3.559
3.814
2.947
1.912
3.52
1.846
2.366
1.697
1.594
2.042
2.014
2.255
3.288
2.429
3.623
3.762
3.201
3.199
1.59
3.058
1.736
2.062
3.402
3.458
3.578
3.681
1.547
2.036
2.296
3.449
2.151
1.776
3.425
2.893
3.796
2.134
2.677
3.249
2.519
1.525
2.333
3.311
2.015
3.755
1.843
2.955
1.886
2.194
3.003
1.659
3.809
3.627
3.214
3.311
2.529
2.556
1.647
2.108
3.173
3.505
3.235
2.107
3.271
3.876
1.843
1.793
2.083
3.576
1.825
3.695
2.456
3.786
3.043
3.431
1.82
3.093
3.718
1.704
2.817
1.956
1.98
Error de lectura!!!
3.979
3.876
1.879
2.315
3.938
1.823
3.575
3.076
2.505
3.843
1.588
2.331
3.401
2.166
3.858
1.602
1.777
2.778
3.111
2.607
3.288
3.595
2.053
1.679
2.677
2.895
2.26
1.987
1.726
1.564
2.763
1.978
3.584
3.678
2.827
3.567
2.601
2.189
3.2
2.453
2.027
1.551
2.738
1.762
2.231
1.837
2.969
1.856
1.538
2.068
3.83
1.554
2.869
2.645
3.832
2.174
1.826
2.605
3.349
3.046
1.911
1.857
2.755
1.858
3.198
2.097
3.319
3.902
3.432
3.569
2.629
2.481
1.954
3.986
3.458
3.522
3.913
2.481
3.42
2.743
2.968
1.645
3.695
3.851
3.32
2.246
3.672
1.68
2.074
2.993
3.107
2.358
3.993
3.42
1.771
3.724
3.525
2.713
3.864
3.983
1.598
2.59
3.388
2.419
3.69
1.919
3.391
3.138
0.064
1.998
2.225
2.507
1.68
2.167
3.565
3.465
1.98
2.315
2.491
3.767
2.309
3.775
2.896
3.15
3.533
3.198
1.663
3.431
2.964
2.496
1.686
2.835
3.233
3.882
3.978
2.085
2.631
2.865
3.945
2.668
2.903
3.002
2.694
2.143
1.847
3.499
3.922
2.309
3.152
3.551
2.553
2.261
3.012
2.038
3.956
3.145
1.93
2.593
2.635
3.596
3.778
3.834
1.603
2.483
3.54
3.117
1.583
3.612
3.461
3.968
2.163
2.729
3.369
2.639
2.93
2.289
1.544
1.843
3.643
3.508
2.187
2.95
2.891
3.654
2.464
2.417
1.979
2.223
3.725
3.504
3.837
3.484
3.935
3.937
1.757
2.117
3.626
2.253
3.824
2.255
2.165
2.207
3.755
2.935
1.986
2.293
2.011
3.961
2.862
3.088
3.373
3.689
1.93
2.552
3.866
3.479
3.96
2.915
2.69
3.706
1.585
1.978
2.648
1.966
2.751
2.774
2.212
3.962
2.753
2.48
2.875
3.518
3.72
3.019
1.693
3.626
2.312
1.855
3.611
3.73
1.665
2.368
3.868
1.952
1.603
1.69
3.32
1.712
1.59
2.718
3.722
3.237
3.222
1.816
3.518
2.079
2.515
3.793
2.388
2.827
2.968
1.673
2.228
2.864
3.882
1.907
3.324
2.372
3.272
2.374
2.458
2.154
1.584
3.748
2.743
2.068
2.231
2.712
1.922
2.62
2.453
2.445
3.693
1.651
3.341
3.263
1.856
1.815
3.078
2.121
3.562
3.885
3.234
2.846
2.617
1.911
3.68
2.269
2.108
2.777
2.061
1.542
2.649
1.653
1.693
2.951
2.418
1.617
2.733
1.691
3.72
2.418
3.709
2.423
2.628
2.501
2.477
3.331
2.017
3.214
2.585
3.002
2.555
2.119
2.082
3.237
3.348
2.5
2.79
3.451
2.794
2.653
2.817
2.728
1.614
3.122
2.921
3.802
2.524
3.876
3.613
3.83
2.067
3.922
3.251
2.394
3.055
3.219
2.842
3.72
3.051
3.399
2.966
2.313
3.772
1.892
3.901
2.494
1.989
3.484
2.045
2.664
1.718
1.616
3.618
3.697
3.933
1.765
2.926
1.755
2.732
2.097
3.831
2.068
2.743
1.897
2.453
2.206
2.801
1.637
3.852
3.684
2.585
3.837
2.455
2.119
3.223
1.762
1.712
2.595
3.74
2.373
2.772
1.997
3.81
2.038
1.742
2.878
2.661
3.34
3.641
2.486
2.546
2.194
2.287
3.643
3.701
1.652
2.164
1.645
1.689
1.988
2.948
2.852
2.936
3.034
3.629
3.294
1.953
3.24
2.694
1.503
1.597
2.36
2.908
2.538
3.187
1.973
1.524
2.241
3.692
2.286
2.885
3.136
1.513
2.466
3.4
3.005
3.807
3.753
2.434
2.643
2.505
3.779
3.535
2.44
2.366
2.417
3.175
2.64
3.574
3.885
3.535
2.612
2.821
2.882
3.428
3.063
2.2
2.335
2.237
3.587
2.347
2.948
3.954
2.688
3.11
2.329
2.319
2.031
1.531
3.545
2.793
1.625
2.621
2.236
3.383
1.678
3.567
3.483
3.492
2.447
2.83
2.111
2.359
3.632
1.701
2.776
3.798
2.709
2.804
2.303
2.806
3.468
3.615
2.901
2.703
1.676
2.425
3.866
2.777
3.499
1.809
3.557
2.465
2.401
2.043
2.177
2.671
1.982
2.507
3.134
3.147
1.715
2.532
2.782
2.861
2.21
2.152
2.094
3.748
3.341
2.816
3.184
2.977
1.606
3.614
1.609
3.712
2.373
1.804
3.177
2.371
2.115
2.23
3.944
2.773
2.536
3.46
3.07
2.765
3.703
1.571
3.963
2.116
3.808
3.383
3.278
2.683
2.724
1.933
3.375
3.407
2.206
3.374
3.345
2.755
3.157
2.83
2.11
2.994
2.688
2.458
1.858
3.188
2.607
3.864
2.144
2.963
3.138
2.763
3.707
2.7
2.368
3.47
2.361
3.384
1.518
3.079
3.026
3.795
1.744
2.036
3.758
3.608
3.707
2.867
2.593
2.864
1.59
3.961
1.519
3.724
3.805
3.837
1.918
1.509
3.304
2.643
1.775
2.852
3.355
1.539
2.672
3.511
1.851
3.134
1.54
3.697
2.799
2.776
1.521
1.853
3.528
2.567
1.651
2.749
3.882
3.394
2.253
3.205
2.457
2.753
1.641
3.668
1.515
2.124
3.901
2.954
2.644
3.036
3.502
2.386
3.21
1.828
1.945
3.377
2.867
1.678
2.768
2.152
2.455
1.968
2.319
3.337
1.742
3.554
2.885
3.294
3.809
2.716
2.684
2.479
2.958
3.159
2.381
1.914
2.664
3.233
2.51
3.736
3.688
3.179
1.576
1.678
2.429
2.159
2.471
1.97
3.093
3.957
2.253
3.595
1.834
3.081
1.705
2.655
3.782
3.357
3.086
1.77
1.872
2.405
2.169
2.282
2.41
3.669
1.913
3.845
3.493
1.783
1.808
3.39
1.566
2.055
3.883
1.503
3.274
3.33
3.221
2.527
2.441
2.068
2.203
2.302
3.757
1.646
3.627
3.673
3.248
3.818
2.3
2.66
1.945
3.217
3.724
2.824
1.636
3.478
2.408
2.276
3.843
2.961
2.222
1.676
3.464
2.521
1.52
Error de lectura!!!
3.961
3.893
3.255
3.801
1.832
2.919
3.392
2.977
1.633
3.221
3.131
1.58
3.115
3.438
1.654
3.143
2.039
3.604
1.519
2.183
3.939
1.616
3.02
1.62
2.814
1.679
1.977
1.854
3.692
2.391
3.08
3.492
3.001
3.602
2.445
3.741
2.979
1.643
3.614
3.599
2.513
1.948
1.752
2.638
3.644
1.617
3.283
3.929
3.416
3.457
2.405
1.936
2.503
2.477
2.558
1.511
1.553
1.865
3.562
2.511
1.975
2.088
2.21
3.794
3.417
3.017
3.461
2.227
2.715
3.104
1.959
3.158
2.166
2.642
2.168
2.777
2.802
3.118
3.282
2.153
3.116
1.55
2.706
3.77
2.178
3.805
2.172
3.357
1.926
2.751
2.843
3.569
2.823
1.617
1.939
2.975
3.158
1.71
3.237
2.76
3.843
2.644
2.574
2.36
2.997
3.091
1.535
1.771
2.403
2.221
2.241
2.552
2.375
3.215
1.834
1.623
2.582
3.667
3.769
2.607
3.485
3.251
3.357
1.94
1.709
1.565
2.962
2.678
3.318
3.883
2.718
3.627
3.02
1.812
3.361
2.06
2.893
3.978
2.527
1.761
3.851
3.201
2.519
2.63
1.806
2.136
3.369
3.911
2.263
2.759
1.682
3.731
3.407
2.19
2.845
1.591
3.123
1.73
2.957
3.437
3.644
3.933
3.702
2.528
3.072
1.583
1.638
3.913
2.453
3.767
2.808
2.162
2.396
3.665
3.845
2.084
3.612
2.881
2.708
1.868
2.384
2.994
2.611
1.982
3.818
1.848
2.533
3.34
3.113
2.157
3.618
3.928
3.777
2.053
3.952
2.329
3.498
2.296
3.276
3.233
2.476
2.481
2.758
2.413
1.572
3.056
1.901
3.664
2.035
2.896
2.595
2.62
1.542
2.576
3.991
3.717
1.93
1.601
2.217
3.122
2.038
3.439
3.095
3.85
2.24
3.973
2.632
2.439
2.048
1.791
3.89
3.053
2.12
2.816
1.548
2.82
2.273
3.242
2.335
3.804
2.319
3.485
3.013
3.803
2.442
2.643
3.466
1.854
3.195
3.236
1.795
2.342
3.365
2.653
2.929
2.328
2.185
2.737
1.633
3.914
3.771
2.329
3.777
3.169
1.874
2.082
3.113
1.857
1.657
2.163
3.401
2.331
1.687
3.332
1.518
2.936
1.773
2.553
1.855
2.344
3.213
1.827
3.741
3.363
2.945
3.26
1.956
3.414
3.149
1.603
2.38
3.566
3.818
1.683
2.977
1.97
2.393
1.889
3.673
1.79
3.075
3.612
3.778
3.542
2.184
3.823
2.199
2.59
3.072
2.414
2.107
2.644
2.54
1.729
2.617
1.967
3.52
3.251
3.348
3.575
2.58
1.59
2.871
2.637
3.081
3.172
3.346
1.96
2.502
2.894
3.871
1.595
2.509
2.914
3.177
1.725
3.105
1.727
3.548
2.582
2.548
1.751
3.362
2.412
2.508
2.291
3.796
1.841
3.335
2.018
3.441
3.746
1.745
3.966
3.255
1.832
2.809
3.479
2.953
2.338
2.315
1.911
2.3
2.044
3.113
3.589
3.252
1.829
3.088
2.656
2.194
3.073
2.347
2.428
3.737
2.086
3.498
3.64
3.613
2.565
3.098
2.255
3.022
3.755
2.008
3.73
2.575
1.66
2.489
2.408
2.543
1.938
2.436
2.125
2.207
1.764
3.61
2.131
1.674
2.132
3.522
1.898
1.895
2.487
3.903
3.64
2.304
3.96
3.904
3.707
3.504
3.221
1.688
3.906
2.103
3.113
1.827
3.293
3.505
1.64
2.704
3.548
2.614
2.715
1.876
2.453
1.541
3.233
2.464
2.504
3.476
3.584
2.572
3.066
1.579
2.263
2.318
2.155
3.281
3.526
1.689
2.244
1.829
3.475
1.861
3.074
3.462
2.287
1.824
1.651
2.406
2.159
2.074
2.901
3.074
2.448
3.363
2.15
2.948
3.276
2.135
2.423
3.952
3.705
1.886
2.344
3.327
1.686
3.18
2.265
2.862
1.714
3.046
2.574
2.324
2.292
3.889
2.484
2.634
2.856
3.275
2.241
3.806
3.942
1.67
2.136
3.007
3.203
2.782
2.268
1.506
3.972
2.976
2.088
2.23
2.819
3.342
3.829
2.501
1.532
2.64
2.965
3.602
1.761
1.87
1.591
2.394
1.733
2.819
2.251
3.689
3.135
3.915
3.058
1.912
1.763
3.539
3.962
2.69
1.556
2.464
3.699
3.9
2.779
2.874
1.728
2.164
1.986
3.755
3.229
1.752
3.103
3.925
2.476
3.018
2.596
2.553
3.611
3.826
3.676
1.508
3.061
2.524
1.879
2.839
3.657
2.759
1.785
3.93
1.545
2.972
1.966
2.31
2.922
2.229
2.052
1.771
1.821
2.614
2.263
1.802
3.566
3.365
2.859
2.301
2.595
2.421
1.901
3.523
3.657
2.855
2.754
3.771
2.561
2.289
3.302
2.036
2.329
3.7
3.417
1.996
2.806
2.168
2.804
1.855
2.113
1.779
2.272
1.985
3.582
2.647
3.417
3.144
3.086
3.81
2.497
2.789
2.093
1.965
1.659
3.887
2.81
2.583
3.764
1.784
3.304
3.425
2.468
2.012
3.665
2.105
1.745
2.161
1.571
1.898
3.578
3.846
3.275
1.997
3.518
1.532
3.289
1.593
1.706
1.525
2.086
1.652
3.239
3.723
3.52
2.516
2.204
3.556
2.979
1.991
3.244
2.548
2.917
3.466
0.605
2.261
2.522
2.184
1.613
3.196
2.938
1.639
3.356
1.514
3.602
2.758
3.421
2.974
2.023
2.513
1.953
2.234
3.916
1.564
1.642
3.772
3.416
1.55
3.059
2.387
3.853
3.317
1.549
3.726
1.818
2.906
2.902
2.573
2.474
3.215
3.208
2.674
2.827
3.05
2.37
1.672
3.027
3.434
2.601
1.668
3.631
1.671
2.387
3.088
2.635
2.217
2.079
2.228
1.516
2.802
2.505
2.698
2.667
3.161
1.601
1.599
2.239
2.338
2.75
3.94
3.866
3.001
2.851
3.933
3.536
2.378
2.359
1.691
3.843
3.775
2.348
2.17
3.901
3.273
3.661
3.306
2.651
Error de lectura!!!
1.977
1.588
1.917
2.137
2.163
3.552
3.134
1.733
3.385
3.328
3.296
3.318
3.656
3.705
3.653
1.728
1.946
2.636
1.61
3.847
1.762
2.715
1.547
3.992
3.768
2.09
2.07
3.941
3.318
3.771
3.341
3.583
2.878
1.698
3.252
3.751
2.431
3.915
1.597
2.337
3.142
2.577
2.939
3.728
1.704
3.118
2.431
2.312
3.637
3.106
1.644
3.494
2.334
1.78
2.783
2.825
2.087
3.548
2.967
2.918
2.602
2.89
3.837
2.861
1.804
2.195
2.056
3.815
3.437
3.215
3.236
2.072
2.628
2.024
2.505
3.504
2.873
2.116
2.166
3.864
1.829
3.428
3.45
3.264
2.496
2.895
3.063
2.114
3.61
3.128
1.614
3.133
3.913
2.736
2.737
1.816
2.837
3.19
3.321
1.795
3.582
2.474
3.107
3.381
1.56
2.475
3.053
2.29
3.721
1.665
3.206
1.865
2.457
2.29
2.883
3.243
2.183
3.203
3.371
3.121
1.526
1.722
3.374
2.6
2.984
3.885
2.107
1.942
3.376
2.596
1.959
2.202
3.738
3.623
3.115
3.771
1.856
2.35
3.652
2.28
2.363
2.31
2.278
1.582
3.159
3.818
2.937
3.412
3.074
3.745
3.81
2.662
3.049
2.574
3.917
1.525
2.889
1.822
3.024
3.523
3.801
2.149
2.407
2.509
3.709
1.825
1.798
2.878
3.385
3.501
2.418
2.54
3.353
2.389
2.609
2.158
1.637
3.553
2.945
3.498
3.859
2.105
2.03
2.814
2.316
3.493
3.65
3.94
2.244
1.78
3.185
3.129
2.084
1.578
3.489
2.048
3.342
3.239
1.597
2.058
2.764
1.903
1.822
3.944
3.759
3.007
2.61
2.996
2.834
1.992
2.258
2.318
2.683
2.849
2.254
2.191
2.967
2.174
3.552
3.844
1.839
2.456
2.456
2.245
2.416
2.739
2.563
3.879
3.518
2.721
2.06
2.008
2.578
3.449
3.976
3.09
1.771
3.859
2.515
2.175
2.957
1.507
3.103
2.93
3.155
2.746
3.124
3.725
3.716
2.767
3.875
3.066
2.937
1.876
3.422
3.191
1.537
2.21
1.765
3.76
2.206
3.508
3.85
1.723
2.861
3.553
1.686
3.047
3.202
3.574
2.253
3.913
2.417
1.608
2.356
3.124
3.95
2.058
3.799
1.614
2.221
2.13
1.677
3.137
1.689
2.007
1.597
2.204
1.883
3.569
3.582
3.532
2.844
2.69
3.152
2.96
3.392
3.909
2.785
1.904
3.936
2.033
2.308
2.033
1.831
3.179
2.875
2.419
2.137
3.182
3.014
3.504
2.959
2.56
1.957
3.017
2.067
1.695
2.627
2.428
1.581
2.522
3.701
2.868
3.79
3.904
3.142
1.865
2.114
3.521
3.796
2.888
3.386
3.68
3.297
3.84
3.35
1.835
3.634
3.313
3.923
2.872
3.936
1.968
1.901
3.081
2.764
3.333
3.539
3.661
1.526
2.693
2.221
3.715
2.453
3.856
3.617
2.925
3.108
2.347
3.634
2.391
1.792
2.433
3.5
3.959
2.133
3.105
2.489
2.306
3.683
2.501
3.241
1.946
3.693
3.122
2.13
3.474
3.421
3.275
2.181
2.727
3.327
2.458
1.904
2.735
2.352
1.878
3.828
3.897
2.312
2.235
3.97
3.877
2.737
1.899
1.897
1.78
2.116
1.973
3.089
3.77
3.182
1.588
2.297
3.55
2.319
2.948
3.389
3.462
1.664
1.506
3.249
2.773
3.523
1.794
3.625
2.035
3.665
3.041
2.773
2.725
2.31
3.844
2.22
2.14
3.039
2.473
3.826
2.138
2.575
2.713
2.74
2.407
1.734
2.136
2.522
3.652
1.933
2.085
3.534
3.503
2.74
2.548
1.627
3.299
3.698
3.526
3.633
2.291
1.794
2.894
3.094
1.705
3.042
3.988
2.273
2.92
3.55
2.055
2.206
1.71
1.741
2.875
3.411
1.619
2.125
2.511
2.831
3.698
2.779
1.64
3.276
3.432
1.866
1.72
2.231
2.713
2.019
2.062
2.528
3.12
3.489
1.941
1.911
1.889
1.832
2.938
2.789
3.216
3.303
2.35
3.65
1.569
2.209
3.11
2.819
1.848
1.984
3.224
3.19
1.875
3.924
2.646
3.919
1.59
1.583
1.876
3.844
1.592
2.486
3.1
3.904
3.913
3.768
3.373
3.686
1.767
2.142
3.872
2.407
2.409
3.454
3.427
2.897
2.836
3.691
3.729
2.135
1.654
1.871
3.65
3.563
3.77
2.75
3.943
3.094
2.535
2.55
2.363
2.528
2.002
2.986
3.733
3.784
1.557
2.41
1.535
2.221
2.61
1.949
2.381
3.775
2.396
1.876
3.9
1.838
2.174
2.338
1.953
3.405
2.599
3.108
3.979
3.543
2.416
3.243
3.869
1.995
3.482
3.282
1.816
3.489
2.918
2.841
1.51
3.521
3.723
3.822
3.382
1.553
2.353
2.443
3.721
2.141
2.584
1.812
1.686
3.436
2.551
1.533
2.842
2.341
3.0
2.368
2.385
3.902
3.837
2.549
3.61
2.294
3.543
3.185
2.87
1.574
2.014
1.609
3.156
3.41
2.039
1.588
2.793
2.868
3.202
3.532
3.229
2.61
3.573
3.431
1.792
2.679
2.99
2.718
3.939
3.801
2.878
1.52
3.759
3.639
3.467
2.292
2.513
3.826
3.584
3.468
2.748
1.619
2.114
3.015
2.358
3.483
2.784
3.073
3.735
2.868
2.706
3.114
2.158
2.312
3.059
1.86
3.929
3.496
1.577
3.025
3.428
3.441
1.891
2.498
3.818
3.036
2.096
2.691
1.653
3.633
3.791
2.49
2.092
1.733
3.287
3.539
2.702
1.625
1.62
3.605
3.117
2.834
2.422
2.624
3.959
3.184
2.962
3.211
3.239
3.081
2.752
2.199
3.661
3.454
2.451
3.793
2.052
2.543
2.674
3.14
3.866
3.678
2.65
3.62
2.349
3.24
3.019
2.93
3.605
2.209
2.742
3.089
3.72
2.492
3.542
1.749
Error de lectura!!!
1.619
3.34
2.228
2.163
3.074
3.951
3.831
3.433
3.523
3.325
2.335
3.905
2.188
2.518
2.938
2.304
2.406
1.733
2.006
1.718
3.755
3.893
1.861
2.622
3.43
2.173
2.37
1.581
1.946
1.96
2.628
3.356
1.749
2.823
1.626
2.283
3.687
3.926
1.871
1.875
1.663
3.847
3.558
3.601
1.808
2.593
1.899
1.591
2.291
3.889
3.686
2.463
2.447
1.712
2.55
1.527
3.505
3.063
1.644
2.026
2.883
1.649
3.644
2.009
3.239
3.493
2.546
1.926
2.729
2.461
1.979
3.102
3.269
1.804
3.473
2.538
3.564
2.592
3.664
2.376
2.859
2.445
1.81
3.612
3.401
2.0
2.348
2.098
2.449
3.76
2.476
2.059
2.706
2.838
2.562
3.129
3.76
1.513
3.65
3.815
2.562
3.608
3.085
3.33
3.285
3.623
3.228
2.612
2.496
2.814
2.445
2.347
2.744
1.657
3.86
2.999
2.999
2.712
3.155
2.157
1.593
2.887
1.725
3.415
2.245
2.77
3.462
3.224
2.214
2.515
1.936
3.439
1.644
3.683
3.689
3.965
2.702
2.728
2.694
1.941
3.588
2.231
2.012
1.711
2.698
1.769
2.991
3.327
2.691
3.37
2.177
3.965
1.591
1.756
3.551
2.327
3.95
2.963
2.244
1.637
1.819
3.125
2.449
2.686
1.909
2.493
2.909
2.02
1.892
2.746
2.503
3.993
3.329
3.007
3.501
3.036
1.904
3.806
2.448
3.259
2.33
3.048
2.64
1.782
2.344
3.462
1.751
3.626
1.524
2.403
1.533
4.0
2.768
3.442
2.037
2.89
2.066
2.438
3.705
2.018
2.971
2.37
3.259
3.5
3.648
3.381
2.89
3.5
1.766
3.991
2.909
3.916
1.729
3.299
3.083
1.915
3.409
2.437
3.043
3.433
2.47
3.207
1.839
2.246
3.445
3.567
2.417
1.702
3.958
1.863
1.659
3.077
2.665
2.335
2.419
2.789
3.428
2.24
2.535
2.745
3.471
2.135
3.669
2.047
3.259
1.651
3.349
1.651
3.605
3.565
2.407
2.652
2.467
3.044
2.57
3.782
3.024
2.073
3.149
1.831
2.774
2.514
3.131
2.982
3.816
2.834
2.872
2.073
3.035
3.009
3.833
3.603
2.766
1.568
3.225
3.183
2.754
3.147
3.586
2.128
2.528
2.929
2.973
3.589
3.897
3.313
1.629
1.894
3.497
1.994
2.259
2.224
2.683
3.094
3.357
2.546
3.595
2.056
2.527
2.044
3.624
3.108
2.764
3.78
3.136
3.852
2.885
3.927
3.068
3.09
3.42
3.213
3.64
3.666
1.798
1.628
2.487
3.048
2.548
3.708
3.499
3.892
2.994
1.849
2.596
1.67
2.903
3.969
2.533
3.266
3.785
2.079
1.981
2.57
3.126
3.367
2.088
3.179
3.873
3.466
2.959
1.675
2.446
1.76
2.345
4.0
2.468
3.136
2.57
3.91
2.264
2.268
1.82
2.367
2.211
3.165
3.998
2.609
3.584
1.934
1.789
2.315
3.981
2.201
3.527
2.066
3.425
3.545
3.046
3.134
3.386
2.657
1.805
3.937
3.458
3.701
2.731
2.233
3.878
3.861
3.933
1.794
2.31
3.829
2.387
3.82
3.763
2.862
3.221
2.091
1.663
3.128
2.527
3.733
2.109
3.733
2.609
2.659
3.865
2.519
3.904
3.036
2.755
2.754
2.259
1.711
1.733
3.734
2.415
3.565
2.499
2.728
3.983
3.302
2.17
3.075
1.829
2.36
3.357
2.979
2.039
2.099
3.029
3.988
3.169
3.839
3.735
2.6
1.685
3.17
2.289
3.674
2.451
2.366
2.761
1.904
3.32
1.866
3.514
3.605
3.556
3.38
3.988
2.503
2.281
2.673
3.368
2.882
3.75
2.425
1.858
3.025
2.547
1.517
3.84
1.91
1.952
2.87
3.598
1.644
3.992
3.082
2.137
3.605
2.237
2.261
3.322
2.682
3.879
2.497
3.394
2.804
2.723
1.868
1.982
3.946
1.985
3.764
3.512
2.559
3.087
3.683
2.567
3.933
2.298
3.368
3.698
3.247
2.131
3.812
3.7
3.353
2.454
2.833
1.896
2.06
2.049
3.919
3.676
1.612
3.512
2.829
2.394
1.645
2.069
2.688
2.791
1.903
2.254
2.771
2.935
1.848
2.122
3.97
1.611
2.017
3.446
3.272
3.181
3.585
1.659
2.496
2.001
3.174
3.553
2.165
2.356
1.82
3.251
2.662
3.449
3.87
2.288
2.784
1.506
3.442
1.898
3.495
2.249
2.45
1.931
1.944
2.295
1.99
3.073
2.027
2.842
1.805
3.071
3.164
2.175
3.462
2.623
3.832
3.774
2.322
1.707
3.984
1.676
2.38
2.639
1.718
2.817
3.545
3.769
2.016
1.717
1.736
1.918
1.59
2.663
3.637
1.953
3.951
1.822
2.116
1.573
3.138
1.844
1.811
2.084
1.511
1.72
3.587
3.156
1.809
2.195
2.332
3.726
1.655
1.761
3.789
2.455
1.943
3.488
2.823
2.941
3.551
2.715
2.708
3.231
3.34
3.63
3.854
3.195
2.105
3.671
1.979
3.354
3.729
2.04
2.341
2.197
3.675
2.486
1.714
1.771
3.532
3.241
3.243
3.096
2.287
3.736
2.75
2.262
2.093
1.505
2.472
3.829
2.763
3.919
1.723
3.923
1.818
3.775
2.94
3.867
3.695
3.607
2.453
3.023
3.277
1.965
3.89
1.8
1.851
3.46
2.678
2.162
1.578
2.704
2.857
1.906
3.361
3.025
3.596
2.007
2.944
3.612
3.777
1.933
3.904
3.371
2.283
1.776
1.742
3.945
2.727
2.523
2.72
2.299
2.566
3.698
1.829
1.678
1.614
1.732
2.797
2.359
3.378
3.544
3.766
2.921
2.131
2.535
2.846
2.244
1.75
2.555
3.408
3.331
3.112
3.454
3.851
1.879
3.679
3.201
2.327
2.092
3.329
3.526
1.681
1.851
2.769
3.182
3.79
2.639
3.316
1.672
2.96
3.613
3.145
3.962
1.87
1.851
3.165
3.559
3.785
3.567
2.982
3.611
2.124
3.207
2.699
1.533
1.991
3.969
1.871
2.007
3.764
1.658
3.456
2.159
3.311
1.689
1.589
2.22
2.091
1.514
3.752
2.177
2.387
3.794
3.6
3.198
2.634
1.874
2.393
3.362
2.241
3.628
3.247
3.816
2.583
1.513
2.057
3.888
3.962
3.18
1.711
3.161
2.725
3.168
3.44
3.541
2.343
2.356
2.39
1.941
3.027
2.45
1.852
2.676
2.968
2.036
3.016
2.037
2.392
1.877
3.243
2.353
3.962
3.493
1.663
3.774
1.97
2.889
3.745
3.231
3.598
3.292
3.154
2.415
2.634
2.947
2.674
1.923
3.985
3.472
3.312
1.686
2.248
2.741
2.758
3.547
3.102
2.232
3.12
1.81
3.523
1.642
2.794
1.901
2.863
2.932
2.406
2.683
2.589
2.399
2.229
1.803
2.069
3.942
2.578
3.824
3.227
2.864
1.651
2.816
2.405
2.466
3.972
1.54
3.563
1.952
1.91
2.648
2.671
3.047
2.11
3.393
2.602
3.288
3.763
2.246
1.737
1.838
3.614
1.994
3.182
1.789
3.524
1.827
3.069
2.534
1.894
2.515
3.221
2.778
2.772
3.721
2.561
2.512
2.994
2.983
3.118
3.553
3.283
3.195
1.53
2.786
1.502
2.135
3.136
3.199
1.646
2.6
2.062
2.697
2.469
3.231
3.783
3.239
3.825
3.043
1.945
3.384
2.991
3.709
2.796
2.967
2.016
2.986
3.851
3.73
3.585
3.204
1.628
3.831
1.536
3.898
3.954
2.29
3.839
3.441
3.463
3.977
3.024
1.621
3.601
2.932
1.933
2.192
1.902
1.738
3.647
2.426
2.096
3.902
2.81
2.805
1.687
1.9
2.777
1.832
3.373
2.248
2.067
2.382
1.528
2.08
2.819
3.693
2.794
3.119
3.586
2.648
2.683
3.269
3.493
3.501
3.195
2.173
1.861
1.639
2.597
3.816
3.621
1.689
3.09
3.156
2.009
1.786
3.047
2.453
2.851
3.974
2.6
2.53
2.348
2.867
3.261
1.892
2.351
2.236
2.874
1.502
3.382
1.671
3.617
2.507
3.933
3.041
2.298
3.1
1.672
1.81
2.221
2.715
2.157
2.593
2.133
2.477
2.323
1.589
2.753
2.928
3.796
3.026
1.755
1.509
2.566
2.064
2.473
2.144
3.664
3.071
3.105
2.906
3.933
2.053
3.723
2.784
2.521
2.231
2.899
2.701
2.184
3.506
3.07
2.802
2.89
3.698
1.93
2.724
2.48
1.917
3.731
3.39
3.834
3.355
1.98
3.298
3.443
3.5
3.14
3.893
2.214
1.567
2.899
2.09
1.958
3.458
3.081
3.769
2.948
2.333
1.861
2.455
3.553
2.294
3.976
3.286
3.371
3.87
2.842
1.81
1.521
3.793
1.588
3.904
3.63
2.397
2.123
3.792
1.577
2.427
2.217
3.305
2.779
3.823
1.693
3.419
2.822
2.382
2.441
3.673
1.597
3.612
1.9
2.304
3.439
1.697
2.33
2.693
2.059
2.595
2.149
3.36
3.327
3.01
2.651
2.119
3.579
3.404
2.6
2.434
3.986
2.012
3.587
3.629
3.684
1.679
3.414
3.458
1.579
1.794
3.837
2.71
3.97
3.522
2.422
3.07
3.654
2.815
2.636
2.974
2.678
3.71
3.743
3.205
2.84
1.855
2.909
2.843
3.497
2.716
3.926
1.932
3.792
3.713
2.469
1.771
3.399
1.803
2.931
2.978
3.137
1.791
3.935
3.016
2.996
3.125
2.2
1.96
1.667
2.637
1.947
3.688
3.164
1.501
3.942
1.72
1.766
2.81
2.203
3.112
3.524
2.195
2.783
1.8
3.793
1.549
3.81
2.182
3.686
1.526
2.037
3.231
1.738
2.586
2.79
2.974
2.222
2.249
2.097
3.824
3.876
3.947
2.855
2.629
2.793
1.743
3.811
1.888
2.015
1.614
2.825
2.635
3.36
3.837
3.084
2.768
2.022
2.94
2.504
1.891
2.887
3.064
1.837
3.488
3.181
2.652
2.921
3.416
2.776
3.108
2.026
2.88
3.943
1.708
3.579
2.236
2.938
1.996
2.347
3.533
3.12
1.562
3.702
3.294
1.803
2.71
3.655
2.303
2.354
2.364
1.678
3.582
3.773
3.591
1.767
3.361
2.007
2.594
2.898
2.52
3.767
3.633
3.339
3.077
1.636
2.621
1.833
2.014
3.722
3.077
1.821
2.865
3.93
1.764
2.561
1.748
3.884
3.065
3.307
3.625
2.275
3.855
3.038
1.714
1.519
2.576
1.794
2.454
1.652
1.539
3.295
2.674
3.568
2.438
2.91
1.833
2.019
2.259
1.749
2.234
3.522
2.232
3.932
2.554
1.83
3.705
2.157
2.84
2.085
2.474
2.815
3.619
3.09
1.514
2.723
2.62
3.627
1.578
2.391
2.155
2.992
3.414
2.463
1.863
3.329
2.083
3.161
3.125
3.639
1.773
2.306
1.528
3.804
2.747
1.625
2.796
1.989
2.215
2.364
2.911
3.433
1.74
3.985
2.007
2.186
3.455
1.591
2.938
3.379
3.189
3.7
3.821
2.829
2.469
3.488
2.236
3.512
1.86
2.966
2.96
3.415
2.401
1.705
1.945
2.497
3.279
1.857
3.858
2.112
2.463
1.805
3.487
2.429
2.513
2.995
1.732
1.626
1.611
3.963
3.311
2.975
3.493
2.705
3.637
2.104
1.55
2.865
3.812
2.44
2.51
1.609
2.941
1.709
2.281
3.58
3.115
3.154
1.554
3.066
1.919
1.678
2.726
2.886
2.157
1.835
1.694
2.789
1.631
1.556
1.824
3.941
2.589
3.836
2.985
3.599
2.766
2.195
1.601
1.953
2.528
2.462
2.9
1.858
2.038
1.915
2.77
3.389
3.361
2.673
2.453
1.539
1.814
1.672
2.368
3.91
2.104
3.732
2.463
3.587
2.143
2.909
3.663
3.622
1.934
2.639
2.36
2.329
1.997
2.623
1.791
2.536
3.144
1.856
3.863
1.94
3.717
2.424
2.428
2.252
3.68
3.129
1.727
1.619
1.818
3.107
2.676
2.376
3.838
1.945
3.802
1.684
1.983
2.725
3.226
3.133
2.571
2.965
1.767
2.527
2.588
2.573
2.305
3.305
2.133
2.785
2.342
3.94
3.796
2.273
2.97
2.126
1.999
3.646
2.794
2.985
3.846
2.67
3.044
1.749
2.77
3.387
2.285
2.201
3.944
2.726
2.891
1.681
3.213
2.239
1.623
3.426
2.304
3.475
3.294
2.341
3.494
1.996
1.945
2.367
1.563
1.865
2.661
2.585
3.596
3.155
3.215
3.67
2.227
3.811
2.86
3.971
3.575
3.658
1.571
3.52
3.009
2.44
1.931
3.906
2.165
2.935
3.514
3.851
3.979
2.4
2.406
3.958
3.816
2.527
3.683
3.421
1.872
3.891
3.568
2.334
2.44
3.1
3.027
2.949
2.854
3.544
3.07
2.157
3.164
2.692
2.081
3.963
3.162
3.968
2.113
3.627
3.688
3.161
3.808
3.336
3.923
3.219
2.896
3.753
3.025
1.755
1.703
2.243
2.916
3.303
1.549
3.918
1.868
3.024
3.337
3.7
3.279
2.804
2.123
3.216
3.67
3.017
2.011
3.317
3.04
2.486
1.628
2.35
3.642
1.551
3.873
3.808
3.7
3.839
1.714
3.175
1.791
2.631
3.973
2.843
3.579
3.405
3.364
1.939
2.149
3.073
2.168
2.916
3.749
3.31
1.618
2.931
2.465
1.749
1.927
2.408
1.897
2.537
1.996
2.835
2.745
1.51
3.622
3.1
3.84
1.939
2.905
3.796
2.877
1.898
3.376
3.457
3.275
2.409
1.962
1.636
2.777
3.363
3.75
2.79
3.93
1.756
2.39
2.037
2.152
3.232
1.847
3.163
1.731
3.538
3.548
3.266
1.94
1.69
3.49
1.687
1.933
3.126
2.889
1.604
2.215
2.881
2.238
3.958
2.965
2.653
2.429
2.29
2.14
1.676
3.658
3.464
1.535
2.023
3.028
2.6
3.855
2.751
1.607
2.068
2.21
3.205
2.906
3.502
2.644
3.548
3.131
2.436
3.426
1.699
1.584
3.496
1.504
3.386
2.107
1.908
3.66
2.022
2.413
1.684
2.082
3.974
3.828
3.431
3.897
1.722
3.704
3.591
3.355
3.835
2.401
3.738
3.455
1.816
3.046
3.622
2.489
2.766
3.647
2.022
3.339
2.395
2.62
3.29
2.502
1.687
1.76
3.619
2.883
2.046
3.573
1.865
2.604
1.749
3.557
2.825
2.554
2.471
2.32
3.111
3.735
3.68
3.961
3.55
2.083
2.464
3.031
3.222
1.619
3.372
3.269
2.777
3.485
2.55
3.041
2.507
2.89
2.673
2.822
2.049
2.325
2.141
3.829
2.984
3.959
3.543
1.678
3.062
3.821
3.071
1.606
2.856
3.446
2.082
2.984
2.743
3.759
3.798
2.089
2.691
2.529
2.445
1.528
2.763
2.122
1.676
3.637
2.574
3.038
1.7
2.282
3.188
3.534
2.503
3.088
2.703
3.002
2.924
3.195
1.679
2.94
2.104
2.555
3.006
2.044
3.499
1.635
1.526
2.078
2.53
2.533
2.687
2.594
3.806
3.199
2.525
1.534
2.647
3.034
2.4
2.93
2.198
2.516
2.999
1.502
2.952
2.037
3.012
3.773
2.122
1.687
3.232
3.979
2.868
2.296
2.173
2.476
3.516
3.022
2.626
2.183
2.688
3.069
1.66
2.432
1.77
2.183
3.685
2.671
3.578
1.969
1.974
2.108
1.562
3.105
1.748
3.891
3.218
3.183
1.56
2.917
3.781
2.38
1.814
3.995
3.441
2.7
1.936
3.137
3.15
1.77
3.511
1.583
2.304
3.944
1.806
3.24
2.036
2.796
3.657
3.161
1.625
3.279
2.537
3.182
2.715
3.711
3.829
2.234
3.324
3.714
1.858
3.665
2.322
2.427
2.328
2.504
1.921
2.014
2.403
1.551
2.824
3.91
2.367
2.716
3.387
3.248
3.614
1.909
1.826
2.876
2.682
3.079
2.554
1.88
3.829
2.304
1.632
2.562
3.503
3.147
2.259
3.75
2.019
2.059
3.508
2.51
2.485
1.575
3.047
3.697
3.176
2.034
3.549
1.527
1.537
1.543
2.839
2.917
2.092
3.325
2.489
2.92
2.093
3.718
2.355
2.923
3.968
3.89
2.154
3.791
1.756
1.639
2.429
2.942
2.404
3.637
2.657
3.329
1.758
3.657
3.416
3.875
3.662
3.141
1.534
3.157
1.84
2.933
2.213
2.2
3.012
3.969
2.494
3.879
3.563
3.297
3.333
1.764
3.511
3.142
2.917
1.987
2.56
2.135
1.82
2.854
3.346
3.856
3.785
3.62
3.315
3.318
1.719
3.712
2.521
1.533
2.571
1.789
2.439
3.65
2.928
2.994
1.673
1.96
3.793
3.554
3.555
2.693
2.938
2.98
2.263
2.637
3.304
3.914
2.545
3.228
3.599
2.27
1.608
1.931
2.687
2.927
2.169
3.713
1.644
2.649
2.674
1.661
3.138
1.579
2.407
2.863
1.71
1.83
2.448
3.667
2.093
2.116
2.485
2.1
1.755
1.712
3.928
2.513
1.663
3.13
3.708
2.762
3.339
2.845
3.657
1.998
3.527
2.775
2.783
2.443
3.938
3.817
1.746
3.541
2.285
2.972
2.781
3.14
2.76
1.899
1.527
3.153
2.603
2.909
2.532
3.064
3.107
3.288
2.011
4.0
2.748
1.636
2.212
2.883
2.516
3.727
3.035
3.887
3.127
3.096
2.716
2.129
3.794
3.993
3.184
1.75
3.187
3.407
3.205
2.816
2.696
2.462
2.453
2.552
3.519
2.957
2.716
3.314
2.609
2.146
2.116
2.223
3.715
3.105
2.071
1.923
2.989
2.388
2.129
3.824
3.134
3.759
2.316
2.966
1.899
3.147
2.989
2.765
3.279
3.075
3.221
2.712
3.312
2.361
2.816
3.615
3.415
3.352
2.188
2.449
1.576
1.699
3.725
2.159
3.288
2.221
3.622
1.667
1.634
2.103
1.697
4.0
3.09
3.445
2.786
1.79
1.657
1.851
1.83
3.047
3.565
3.19
3.574
3.279
3.337
2.414
2.652
1.938
2.13
2.682
3.508
2.36
3.502
3.476
3.266
2.981
3.368
1.758
3.45
3.206
3.967
2.101
1.912
3.414
3.821
2.728
3.235
2.602
3.647
3.201
1.56
2.894
2.998
2.828
2.927
1.989
3.05
1.774
2.463
3.278
2.438
3.333
2.779
3.536
2.667
2.452
3.456
3.448
1.86
2.143
3.084
3.979
3.808
2.176
3.638
2.423
2.193
3.083
2.888
2.861
3.513
2.76
3.081
1.842
3.297
1.701
2.927
2.077
2.914
3.254
2.673
3.032
3.519
2.278
1.709
3.446
1.849
2.66
2.189
2.744
3.686
2.741
3.269
3.917
2.993
1.838
3.661
3.48
2.851
1.681
3.373
3.257
3.58
2.135
2.304
2.186
1.911
2.326
2.145
3.25
2.641
3.356
1.673
3.848
2.296
2.2
2.98
2.748
2.027
3.71
3.582
1.744
1.721
2.635
3.918
2.732
3.156
3.782
3.823
2.312
2.271
2.368
1.632
3.019
1.713
1.542
3.252
2.688
2.135
3.177
3.125
2.409
2.165
3.395
2.952
2.114
2.728
1.918
1.77
3.634
3.297
1.684
2.469
2.55
3.755
1.603
2.964
1.705
2.188
2.815
3.448
2.813
3.664
1.528
1.646
2.006
3.828
1.865
3.88
3.408
2.803
3.346
3.429
3.371
1.662
1.941
3.695
2.074
3.313
2.76
3.789
2.284
2.449
1.692
1.805
1.734
3.313
3.341
2.525
2.554
3.287
2.816
1.944
1.831
3.509
1.924
1.916
1.73
1.602
2.38
3.96
3.047
3.118
3.948
3.935
3.891
1.526
1.777
2.899
2.767
1.653
2.971
2.491
3.399
1.78
2.82
2.886
2.22
3.027
1.789
3.81
3.438
1.767
2.66
1.796
2.807
3.836
2.984
2.895
3.521
2.74
3.894
3.67
3.781
2.444
3.583
3.28
3.933
3.603
3.892
2.591
2.063
2.528
3.449
3.138
2.296
3.142
2.693
3.316
2.469
3.024
2.73
1.632
2.875
3.214
3.519
3.618
1.622
3.433
1.506
2.481
1.85
2.659
3.477
3.702
3.457
3.032
3.856
3.486
3.617
3.4
2.448
2.661
3.593
2.889
1.616
3.367
2.866
3.795
3.359
2.362
2.632
2.292
2.328
1.997
1.518
1.847
3.55
1.824
2.521
3.689
3.957
3.469
3.568
1.692
3.548
1.94
2.024
2.178
1.681
2.314
2.718
2.563
3.666
3.164
2.808
3.988
3.769
1.587
2.34
3.052
3.777
2.683
1.554
1.6
3.785
2.883
3.375
3.29
2.582
1.811
2.274
2.901
2.453
2.598
3.869
3.226
2.752
3.165
2.913
3.299
1.578
1.546
3.96
3.593
3.296
2.436
2.67
2.397
1.984
1.619
3.852
2.9
2.354
3.353
3.779
2.289
3.99
2.072
3.7
2.64
1.895
3.772
2.366
2.941
2.91
3.792
2.421
3.85
2.276
2.373
1.724
1.993
2.644
2.52
1.516
2.279
2.714
1.718
3.676
2.892
3.128
3.34
3.095
3.475
1.537
2.762
2.077
1.656
1.85
3.364
3.096
2.001
3.993
1.904
2.854
2.488
2.167
3.853
3.311
1.874
3.899
2.012
3.504
1.758
3.942
3.746
2.895
1.582
1.735
3.36
2.857
1.556
3.196
3.395
2.353
3.043
1.616
2.509
2.622
2.577
1.521
3.59
3.243
2.856
3.689
3.569
2.978
2.18
3.784
3.314
2.147
3.807
3.146
2.512
3.681
2.804
3.587
1.619
2.901
3.242
2.32
2.233
2.336
1.635
3.317
3.245
2.847
2.39
2.938
1.971
1.926
3.14
3.118
2.061
3.501
2.977
2.491
2.662
2.436
2.081
2.918
3.636
2.249
3.786
1.89
1.639
2.91
2.544
2.271
2.171
3.818
2.794
2.267
3.2
3.027
2.844
2.363
3.096
2.289
3.982
3.195
1.727
3.005
1.826
3.876
2.546
3.152
2.714
2.805
1.71
3.397
3.124
1.504
2.78
1.98
3.633
3.321
2.737
1.989
2.747
3.581
2.409
3.225
2.272
2.154
2.547
3.026
1.969
3.289
3.644
3.41
3.914
2.126
2.988
2.512
2.974
2.658
1.905
1.7
2.454
2.61
2.39
1.692
2.675
2.284
3.286
1.779
3.816
1.946
2.027
1.99
2.701
2.915
3.133
1.875
3.823
2.77
2.622
2.994
2.074
1.936
2.514
2.488
2.865
3.446
3.894
3.821
3.791
3.826
3.985
3.804
2.791
3.587
3.527
3.15
2.092
3.0
1.648
3.698
3.667
1.852
2.202
3.579
3.52
1.898
3.836
2.1
2.509
3.838
3.246
2.753
2.633
2.389
2.11
2.871
3.175
2.63
3.921
2.86
3.153
3.793
2.937
2.277
2.764
2.458
2.633
2.171
1.512
2.883
3.711
2.15
1.712
3.888
1.975
3.103
1.591
3.64
2.233
1.859
3.398
3.924
3.178
2.194
1.632
3.523
3.811
3.983
2.67
2.518
2.132
2.348
3.757
2.03
3.872
3.718
3.289
2.852
3.334
2.96
3.901
3.193
3.39
3.659
3.427
1.549
3.515
1.74
3.717
2.216
2.774
1.784
2.917
1.633
2.997
2.348
1.631
3.418
2.137
3.695
3.647
3.364
2.024
2.328
2.003
3.466
2.985
2.439
1.662
3.662
3.85
1.807
2.041
2.755
3.299
2.903
2.187
1.7
2.294
3.385
2.876
2.703
1.933
2.582
2.88
3.332
3.237
3.607
2.112
2.489
3.044
2.062
3.417
3.41
3.407
3.536
2.982
3.151
3.935
2.016
4.0
3.512
3.571
2.44
3.031
3.392
2.661
1.88
2.365
3.675
2.076
3.701
2.408
3.252
2.626
1.818
2.011
2.423
1.797
2.665
3.059
2.343
3.812
2.793
1.619
1.729
2.903
2.202
2.773
2.346
2.197
1.789
3.689
2.531
3.387
1.95
3.192
2.352
3.203
3.953
2.963
3.577
3.378
2.113
1.869
1.989
2.655
3.045
3.786
1.789
3.042
3.848
1.525
1.963
2.466
2.3
3.574
3.269
2.135
2.752
2.337
2.752
2.799
2.587
3.92
2.835
2.429
2.352
2.552
3.506
3.388
3.263
3.995
2.891
2.688
1.718
1.602
1.901
3.861
1.733
3.54
2.648
1.515
2.094
2.185
2.239
3.468
3.178
3.677
2.796
3.396
2.546
3.441
3.024
2.322
3.791
3.931
2.517
3.78
2.776
3.738
1.995
1.584
1.5
2.076
2.054
2.924
2.549
2.069
1.738
1.553
1.808
2.72
2.297
1.821
1.921
2.591
2.174
2.327
3.547
1.552
2.779
1.61
2.41
3.321
3.14
3.08
3.2
3.99
2.76
3.355
2.497
2.558
1.996
2.973
1.946
3.127
2.051
3.174
2.671
2.251
2.426
3.565
2.515
1.698
3.151
2.602
2.883
2.614
3.791
3.334
3.15
3.028
3.081
2.153
2.949
2.637
2.812
2.576
2.395
1.619
3.639
2.622
3.049
2.876
2.035
2.89
2.38
1.711
2.813
3.558
1.667
3.792
2.668
1.846
2.892
2.129
3.065
1.921
2.919
2.322
3.78
2.108
3.2
2.161
2.775
2.647
2.047
2.998
2.43
1.859
3.21
3.848
3.196
3.452
2.19
3.031
1.907
2.673
3.4
3.971
3.094
2.859
3.553
2.007
2.596
2.343
2.775
3.804
3.625
2.096
3.511
3.933
2.7
1.955
1.86
1.542
1.703
3.96
3.897
3.103
1.809
1.619
2.268
3.062
2.571
3.213
2.251
3.658
3.838
3.568
3.715
1.578
2.295
2.926
3.224
2.358
1.513
3.579
2.735
2.522
3.315
3.786
1.764
3.829
3.942
3.488
3.111
3.244
2.204
3.881
1.584
3.956
1.703
1.776
3.839
3.682
3.384
2.83
2.546
3.2
1.805
2.353
3.239
3.071
2.99
1.751
3.789
3.285
2.742
1.997
3.451
1.608
2.718
2.048
3.991
3.318
2.011
2.449
1.756
3.723
3.907
2.687
2.14
3.839
3.351
2.464
2.496
Error de lectura!!!
2.181
2.526
2.665
3.254
3.232
3.491
1.526
3.098
3.192
1.941
2.713
3.132
1.873
2.684
3.729
2.975
2.926
3.418
3.769
2.651
3.631
2.208
1.95
2.6
3.539
2.813
3.079
2.583
1.546
3.969
3.875
3.094
3.851
2.882
1.816
1.572
3.175
3.864
2.949
3.698
2.525
2.633
2.231
1.665
1.859
3.739
3.47
3.433
3.557
3.917
2.463
3.928
2.937
2.923
3.048
2.324
2.59
3.631
2.249
3.991
3.282
3.857
3.162
3.399
1.936
1.874
3.369
2.549
2.183
2.143
2.931
2.809
3.074
1.673
1.953
3.573
1.563
1.63
2.469
1.994
3.445
1.915
3.093
2.178
3.645
3.945
1.681
3.101
1.861
2.692
1.654
1.612
3.311
3.463
3.716
2.094
1.623
2.703
2.894
2.512
2.441
3.283
2.068
2.098
1.933
2.36
2.273
3.512
3.936
3.516
3.393
3.42
2.402
3.106
3.545
3.231
3.82
3.645
2.235
3.551
2.062
1.998
2.12
2.464
2.808
3.495
2.381
2.451
2.238
1.986
1.52
2.731
2.13
3.395
3.153
3.35
2.55
3.137
2.615
1.677
3.975
2.197
2.426
1.618
1.619
2.3
2.389
3.342
3.546
2.598
2.683
2.609
2.043
1.896
3.831
1.618
3.317
1.839
2.916
2.707
2.135
1.946
2.695
2.619
2.504
2.288
2.821
1.522
2.713
3.98
2.452
3.369
3.455
3.207
3.196
3.257
2.338
3.216
3.447
3.676
3.349
3.551
1.609
3.873
3.114
2.731
3.953
2.064
2.002
3.392
2.061
3.151
2.671
2.606
1.596
1.6
3.358
2.997
3.384
3.798
3.217
2.202
1.766
3.237
2.491
3.936
2.865
2.948
1.806
3.307
3.44
3.124
3.372
3.826
2.19
3.457
1.894
1.843
1.861
2.944
2.997
2.218
1.612
3.055
2.408
1.722
3.815
3.21
1.836
2.259
2.744
3.394
2.434
1.727
1.725
1.662
3.167
1.938
2.765
3.253
2.537
3.065
3.066
3.49
2.719
3.801
1.84
3.154
2.61
1.577
2.577
3.19
3.394
2.176
3.068
2.866
3.685
2.95
3.449
3.467
2.167
3.262
1.891
2.651
3.867
1.746
3.758
2.762
2.352
2.03
1.828
3.485
2.738
2.392
1.977
2.36
2.756
3.994
2.666
1.685
1.819
2.792
3.54
1.576
2.373
2.07
3.81
1.523
1.838
3.32
2.481
2.09
3.621
2.019
2.496
2.296
1.971
1.94
1.577
2.689
2.03
3.747
3.282
1.931
3.976
2.624
3.368
1.895
1.957
2.518
1.946
2.785
3.974
2.573
2.628
2.673
1.518
3.185
2.662
3.548
3.991
3.811
3.678
2.271
2.589
1.753
1.948
3.614
3.264
1.634
3.842
3.598
2.614
1.858
2.53
3.281
2.288
1.57
2.33
2.333
1.83
1.943
3.382
2.971
1.752
1.996
2.28
2.543
3.111
2.155
2.115
2.734
2.659
2.784
2.509
3.709
1.934
1.622
2.313
2.55
1.882
3.632
1.622
2.853
3.135
2.58
2.868
2.548
3.452
1.834
3.799
2.48
1.559
3.245
3.314
3.438
3.203
1.955
3.661
2.827
1.803
3.129
2.327
2.928
1.841
1.839
2.129
3.473
3.434
2.943
3.457
3.349
3.956
2.434
2.175
1.814
3.156
3.277
1.852
2.764
2.56
2.69
1.552
2.855
2.953
2.761
3.074
2.396
3.411
3.016
2.647
2.406
1.909
3.82
3.242
3.977
2.158
3.62
3.59
2.77
3.487
3.731
2.829
1.708
2.209
1.611
2.532
3.834
2.716
2.711
3.308
2.121
3.645
2.588
3.595
2.096
2.843
3.181
1.675
2.501
3.393
2.678
1.75
2.614
3.942
3.786
1.627
3.635
1.825
2.875
3.892
2.043
2.971
2.048
1.561
3.742
2.762
2.357
3.544
2.843
3.342
3.699
2.959
2.87
1.761
3.067
2.355
2.04
2.322
3.337
1.804
3.182
2.731
2.987
3.551
3.002
3.091
2.243
2.009
3.912
3.999
2.881
3.71
1.663
3.743
2.363
1.826
1.598
1.757
2.15
2.45
2.353
2.471
3.53
2.24
1.792
3.316
3.926
1.508
3.909
3.127
2.021
3.668
3.214
2.368
1.706
2.76
3.741
2.154
2.235
1.529
1.926
2.8
2.304
1.847
1.616
2.699
1.719
1.673
2.929
1.864
3.962
3.3
3.464
1.829
2.536
2.301
2.926
3.378
1.61
3.577
3.534
1.553
2.514
3.713
2.35
3.827
2.393
2.925
1.902
1.86
2.222
2.984
2.8
1.629
2.665
1.596
2.005
1.631
2.365
3.328
2.426
1.635
1.606
2.518
2.738
3.504
3.367
2.627
3.339
2.888
1.883
1.545
3.856
3.51
1.507
3.33
1.959
3.458
2.359
2.731
2.453
2.106
2.666
2.35
3.38
2.002
3.667
3.192
3.979
2.624
2.297
2.601
1.658
3.585
3.652
2.241
3.862
1.893
2.997
1.584
2.135
2.801
3.691
3.873
3.238
3.314
1.849
2.879
1.889
2.786
2.817
3.546
2.034
3.235
2.483
2.713
3.288
2.614
1.945
3.237
3.199
3.572
2.161
2.208
3.073
2.509
3.178
2.482
3.016
1.767
1.612
1.508
2.103
2.85
2.257
3.189
2.644
2.27
2.866
1.757
3.809
2.226
3.242
1.906
2.58
2.785
1.627
1.548
3.005
3.996
1.967
2.829
2.257
1.918
2.396
2.138
2.655
3.522
3.099
2.408
3.226
1.739
2.74
2.715
3.21
2.969
3.565
1.721
3.504
3.147
3.074
2.044
2.149
3.682
2.299
2.703
2.002
3.182
2.417
2.341
3.364
3.775
1.711
3.481
1.89
3.375
1.782
2.99
2.911
3.27
2.21
2.702
2.314
2.253
3.573
3.927
3.144
3.216
3.148
2.39
3.847
3.917
2.68
2.035
1.679
3.462
2.757
2.789
1.973
4.0
1.752
3.012
3.476
2.13
2.367
2.994
3.921
3.515
2.497
2.702
3.657
3.357
3.132
3.583
2.475
3.279
2.692
1.95
3.5
3.935
3.663
3.461
3.842
2.324
2.869
2.919
2.077
1.941
2.925
3.011
2.15
2.043
2.546
2.455
2.386
3.989
3.744
1.857
1.73
3.8
2.218
2.47
2.971
2.23
3.972
1.855
1.855
3.66
2.847
2.371
1.989
2.694
2.023
1.965
3.796
2.82
1.722
1.129
3.679
2.652
1.924
3.037
2.975
3.295
3.8
3.081
1.777
2.745
1.6
2.33
2.03
3.024
3.975
2.753
3.279
3.852
3.781
1.541
1.667
3.579
3.289
2.116
3.945
2.826
1.679
3.367
3.444
3.823
2.172
1.935
2.51
1.636
3.938
2.398
1.747
2.987
3.104
2.961
2.734
1.827
3.777
3.474
2.761
3.343
3.281
1.729
3.942
1.692
2.521
2.22
2.187
3.319
1.995
2.285
3.65
3.344
2.937
1.892
2.24
3.708
3.84
2.995
3.946
3.341
1.651
2.991
1.531
3.318
2.802
3.975
1.748
1.888
3.078
3.929
2.698
3.276
3.048
3.61
3.21
3.845
3.822
2.494
3.004
3.045
3.656
2.696
3.006
2.283
1.616
2.198
2.765
3.729
2.691
1.501
2.384
3.062
3.195
3.432
3.218
1.868
3.482
2.941
3.998
2.826
1.611
2.969
2.528
2.868
1.913
3.599
2.139
3.0
2.527
2.851
3.671
1.997
3.315
3.08
1.538
3.451
2.163
1.548
2.462
3.497
3.469
2.867
1.665
2.145
3.853
2.069
2.922
3.113
2.878
3.599
3.02
3.691
3.804
3.466
3.221
3.234
2.616
3.398
3.388
1.763
3.539
2.562
1.819
3.273
3.354
1.933
3.509
1.694
3.902
1.792
1.842
1.89
3.285
3.22
3.992
2.861
3.671
2.599
2.425
3.637
2.931
3.191
2.459
3.133
3.394
2.133
3.731
3.348
3.932
3.214
2.073
2.291
3.618
3.877
3.38
1.836
2.571
1.982
2.335
2.79
3.603
3.148
3.434
3.777
3.159
3.486
1.864
2.08
2.747
3.422
1.582
3.361
1.615
3.763
2.098
1.63
3.509
1.758
1.51
2.388
2.563
2.338
1.723
2.407
2.172
2.491
3.038
2.42
2.889
3.521
3.516
Error de lectura!!!
3.076
2.372
3.674
3.308
3.452
2.036
2.14
2.974
2.928
3.955
2.469
2.859
1.694
2.799
2.818
3.073
3.164
3.075
2.318
2.956
3.072
3.44
2.161
2.296
2.84
1.642
2.501
1.589
3.09
3.979
2.077
2.713
3.992
2.972
3.374
2.947
3.75
2.582
1.635
3.221
3.967
3.962
3.723
3.765
3.676
1.758
2.636
3.784
2.618
3.309
2.243
1.686
2.893
2.88
1.871
1.587
2.875
2.279
1.814
2.727
3.138
2.194
2.814
3.189
2.945
3.868
1.93
2.758
2.467
1.629
2.051
3.033
2.847
1.902
3.382
3.953
1.664
2.48
2.197
3.166
3.682
1.61
1.961
1.993
2.578
1.984
2.297
1.917
2.312
2.535
3.307
1.738
1.505
3.444
2.679
2.842
2.855
2.727
2.821
3.452
2.386
3.624
2.666
2.027
1.993
1.956
3.128
2.648
2.849
2.565
3.792
3.318
2.955
2.594
3.051
3.951
2.499
3.683
2.712
2.166
3.395
2.269
1.71
3.777
3.733
3.393
2.541
2.821
3.063
1.512
3.066
3.166
3.05
1.514
2.043
1.614
3.697
2.045
2.081
3.563
1.509
1.803
3.765
3.625
1.649
1.955
2.332
3.544
2.971
3.021
2.78
2.312
2.207
3.756
1.716
2.699
1.75
2.245
3.838
3.886
3.213
3.466
3.046
2.214
1.588
3.843
1.537
3.964
3.318
3.214
3.975
1.557
2.069
2.557
2.27
3.072
3.27
2.138
3.967
2.488
2.594
1.78
1.939
3.431
3.735
3.288
1.71
3.399
1.595
2.614
3.997
3.327
2.819
3.606
2.425
2.352
1.679
1.873
2.309
3.905
3.969
2.203
1.939
3.576
1.98
2.664
1.85
3.297
1.661
2.851
3.544
3.06
3.165
2.938
1.59
2.85
3.498
3.428
2.604
2.293
2.463
3.527
2.769
2.305
2.976
2.955
3.72
2.119
3.568
2.065
2.164
2.173
3.417
3.684
2.598
2.569
2.925
3.808
2.587
2.013
2.597
3.654
3.195
2.772
3.431
3.812
2.76
3.668
3.56
2.001
1.603
1.757
3.384
1.852
3.08
2.326
2.01
3.517
2.124
2.34
2.449
2.424
2.792
2.161
3.077
1.799
1.511
2.197
3.109
3.916
2.027
1.881
2.284
3.785
3.139
3.796
2.611
1.728
3.977
3.511
2.891
1.532
3.275
2.385
2.099
3.453
3.672
3.69
2.028
1.554
2.679
3.089
1.683
2.603
2.551
2.595
1.743
1.835
3.819
2.826
2.043
1.653
3.726
3.254
2.367
3.717
2.446
2.631
3.786
2.917
2.483
3.726
2.145
1.662
1.543
3.036
3.707
1.762
3.037
2.606
1.917
3.449
1.898
3.021
2.516
3.418
3.171
3.721
2.478
2.238
2.424
3.373
2.372
3.706
3.211
3.266
3.427
3.855
3.524
3.079
3.572
2.246
3.646
3.195
2.718
1.859
1.95
1.763
3.15
3.454
2.596
3.577
3.968
2.868
1.676
2.606
3.971
2.571
2.202
3.092
1.999
2.334
2.07
3.493
3.506
2.791
1.607
2.525
2.775
1.947
2.647
2.088
3.195
2.348
2.454
1.892
2.851
2.003
3.525
2.593
3.152
2.078
2.826
3.103
2.808
2.982
1.82
2.801
1.6
1.592
1.865
3.811
3.069
3.514
2.673
2.462
3.95
3.256
2.982
2.8
2.003
2.831
2.047
2.352
3.654
3.8
3.104
3.388
2.945
3.425
3.227
1.529
2.948
3.845
3.64
2.345
2.315
2.379
3.278
1.797
2.881
3.687
3.007
2.461
2.299
2.31
2.95
2.271
3.524
2.968
3.53
1.707
2.955
1.581
3.037
1.559
2.529
3.831
3.739
3.716
3.427
3.595
1.672
2.644
3.765
3.102
2.39
2.037
1.926
1.698
3.261
2.277
3.672
2.959
1.753
3.155
2.008
2.393
3.704
3.471
2.686
3.024
1.806
3.566
1.822
3.973
3.081
1.712
1.843
2.027
2.879
3.749
2.592
2.442
2.806
2.773
3.663
2.822
2.254
2.737
2.465
3.386
3.879
3.006
3.856
3.047
3.728
3.997
2.046
2.355
1.671
2.255
1.576
2.241
3.274
2.335
2.97
2.425
3.637
3.781
3.035
3.263
3.624
2.266
3.071
2.129
1.702
1.941
3.236
3.986
3.592
2.842
3.68
3.968
1.799
1.764
2.0
1.613
1.704
2.696
2.759
2.801
2.943
2.735
2.667
1.537
3.047
3.873
3.334
2.273
3.698
1.886
3.143
2.512
3.859
3.437
2.632
3.9
1.542
3.916
1.717
3.703
2.85
3.624
3.471
3.508
3.013
1.722
3.605
2.243
2.313
2.025
1.76
3.377
3.888
3.607
3.779
1.819
1.94
2.834
2.966
3.872
3.096
1.897
2.678
2.247
3.38
3.835
3.044
3.318
1.754
3.112
1.974
2.567
3.801
2.085
2.381
3.398
3.165
2.41
1.552
2.563
3.593
2.491
3.341
1.881
2.469
2.685
1.773
2.022
3.751
1.916
1.643
3.317
3.482
3.12
2.672
1.573
1.886
2.669
2.097
3.541
3.669
2.12
3.691
3.476
2.776
2.031
3.651
2.788
3.07
3.237
1.9
1.83
2.371
1.702
2.866
2.462
3.757
3.909
2.317
2.962
3.881
3.059
2.995
2.209
3.329
3.478
2.577
3.813
3.296
3.144
2.288
1.979
3.478
3.791
1.798
2.32
1.924
3.815
1.769
1.604
2.835
2.77
3.502
3.531
3.346
2.633
1.811
3.892
2.807
1.824
2.816
1.624
3.968
3.722
3.002
3.251
1.906
2.722
2.132
2.533
1.988
2.141
2.131
3.034
3.251
2.19
2.332
2.274
2.657
1.561
2.623
2.021
1.98
2.299
3.341
2.511
2.536
1.726
1.624
2.647
1.563
2.87
2.713
2.43
2.931
2.154
3.098
3.661
2.446
3.23
2.721
2.077
3.378
3.866
3.882
2.017
3.376
2.883
2.597
3.783
2.816
3.918
3.432
3.652
1.968
3.096
2.495
3.234
2.308
1.779
3.365
2.707
1.673
3.309
3.019
2.339
3.672
3.403
2.49
3.99
2.888
3.61
2.524
2.028
3.057
3.428
3.702
1.701
3.02
3.745
1.803
2.254
2.443
1.976
3.275
3.928
3.912
1.505
2.633
1.589
3.339
3.575
3.648
3.568
2.342
2.059
3.866
1.733
2.791
2.795
3.506
1.642
2.891
2.509
2.371
3.356
3.623
2.375
1.584
3.213
2.611
2.307
3.206
2.264
1.795
3.947
3.894
2.719
2.471
3.12
1.736
3.343
2.434
2.141
3.028
3.411
3.765
2.95
3.22
2.726
3.514
3.422
1.822
2.498
2.701
3.447
2.816
1.745
2.451
1.921
1.718
3.186
1.602
2.626
1.681
2.877
1.678
2.217
2.637
1.999
3.116
2.38
3.269
2.021
2.271
1.625
2.107
2.566
2.564
2.963
3.413
3.956
2.828
3.281
1.828
2.186
3.844
3.815
3.247
3.847
3.775
1.826
1.943
3.314
3.33
3.597
2.403
2.261
3.283
3.49
3.735
1.991
3.028
3.983
3.138
3.896
2.34
3.746
3.389
1.946
2.096
2.292
3.126
2.99
3.835
2.295
3.284
3.011
1.715
1.722
3.188
3.962
3.787
1.909
2.394
2.365
1.725
1.862
2.33
3.208
1.796
1.972
1.635
2.308
2.211
2.53
2.461
3.011
2.153
3.423
3.102
3.649
2.355
3.433
1.795
3.45
2.119
2.356
3.387
1.896
3.978
2.217
2.372
3.585
3.919
3.881
3.032
3.416
3.772
2.576
3.513
3.755
2.896
1.923
1.734
1.888
3.508
3.557
3.886
3.741
3.538
3.647
3.21
2.674
2.85
3.901
1.574
4.0
2.063
1.694
2.096
1.574
3.556
1.53
3.705
2.063
1.71
1.703
1.542
3.833
2.479
3.562
2.099
3.276
2.559
3.862
2.762
3.197
3.492
2.008
3.837
2.388
2.4
2.98
1.707
2.462
3.655
1.523
2.145
2.352
2.073
1.809
1.909
3.314
2.563
3.21
2.993
3.014
3.305
3.515
3.23
2.538
3.397
2.767
2.557
1.848
2.351
3.435
1.51
3.103
2.472
3.88
3.264
3.177
2.172
2.476
1.895
3.284
3.954
3.052
3.637
3.562
1.655
2.773
3.849
1.878
2.746
3.956
2.108
2.554
3.417
2.22
3.795
1.928
2.622
1.895
2.495
3.805
1.53
2.59
2.487
3.497
3.6
2.509
1.638
1.886
3.27
3.734
2.038
2.304
1.975
1.717
2.766
2.173
2.053
2.381
1.574
2.025
2.411
3.561
3.578
1.588
2.527
1.847
2.887
3.908
3.803
2.421
3.644
3.073
2.162
3.602
1.564
1.526
3.589
1.937
2.149
2.581
3.625
2.089
3.525
1.859
3.992
3.719
2.059
3.125
1.654
1.98
3.058
3.824
2.363
3.106
2.252
3.509
2.962
3.722
2.175
2.088
3.273
1.625
1.567
3.639
3.712
1.536
3.983
3.917
3.89
1.633
3.389
3.878
2.971
2.724
3.015
3.923
2.097
2.272
2.688
1.823
2.431
1.874
3.554
1.724
3.22
1.641
3.7
3.069
2.469
2.747
2.691
2.654
3.93
1.578
1.849
2.535
1.879
2.684
2.444
3.518
2.904
1.689
3.482
2.223
1.717
3.488
3.284
1.92
3.951
2.683
3.52
2.836
3.08
3.034
2.668
2.475
3.884
1.527
2.381
1.952
2.295
2.299
2.701
2.0
3.632
1.87
1.888
3.502
3.222
2.035
2.527
3.031
1.989
3.719
2.482
2.298
3.736
2.76
1.915
3.634
3.428
2.992
3.313
3.221
2.319
1.709
1.918
1.606
3.484
2.919
3.955
2.682
2.189
3.257
1.577
3.898
2.015
1.752
2.289
3.503
3.195
2.592
2.85
2.372
2.089
2.386
3.579
2.13
3.383
3.935
3.082
3.449
3.34
2.85
2.36
2.976
1.811
3.03
3.877
3.499
2.498
3.862
3.454
3.457
2.71
1.6
3.557
3.902
2.965
3.931
3.005
1.797
2.241
2.815
1.527
3.177
3.893
1.501
2.781
1.895
1.611
2.357
2.357
2.092
2.62
3.323
3.353
3.732
3.697
3.261
2.441
1.539
2.63
2.627
2.593
3.299
1.716
3.673
1.965
2.762
2.47
2.913
3.793
3.946
3.515
3.698
1.999
3.599
1.988
3.02
2.361
1.535
2.158
2.287
3.506
3.748
2.096
1.991
1.786
2.296
3.456
1.592
3.328
1.597
2.074
3.994
2.557
3.501
1.971
1.816
1.581
3.0
1.581
2.8
1.744
3.339
2.627
3.68
2.469
1.581
1.678
1.531
3.797
2.524
2.356
2.36
2.693
2.068
2.928
1.64
2.541
2.851
2.084
3.54
3.135
1.534
3.519
1.667
2.032
2.97
2.281
2.473
3.689
2.026
3.122
1.932
2.397
1.729
2.492
3.746
1.73
2.253
3.948
2.63
3.579
3.512
1.853
2.065
2.717
3.184
2.314
2.863
1.934
3.304
1.685
3.205
3.778
3.082
3.826
3.694
1.891
2.721
1.937
2.686
3.168
2.687
3.256
3.096
3.905
3.582
1.709
3.618
3.137
