3.281
2.317
3.553
1.886
2.562
2.278
3.796
2.797
1.739
3.013
2.525
3.335
3.41
3.979
3.42
3.944
3.998
2.463
2.881
3.231
1.606
2.395
3.977
1.83
2.795
3.38
2.693
3.295
2.842
2.741
2.298
3.1
3.748
3.475
2.23
2.898
2.43
2.858
2.063
2.01
2.493
1.958
2.929
3.085
3.639
1.764
1.624
2.903
2.52
3.354
2.33
3.757
3.354
2.315
3.944
3.969
3.316
3.017
2.492
3.28
2.705
3.566
3.003
2.405
2.311
2.241
2.667
3.855
2.624
3.481
2.603
1.88
3.139
2.591
3.097
3.147
2.959
2.94
2.059
3.283
3.451
3.732
3.53
2.371
3.831
2.287
1.823
2.497
2.687
1.584
1.518
3.373
3.857
2.267
3.338
2.909
2.908
3.337
3.749
1.561
2.338
2.955
1.542
1.636
3.136
3.325
3.931
2.811
2.697
2.07
3.628
1.996
3.2
3.383
2.757
2.597
1.9
3.635
3.913
3.243
2.761
2.087
2.81
3.658
3.29
3.686
3.899
2.763
3.737
3.958
3.609
2.146
3.106
3.588
1.717
2.343
1.925
3.192
2.355
2.723
1.855
2.965
2.247
3.441
3.261
3.485
3.673
1.651
3.272
1.889
2.238
2.804
2.456
2.379
3.017
2.765
2.895
2.874
1.551
1.537
2.903
3.956
3.582
3.625
3.331
2.291
2.056
1.652
2.091
1.844
3.018
2.33
2.713
1.161
2.349
2.004
2.378
2.255
3.974
3.229
3.356
1.793
2.662
3.783
2.018
3.301
2.576
3.807
3.68
2.629
2.327
2.666
3.478
1.639
1.975
2.843
3.643
1.838
3.932
2.44
2.348
2.768
1.709
1.523
3.032
2.388
3.431
2.549
2.369
2.507
1.819
2.342
3.203
2.332
3.299
1.565
3.863
1.849
3.749
2.133
3.849
2.625
2.718
2.708
1.966
2.447
3.847
3.069
2.211
3.79
2.57
2.77
1.652
2.856
3.422
1.749
2.656
3.759
3.634
3.656
1.532
1.6
3.753
3.112
1.859
2.024
1.716
2.478
1.639
1.502
3.106
1.909
1.815
1.727
1.535
3.198
3.476
2.254
2.893
3.768
3.949
2.383
2.272
3.997
3.134
2.965
2.692
2.51
3.952
3.657
1.945
2.389
3.462
3.065
3.102
3.365
3.285
2.856
3.745
3.473
1.827
2.8
2.692
2.155
1.798
3.656
3.012
3.405
1.782
3.078
3.422
3.006
2.738
1.512
3.004
2.684
2.043
2.784
2.612
2.986
2.448
1.953
1.517
3.23
3.597
1.627
3.828
1.885
2.292
3.614
3.65
2.091
1.592
3.17
3.744
1.793
2.399
2.637
2.138
3.597
3.349
2.571
3.52
2.502
2.252
3.186
3.076
2.899
2.169
3.309
2.78
2.922
2.907
2.099
2.629
2.667
2.856
3.03
1.614
1.957
2.776
3.755
1.979
3.476
2.182
3.878
3.498
1.568
1.698
1.877
3.111
2.423
3.105
3.889
2.676
1.681
3.279
1.872
3.562
2.957
2.341
2.521
1.589
1.902
2.064
3.033
2.435
3.19
2.412
2.076
3.373
1.534
3.251
1.737
3.987
2.988
3.803
3.218
2.754
3.872
1.948
3.351
2.213
2.796
2.846
2.602
3.144
2.134
1.651
2.438
2.432
2.89
2.551
2.409
2.488
2.954
3.844
3.05
2.32
2.853
2.102
2.584
3.641
2.867
3.7
3.206
3.724
1.865
1.853
1.897
3.141
3.439
3.805
2.349
3.357
3.108
2.157
2.356
3.529
2.508
2.823
1.783
3.825
2.167
3.528
1.544
3.066
2.424
2.908
1.833
3.861
2.42
2.621
1.712
3.754
2.666
1.674
2.286
2.78
2.966
1.599
2.995
3.084
2.066
2.874
2.548
1.84
2.756
2.297
2.146
2.984
1.799
2.291
2.519
3.883
1.538
1.915
3.76
2.742
2.323
3.238
2.494
2.608
2.496
2.736
1.509
2.49
1.997
3.389
3.795
3.206
3.003
3.572
3.281
3.884
1.71
3.777
3.068
2.214
2.445
2.136
1.812
2.202
1.927
2.437
2.35
3.173
3.403
3.893
3.927
3.975
2.051
2.19
3.929
3.009
2.799
2.258
2.265
3.874
1.692
3.068
2.613
2.749
1.755
1.661
2.472
3.596
2.047
3.686
3.055
3.687
2.176
2.898
2.901
1.92
1.555
2.549
2.406
3.896
2.69
1.528
2.337
3.877
3.594
3.411
3.006
2.818
2.213
2.204
3.94
3.75
2.012
3.262
3.245
3.619
1.599
2.968
2.081
3.269
2.681
2.75
2.953
3.048
2.197
2.592
2.071
3.836
1.774
2.226
2.668
3.294
2.647
3.167
3.641
3.709
1.577
2.294
2.628
2.898
1.577
3.809
1.868
3.86
2.057
3.421
1.64
2.889
3.016
1.914
2.609
3.886
2.57
2.628
3.92
2.936
3.503
3.373
2.959
1.643
3.476
3.575
3.207
2.51
2.222
3.898
3.253
3.402
2.033
2.05
3.805
2.862
3.62
2.223
2.957
2.792
3.307
2.261
3.061
1.96
1.783
2.645
3.969
3.644
2.357
3.416
3.185
2.486
2.467
3.798
3.26
2.888
3.005
3.723
3.329
2.089
1.523
2.469
2.792
3.784
3.502
2.045
2.805
1.887
3.18
1.968
3.644
3.99
1.715
3.308
2.082
2.888
1.925
3.993
3.722
1.617
2.963
3.774
2.429
2.429
2.423
2.907
3.893
2.324
3.727
2.957
3.49
1.881
3.929
3.468
2.012
3.455
3.232
2.732
2.549
3.957
3.898
2.172
1.915
1.933
1.923
2.569
2.187
3.08
3.819
2.592
2.204
1.824
3.421
2.937
3.67
3.714
3.325
3.791
3.048
3.092
2.178
2.217
3.788
3.152
3.055
1.988
1.706
1.716
2.193
3.106
2.139
1.64
2.044
2.706
2.357
2.399
1.93
3.382
3.814
2.801
1.977
3.207
3.884
3.049
3.89
1.873
2.747
3.623
3.288
2.62
2.485
3.456
2.82
1.93
1.815
3.508
1.696
2.286
2.995
3.961
3.001
3.38
2.859
3.536
3.297
3.927
2.761
3.506
1.922
2.217
1.511
3.893
2.861
2.349
2.247
2.203
2.488
1.64
1.859
2.979
3.241
3.662
3.668
1.548
2.158
2.943
1.889
2.731
2.542
3.35
1.596
2.607
1.528
2.54
2.428
2.973
3.387
3.688
1.952
2.275
3.423
2.803
3.495
2.366
3.56
3.515
1.572
3.429
2.529
3.694
2.044
2.911
2.635
2.92
2.436
3.292
2.707
2.66
1.932
2.032
3.709
2.176
2.438
2.36
1.579
1.636
3.269
3.764
1.533
3.392
1.919
3.053
1.682
2.586
2.101
2.83
2.361
1.748
3.867
1.681
3.755
3.465
3.242
3.214
1.641
2.112
3.403
2.874
3.464
3.818
1.662
2.178
1.821
3.215
2.049
2.414
3.008
3.667
3.247
3.602
2.598
2.169
2.945
3.828
3.024
3.866
3.193
3.628
1.84
3.28
3.818
1.663
3.129
1.531
1.595
3.374
2.339
3.996
3.46
3.928
3.556
1.918
2.38
3.335
2.455
1.609
3.33
2.394
2.797
1.884
2.411
3.11
2.526
2.191
2.679
3.3
2.997
2.855
3.869
3.291
2.578
2.044
2.546
3.607
3.327
1.926
2.374
2.254
2.529
3.215
2.008
3.282
2.667
3.126
1.949
1.94
3.128
2.511
3.379
2.498
2.08
1.827
1.938
2.138
3.621
3.836
3.657
2.293
1.513
2.653
3.361
3.869
3.895
3.593
2.841
2.892
1.645
3.083
1.827
3.949
3.71
3.01
3.59
2.358
2.095
3.252
1.533
2.777
3.551
3.658
2.059
3.011
2.663
3.405
3.119
2.787
2.867
2.187
2.326
3.979
1.856
1.705
3.399
1.95
3.145
3.458
3.908
3.631
3.229
3.242
3.256
3.503
3.903
3.002
2.524
3.974
1.845
1.779
2.146
2.267
2.805
2.759
1.887
3.705
2.431
3.227
1.984
3.012
1.573
2.69
2.504
2.466
2.435
3.478
1.615
1.831
3.826
1.738
2.403
1.544
2.63
1.758
3.602
2.492
3.614
1.982
2.987
2.436
2.315
2.6
3.704
1.743
3.269
2.199
2.383
2.25
3.881
2.168
3.742
2.89
2.775
2.257
2.292
2.309
3.064
2.265
3.949
1.791
3.101
2.945
2.501
3.287
2.645
3.454
3.297
1.691
2.285
2.773
3.859
2.036
3.08
3.908
2.686
3.443
1.897
2.992
3.191
3.451
2.352
2.484
1.583
2.178
3.95
3.877
3.247
3.087
3.507
3.183
1.665
3.1
3.945
2.101
1.847
2.539
1.662
1.834
2.395
3.874
3.913
3.696
2.636
2.841
1.548
2.062
1.834
3.197
3.93
3.398
2.593
3.479
1.58
3.742
2.137
2.937
2.835
3.903
1.586
3.368
2.026
2.822
1.689
3.52
1.648
3.957
3.838
2.333
3.741
2.484
2.873
2.011
3.66
1.973
2.892
3.863
1.87
1.596
3.751
3.62
2.079
3.593
3.141
2.6
3.936
2.886
2.942
2.465
3.457
3.046
3.633
2.844
3.485
2.295
2.842
2.901
3.368
3.294
2.266
3.869
1.646
2.34
1.951
1.733
1.702
2.566
3.299
2.793
3.816
2.498
2.967
3.456
1.956
3.155
1.757
2.998
2.646
3.725
3.551
2.422
2.532
1.825
1.774
2.27
1.949
3.56
1.727
1.584
2.633
2.854
1.962
1.695
3.79
3.814
3.214
3.407
1.769
3.98
2.86
3.711
3.585
3.319
2.71
2.583
2.278
3.397
3.687
2.513
3.949
1.621
1.848
3.742
3.543
3.254
1.993
3.604
2.55
3.458
1.638
2.774
2.29
2.064
2.395
2.727
2.469
3.661
2.527
2.856
2.823
1.86
3.34
3.395
1.934
2.077
3.37
1.543
2.942
1.674
2.58
1.638
1.834
3.003
2.127
2.215
2.103
1.927
3.42
2.022
2.578
3.765
3.216
3.591
3.206
2.974
2.98
3.375
3.875
2.732
2.699
1.544
2.174
3.651
1.556
3.035
3.403
2.185
1.6
2.351
2.297
3.098
2.22
2.736
1.624
1.737
1.672
2.512
3.365
2.774
1.691
1.532
3.622
2.364
3.626
2.483
3.339
1.85
2.065
3.755
1.832
2.033
3.49
3.436
1.988
3.832
2.49
2.004
2.77
3.679
3.287
2.594
3.679
2.301
1.825
2.604
3.678
3.276
1.854
2.577
2.271
1.876
3.413
2.706
2.293
3.681
3.199
2.523
2.463
2.48
1.997
3.596
3.574
3.58
2.726
2.452
3.53
1.869
3.624
2.786
2.82
2.071
1.636
2.946
3.752
1.773
3.341
2.05
3.667
2.208
3.636
1.602
1.709
2.785
2.942
3.575
3.36
3.022
3.433
1.857
3.824
3.413
3.742
2.903
3.039
3.88
3.871
3.151
3.656
3.064
2.127
2.399
2.126
3.639
2.561
1.859
2.763
2.835
3.064
1.504
3.147
1.869
2.019
2.182
2.556
1.716
3.968
3.32
1.593
3.474
3.361
3.048
2.993
1.969
2.817
3.308
2.111
1.709
2.137
1.778
3.451
1.51
3.953
3.456
2.366
2.242
2.68
2.314
3.5
2.362
3.08
1.662
3.121
1.813
3.571
1.793
3.911
1.703
2.329
2.989
2.564
3.129
1.696
2.452
3.589
2.967
3.055
3.687
3.374
3.559
3.252
3.709
2.482
1.855
3.396
2.221
3.632
3.494
2.569
1.854
2.013
3.64
3.429
1.898
2.233
1.532
3.561
3.393
2.881
3.769
2.511
2.096
1.898
3.808
3.287
1.523
3.607
2.134
2.424
3.443
3.342
1.683
1.748
1.537
2.489
3.022
2.065
1.751
3.655
2.869
2.586
2.57
2.819
2.418
2.864
1.902
2.158
3.174
3.627
1.679
2.705
3.524
1.866
2.361
3.457
1.6
2.957
3.271
3.855
3.545
3.551
2.228
3.158
3.117
2.898
1.849
2.481
3.125
2.55
3.368
1.937
2.704
1.608
2.412
2.648
1.967
2.592
1.53
1.616
3.025
3.562
2.614
3.658
3.773
2.066
2.243
2.754
1.956
2.808
2.026
2.264
2.989
1.678
3.789
3.191
3.911
2.999
3.859
2.102
1.522
2.347
1.937
2.886
3.701
3.615
3.404
1.801
2.353
3.179
1.927
3.599
3.608
2.666
1.554
3.947
3.62
1.737
3.145
2.95
2.558
3.951
2.293
2.572
3.636
2.012
3.845
2.87
2.97
3.603
3.632
2.692
1.54
3.396
2.018
2.189
2.209
3.25
2.469
1.91
2.386
3.814
3.466
3.251
2.779
2.688
3.135
1.698
2.733
3.774
2.229
2.542
3.54
1.71
3.268
1.643
2.634
3.892
3.106
3.738
3.199
3.937
1.696
1.655
1.812
1.86
1.577
3.6
2.495
2.646
2.61
2.472
2.464
3.727
1.938
2.977
2.92
2.148
2.188
1.946
3.921
2.74
3.768
2.608
3.159
2.857
2.584
1.83
3.242
2.216
3.369
2.063
3.939
3.802
2.53
2.792
2.308
2.872
2.837
2.364
2.261
1.905
1.502
2.093
2.551
1.978
2.77
1.862
1.509
2.896
3.563
2.951
3.409
2.551
2.038
3.182
3.317
1.735
2.527
3.531
3.4
1.98
2.063
1.559
1.5
3.607
2.416
3.04
3.089
1.583
1.98
3.918
3.35
2.503
3.99
2.859
3.22
1.641
3.844
3.178
2.406
2.598
3.891
3.141
2.31
3.958
2.087
1.631
3.25
2.331
3.344
1.858
1.917
2.106
2.209
3.818
1.968
3.436
2.136
2.784
1.57
2.172
2.619
3.135
2.398
3.931
2.748
3.745
3.421
2.074
2.653
3.3
3.895
1.798
3.255
2.5
3.913
3.562
2.492
3.897
3.813
3.895
3.618
1.563
2.614
1.704
1.958
1.934
3.635
3.362
2.099
3.81
2.009
2.988
2.367
2.086
3.313
3.583
2.475
1.645
1.622
3.411
2.447
3.833
3.441
2.583
2.607
1.572
2.993
1.745
3.715
3.084
2.561
3.291
2.551
3.748
1.715
2.331
3.265
3.985
2.528
3.978
3.836
1.676
2.142
3.727
3.98
2.53
2.064
2.156
1.823
3.174
2.653
3.218
2.409
1.725
2.456
2.14
2.774
3.615
2.419
1.673
3.702
1.642
3.258
1.837
3.494
3.991
1.625
1.524
1.5
1.519
3.368
2.516
3.064
1.807
3.549
3.404
2.212
2.958
3.939
3.73
3.142
1.787
3.003
3.315
2.788
2.09
3.075
3.275
2.397
2.883
1.615
2.267
2.133
3.153
2.637
2.837
1.593
3.943
3.145
3.623
1.602
1.969
3.744
1.932
1.564
3.705
3.139
2.636
3.57
2.84
2.339
3.403
2.772
1.6
2.622
3.136
3.008
1.9
2.281
2.296
3.43
1.767
1.815
2.433
2.982
2.509
3.73
1.624
2.518
2.709
1.65
3.213
2.432
2.451
3.835
3.409
1.723
3.371
2.237
2.926
3.712
3.477
2.241
2.665
2.119
3.08
3.324
2.479
2.283
3.503
1.645
3.324
1.618
1.588
2.23
2.102
2.803
3.809
3.255
2.381
3.221
2.541
2.277
3.805
3.296
1.868
1.936
3.587
1.569
3.072
2.244
2.683
3.476
2.412
1.794
2.116
2.632
2.009
3.473
2.692
3.879
1.854
2.091
2.323
2.69
3.905
3.426
1.94
2.328
1.654
1.618
2.111
3.077
2.683
2.319
1.699
3.433
1.58
1.688
1.719
2.735
2.048
2.623
3.687
2.206
2.664
1.717
2.157
3.52
2.844
1.915
3.667
2.373
2.166
2.565
3.437
2.862
2.588
2.953
2.47
2.322
3.575
3.106
2.328
2.045
1.582
2.073
3.967
2.096
2.667
2.469
1.66
2.826
3.901
1.681
3.747
2.573
1.904
2.523
2.724
3.839
3.04
2.002
3.808
2.744
1.63
3.783
2.773
3.117
3.62
1.75
3.235
2.643
2.327
3.725
2.672
2.584
2.315
3.796
3.03
2.248
1.931
3.664
3.427
3.881
2.71
3.252
3.567
2.861
3.647
3.442
2.614
3.371
1.636
1.923
1.662
3.805
2.042
3.087
1.991
2.175
3.471
3.954
2.316
3.114
2.93
2.229
3.396
2.994
2.944
1.939
1.966
1.555
2.443
2.733
3.078
3.636
1.556
3.242
2.923
3.816
3.836
2.114
3.569
2.968
2.943
1.681
2.972
2.191
3.271
2.108
2.679
2.31
2.565
3.42
1.844
2.344
1.606
3.692
1.978
3.249
3.906
2.262
2.5
2.93
2.107
3.134
3.339
3.622
3.946
3.515
1.502
2.442
3.83
3.061
2.013
3.887
3.406
2.104
1.819
3.694
3.036
2.561
1.532
2.238
2.651
2.76
3.91
3.295
2.239
3.391
3.75
2.538
1.504
2.609
2.334
3.797
1.923
2.069
2.049
3.908
1.985
2.858
3.346
2.605
2.475
3.834
3.005
3.125
2.05
2.299
1.903
2.529
3.726
3.747
3.023
2.296
3.819
2.272
2.943
2.253
1.936
3.073
1.831
3.657
2.764
3.184
2.192
3.071
3.618
2.659
2.924
3.267
2.772
3.414
2.462
1.877
2.378
3.505
2.971
2.295
2.245
2.545
2.546
3.575
1.885
3.402
1.509
3.988
3.565
1.521
2.304
1.906
1.685
3.495
2.269
1.575
1.669
1.668
3.69
2.411
3.955
3.037
2.645
3.818
1.93
2.07
3.839
2.264
2.444
3.906
1.911
1.983
3.101
3.685
3.13
2.258
2.712
2.964
2.609
2.036
1.546
2.382
1.887
3.017
3.502
1.875
3.285
3.333
3.269
3.936
3.686
3.414
2.625
3.22
3.219
2.516
2.718
2.923
2.251
3.12
3.76
2.171
3.886
2.048
1.624
3.703
2.499
3.353
3.353
2.986
3.031
2.819
2.995
2.198
2.733
3.808
2.738
3.3
2.086
2.801
3.998
3.068
3.514
3.635
2.462
2.507
1.598
3.04
2.561
3.527
2.317
2.748
2.102
2.377
2.013
3.081
2.952
3.67
2.875
3.76
1.654
2.982
2.562
3.415
2.294
2.14
3.022
2.681
3.085
1.552
3.393
2.682
3.486
2.682
2.171
3.303
4.0
2.382
2.175
3.409
2.903
2.051
2.091
3.181
2.318
3.733
1.895
2.304
1.782
2.267
3.142
3.944
2.501
2.506
2.858
2.231
3.301
1.528
1.525
2.739
2.6
2.455
3.199
2.434
2.851
2.006
3.963
3.993
2.667
2.661
1.513
2.457
3.085
3.029
3.711
3.051
3.509
2.426
2.853
2.559
3.636
3.704
2.065
2.155
3.489
3.577
2.361
3.121
2.069
2.287
2.546
3.954
3.364
2.575
3.131
3.244
2.763
3.373
3.518
3.299
1.732
3.557
1.977
2.047
3.682
2.011
3.34
2.185
2.965
3.27
2.863
2.103
1.734
3.438
3.528
1.882
2.446
2.196
1.923
2.7
3.912
3.306
3.567
3.319
3.893
1.797
1.738
3.865
3.716
3.498
3.155
2.431
2.556
2.433
3.684
2.138
2.713
3.208
1.537
2.166
3.572
1.73
1.92
1.678
2.373
1.936
2.479
3.586
2.719
3.502
2.664
2.227
2.727
3.32
2.151
3.148
1.922
2.26
2.402
1.613
2.311
2.533
1.634
1.657
3.69
3.025
3.284
3.156
3.511
2.915
1.64
3.923
2.575
1.959
1.54
3.088
2.651
1.662
2.358
3.901
2.366
3.334
2.163
3.038
3.333
1.767
2.885
3.865
3.185
2.587
3.18
2.603
2.4
2.447
2.818
3.995
2.243
3.783
3.029
3.825
1.96
1.838
3.603
2.583
3.649
3.754
2.188
2.505
2.819
2.055
3.844
2.785
2.729
3.942
1.506
2.804
3.518
1.886
2.704
3.771
2.447
3.237
3.082
1.871
3.283
2.224
2.207
2.279
1.651
2.115
1.8
3.008
1.774
2.569
3.014
3.806
2.276
2.347
3.576
2.855
3.132
2.842
3.589
2.576
1.646
3.917
3.147
3.537
1.715
2.363
3.68
2.021
2.444
3.486
1.999
2.814
3.395
2.532
2.492
2.999
2.599
3.226
3.699
2.821
1.782
2.687
2.173
3.224
2.41
2.544
3.981
2.529
3.766
2.628
2.326
2.765
2.046
3.761
3.597
1.719
2.263
3.028
3.001
1.954
3.172
3.687
2.127
2.723
2.69
2.012
3.362
2.76
2.628
3.951
2.565
1.573
2.274
3.69
1.715
3.815
3.606
3.005
2.01
3.137
2.643
2.718
3.26
3.228
2.311
1.795
3.389
3.447
3.583
2.68
3.492
2.06
3.89
2.49
1.653
2.612
3.849
2.17
3.869
3.708
2.968
2.249
2.439
3.954
1.768
2.004
3.238
1.84
3.763
3.675
1.722
2.146
3.227
1.692
3.602
1.74
3.111
2.232
2.138
2.279
2.747
3.684
2.72
3.624
2.794
3.448
2.409
2.965
3.417
3.834
3.347
2.011
3.796
3.258
3.903
3.548
1.693
2.445
2.857
3.927
3.06
2.839
3.446
1.832
3.985
2.024
1.58
3.904
3.908
1.769
3.302
1.981
3.039
1.542
1.763
3.025
2.486
2.435
3.493
2.5
3.089
2.427
3.276
1.527
1.866
1.743
3.09
3.595
1.703
2.491
1.541
3.996
2.696
3.091
2.253
3.847
3.88
3.808
3.468
3.601
2.329
3.21
2.417
3.317
2.455
3.163
2.057
3.402
3.488
1.676
2.482
3.119
3.909
1.949
3.314
3.46
3.109
3.936
3.153
3.317
3.278
2.549
2.572
3.945
1.622
3.687
1.774
3.433
3.909
3.296
3.673
1.512
2.384
1.878
1.574
2.266
2.297
3.203
3.835
3.471
1.751
1.84
2.552
3.671
1.706
3.05
3.268
1.8
1.89
2.921
3.078
3.099
2.811
2.517
3.254
2.938
2.963
2.652
1.924
1.851
1.628
3.164
2.201
2.183
1.545
2.781
2.942
3.94
3.171
2.652
1.734
2.938
3.095
1.941
3.968
3.183
4.0
2.021
3.675
1.899
1.957
3.957
3.876
3.024
2.555
3.02
3.557
2.587
3.431
2.631
1.793
1.582
3.92
1.902
3.683
2.091
1.677
3.531
3.886
3.914
2.042
3.452
1.679
3.994
3.266
3.404
3.94
2.947
2.785
3.87
2.61
2.361
1.604
1.557
2.043
3.335
2.751
1.758
1.856
1.554
3.991
3.829
3.746
1.969
3.709
2.565
2.137
2.146
2.143
2.521
2.726
3.579
1.739
2.91
2.379
3.387
2.797
2.455
1.604
3.663
2.969
2.184
3.532
3.442
2.09
2.618
3.242
3.7
1.631
3.71
1.931
2.966
1.503
1.937
2.129
2.538
3.937
3.348
3.291
1.504
2.565
1.853
3.278
1.692
3.574
1.995
2.582
1.794
3.582
2.779
2.834
2.522
3.513
1.71
1.675
3.889
3.391
2.106
2.915
2.331
1.687
2.326
2.026
2.475
1.634
2.718
3.302
3.725
3.796
2.835
2.559
2.53
2.997
1.642
2.628
3.519
2.831
1.693
3.396
3.071
2.433
2.295
3.817
2.734
1.564
2.121
2.837
2.535
2.301
3.405
1.692
2.402
1.719
2.867
3.299
3.036
2.777
3.379
3.448
2.727
3.066
3.609
3.608
3.269
2.265
2.754
1.757
3.265
2.384
1.601
3.39
1.709
3.398
3.384
2.816
2.423
3.455
3.731
2.503
3.835
1.786
2.859
1.828
1.953
1.564
2.219
2.132
3.302
3.859
2.833
3.579
3.823
2.33
2.311
3.65
2.185
2.635
1.662
1.867
2.105
3.286
3.698
1.506
1.733
3.14
3.363
2.895
3.43
2.156
2.016
3.128
2.704
2.542
2.769
1.627
2.015
3.827
1.913
3.24
3.462
2.498
2.343
3.248
3.387
3.43
1.968
2.042
3.498
3.316
1.77
3.184
2.357
3.075
2.021
3.196
2.27
2.726
1.953
2.567
3.289
3.132
1.676
2.011
3.122
3.479
1.996
1.77
3.139
2.366
3.921
2.411
2.184
3.736
2.16
3.787
2.278
2.175
3.722
3.547
2.292
3.266
3.911
3.92
2.129
2.957
3.014
1.867
3.709
1.85
3.923
3.404
2.028
3.565
1.966
2.284
1.855
3.567
1.716
1.65
3.065
1.896
1.878
2.32
2.81
3.202
3.753
3.496
2.137
3.67
2.391
1.503
1.52
2.875
1.644
2.977
3.601
2.163
1.961
2.085
3.379
3.334
1.66
3.559
3.176
1.793
2.048
2.294
3.784
3.126
3.633
1.558
3.46
2.771
3.284
2.627
2.61
3.269
2.167
1.816
3.623
1.707
2.738
3.25
3.056
3.847
3.633
1.595
3.266
2.587
3.715
2.833
3.899
2.241
2.217
3.753
2.357
3.332
3.414
2.028
2.257
2.691
2.173
1.586
3.066
2.234
2.676
2.375
1.805
3.377
2.001
1.568
2.418
3.057
1.71
1.616
1.941
3.049
3.808
2.163
3.782
2.087
3.434
1.682
2.625
3.519
2.228
2.711
3.301
1.692
3.151
2.7
3.161
2.379
3.588
3.223
2.861
2.437
3.332
2.505
3.373
1.956
3.811
1.57
2.729
3.73
3.193
2.211
3.003
3.939
2.753
3.543
1.997
2.177
3.066
2.183
3.324
1.932
2.524
3.643
2.609
3.407
3.567
2.477
3.225
1.982
2.26
3.268
3.212
2.292
3.411
3.424
3.311
2.951
3.866
1.749
1.916
1.879
2.355
3.152
2.317
1.882
3.58
1.996
3.351
3.322
2.388
2.359
3.971
2.306
3.322
1.748
3.532
3.336
3.362
2.583
2.832
1.527
2.699
2.577
1.664
3.017
2.459
3.654
2.827
3.212
2.362
1.593
3.827
2.871
3.847
3.237
3.181
2.617
1.746
2.664
3.094
3.961
3.483
3.688
1.801
1.824
2.408
2.428
1.743
2.719
2.598
2.301
3.817
3.565
2.481
1.644
2.531
3.979
3.176
2.595
3.426
1.704
3.179
1.982
2.288
3.389
2.932
1.602
2.21
2.055
2.884
1.947
2.779
1.902
2.498
1.906
2.306
2.822
2.524
2.687
1.81
2.661
1.793
1.997
1.832
1.803
3.466
2.707
1.52
3.206
3.019
1.708
2.632
3.288
2.742
1.977
2.954
1.95
2.382
2.798
1.832
3.084
1.999
1.827
3.608
1.516
2.309
3.987
2.956
2.881
2.35
3.477
3.114
3.129
3.084
3.522
3.24
1.808
2.95
3.68
1.637
2.433
1.735
2.861
2.109
3.868
2.584
3.943
3.064
3.818
1.574
3.819
3.603
2.156
2.209
3.856
3.587
2.391
2.509
2.066
2.769
1.734
2.572
3.817
2.071
3.817
2.677
2.928
3.572
3.614
3.973
2.547
3.256
3.457
2.334
1.838
2.791
3.528
3.927
3.588
3.153
1.783
2.148
3.855
3.355
3.518
3.643
3.066
3.252
3.207
2.491
1.743
1.563
1.579
3.034
2.721
2.672
3.712
2.709
2.497
2.503
2.096
2.694
2.611
3.524
3.01
3.648
3.207
3.028
2.939
2.565
3.548
2.049
1.893
2.086
3.311
3.042
1.683
2.283
2.889
2.864
3.821
1.536
3.67
3.854
2.595
2.002
2.39
2.372
2.1
3.772
3.751
3.65
1.913
2.705
1.556
1.512
3.763
3.629
2.005
3.801
1.889
1.9
3.996
1.982
3.876
2.263
3.883
2.301
2.262
1.922
3.646
1.682
2.406
3.06
1.679
3.346
2.183
3.254
1.857
2.499
1.938
2.329
2.914
2.274
1.734
2.566
3.292
1.603
2.296
3.951
1.891
2.815
3.078
2.775
1.999
1.589
3.891
2.479
3.631
2.528
2.858
3.163
3.347
2.109
3.724
2.117
3.261
3.511
2.58
2.885
3.623
2.238
3.492
3.722
2.406
2.656
2.051
2.62
2.612
3.592
2.573
1.748
1.761
2.498
2.149
1.515
2.225
3.374
2.981
3.376
2.98
2.341
3.594
2.026
2.78
1.586
2.289
2.761
1.698
2.704
2.938
3.053
1.648
2.778
2.202
2.832
1.966
3.732
1.505
2.941
2.655
1.992
1.964
2.713
3.343
2.368
2.345
3.946
1.595
2.397
2.892
1.717
1.866
1.539
3.809
3.284
3.181
2.775
2.118
1.594
2.011
2.041
2.997
3.76
2.274
3.028
3.804
1.609
1.849
2.084
2.583
2.233
3.758
3.265
1.569
2.889
3.868
1.745
3.369
2.863
2.402
2.956
3.166
3.745
1.979
3.013
3.163
1.879
1.868
2.92
3.435
1.606
2.869
3.061
2.963
2.545
2.572
3.296
3.317
3.318
3.675
2.988
2.083
3.292
2.804
3.887
1.959
1.659
2.418
3.967
3.683
2.597
2.666
3.363
2.481
3.539
1.64
1.502
3.307
1.946
3.395
2.956
1.964
2.623
2.781
3.525
3.269
2.364
3.113
3.898
3.271
2.756
2.589
3.416
2.621
2.871
3.308
1.705
2.664
3.571
1.861
1.581
2.15
1.827
1.814
2.213
2.595
3.693
2.941
2.141
2.142
1.993
2.633
2.848
1.79
2.074
3.772
3.462
3.286
3.124
3.312
1.632
2.763
2.291
3.372
2.855
3.267
3.869
3.177
2.027
2.803
3.794
1.886
2.606
2.756
3.149
2.988
2.251
1.622
2.232
3.18
Error de lectura!!!
3.58
3.385
1.646
3.079
3.646
2.544
1.53
1.633
1.94
3.064
2.035
3.913
3.346
3.829
2.889
2.053
3.427
3.465
3.018
3.145
3.236
2.537
1.996
1.739
1.909
3.136
3.189
2.037
2.882
3.036
3.231
2.382
2.68
3.823
1.581
3.913
2.96
2.659
2.968
3.767
3.236
3.248
3.767
3.399
3.267
3.37
2.687
2.368
3.303
2.835
3.054
3.639
2.582
2.039
2.899
3.325
2.56
2.693
2.939
3.117
3.21
1.52
3.359
3.087
2.877
1.719
2.232
2.677
3.602
3.88
3.739
1.871
2.749
1.624
1.871
2.273
2.468
2.362
1.56
3.18
1.79
3.694
1.976
3.693
2.918
1.503
2.643
2.47
1.973
3.009
3.502
3.903
2.3
2.061
2.337
1.889
3.844
3.723
2.48
3.414
2.786
3.573
2.141
2.435
1.857
2.249
3.873
2.362
2.019
2.058
1.601
2.967
1.813
2.84
1.999
2.531
1.788
3.763
1.783
2.161
1.514
3.823
1.511
2.869
3.903
2.681
1.948
3.372
1.747
2.877
3.813
3.85
2.583
3.983
3.096
3.463
1.889
3.812
3.7
3.296
3.496
1.571
2.689
3.416
2.137
2.05
2.907
3.871
3.267
1.945
2.957
3.16
1.563
1.686
3.684
2.877
3.964
3.958
3.079
2.209
2.941
2.069
3.013
3.51
1.605
3.16
1.828
3.695
3.767
1.717
3.384
3.558
2.533
3.178
2.645
2.242
3.648
1.535
2.469
2.768
3.327
3.249
1.842
1.954
2.804
2.207
3.544
1.884
2.266
2.066
3.377
1.953
3.422
1.524
3.537
3.4
3.646
2.426
3.303
2.017
3.061
3.195
2.843
1.575
2.823
3.003
3.764
2.858
3.346
2.819
3.426
1.541
1.8
3.441
2.273
2.823
3.742
2.087
1.565
3.414
1.682
1.831
2.74
3.297
3.177
3.269
3.037
2.459
2.17
3.094
2.893
3.761
1.58
3.927
2.679
3.095
3.239
1.525
3.923
2.201
3.512
2.032
2.599
3.369
1.944
3.888
3.115
2.297
2.135
2.094
2.235
2.894
2.671
3.959
3.154
2.638
1.869
1.618
3.03
2.044
1.861
2.148
3.281
2.13
2.053
3.606
2.969
3.585
3.772
3.286
1.649
3.665
2.334
2.551
2.256
2.124
3.356
2.769
3.236
3.671
2.032
2.75
1.695
2.638
3.446
2.676
3.632
1.939
2.699
3.082
2.287
3.121
2.406
3.455
3.686
1.813
3.253
1.987
1.537
2.612
1.975
3.236
2.498
2.77
2.633
3.191
2.841
3.921
2.363
3.024
3.874
3.084
2.802
3.479
1.931
3.84
1.583
2.336
3.185
2.56
2.081
3.664
2.202
2.455
3.464
1.693
2.171
3.492
3.59
1.622
2.481
2.433
2.749
1.733
2.726
1.62
3.627
3.052
2.516
2.731
1.778
2.97
2.757
1.584
1.622
2.531
3.005
2.559
3.591
3.787
2.646
1.578
1.956
3.601
3.385
1.83
1.609
2.864
3.14
2.605
3.41
1.753
3.287
2.1
3.411
1.63
2.946
1.711
3.546
2.89
2.778
3.182
3.327
3.834
3.684
1.866
3.619
3.363
3.983
2.545
2.975
2.112
2.915
3.571
3.381
3.571
2.496
3.921
1.668
2.134
2.345
3.105
2.875
2.225
3.119
2.919
3.954
1.864
2.449
1.713
3.779
3.287
2.549
2.984
2.293
2.101
2.1
2.073
2.522
1.916
3.368
3.347
2.564
2.421
3.084
1.508
2.136
2.765
1.755
1.524
3.443
2.611
1.546
2.315
3.026
3.848
3.605
1.534
2.266
1.783
2.551
3.292
2.815
1.891
2.122
1.688
2.129
1.965
2.726
3.647
3.985
3.642
1.903
3.334
2.557
3.427
1.912
3.692
3.501
3.563
2.252
1.75
2.834
3.319
2.167
2.014
1.667
3.283
2.045
3.357
2.802
2.329
3.759
2.23
2.779
2.05
2.438
1.577
2.04
3.6
3.05
2.363
2.949
1.941
2.601
2.419
3.325
2.329
2.951
1.933
2.29
3.937
1.827
2.001
3.003
1.849
2.473
2.049
1.729
1.904
2.917
2.439
1.665
1.921
2.983
3.877
3.722
2.807
3.722
2.694
2.283
1.543
1.547
1.812
3.228
1.974
2.482
3.897
3.362
2.94
2.353
2.444
3.442
3.426
1.612
3.748
3.311
2.461
1.628
3.727
2.223
3.341
3.147
1.512
2.62
1.798
3.463
3.333
3.514
1.827
2.975
2.962
1.805
3.298
3.024
1.509
2.462
3.858
2.986
1.579
3.864
2.414
2.902
2.473
1.634
1.95
1.751
1.733
2.198
2.645
3.3
3.762
1.654
2.055
3.204
2.117
1.999
3.934
3.265
3.568
3.867
3.687
3.992
3.386
3.987
1.559
2.283
1.683
1.949
2.388
2.898
3.293
2.778
1.805
1.555
3.803
2.035
2.224
3.55
3.817
2.171
3.984
2.293
2.852
1.828
2.783
3.522
3.255
2.264
2.489
3.64
3.17
2.652
2.939
1.611
3.717
2.215
1.513
3.374
3.572
2.01
3.34
2.453
1.503
2.28
3.008
3.772
1.757
2.001
3.201
3.65
3.427
3.654
2.448
2.299
3.021
2.894
3.666
1.906
2.755
3.699
3.848
3.347
3.731
3.753
3.585
2.028
3.774
1.538
2.697
2.36
3.03
3.447
3.003
3.052
3.526
3.219
2.226
3.736
3.208
3.409
2.326
2.07
1.532
3.302
2.691
2.547
2.636
1.717
1.815
3.19
2.293
1.575
2.904
3.198
1.843
3.631
2.681
2.914
2.025
2.422
2.553
3.29
3.012
2.638
2.054
3.979
3.414
2.978
3.459
1.994
3.331
3.976
2.99
3.328
3.83
3.822
2.958
2.739
3.087
3.587
2.534
1.63
2.153
3.317
2.806
2.535
2.406
2.011
2.365
2.082
3.844
1.6
3.308
3.254
1.625
3.535
1.961
2.927
3.823
2.971
3.422
3.431
2.891
1.637
3.733
2.497
2.747
3.002
1.834
1.897
2.728
2.026
3.995
3.215
3.412
2.156
3.157
2.942
3.205
2.608
3.714
2.467
2.22
2.523
2.505
1.958
3.149
1.99
2.55
2.02
1.787
1.902
2.849
3.977
1.875
3.275
3.217
3.028
2.223
3.23
2.365
3.757
3.696
2.696
2.009
1.672
2.12
3.314
3.23
2.877
2.404
3.715
2.889
3.686
3.182
3.417
1.797
3.869
2.996
3.144
1.959
3.641
3.776
2.992
3.427
3.845
3.747
3.641
2.253
1.978
3.651
3.336
1.86
2.486
3.184
1.805
3.282
3.478
3.912
3.938
2.772
2.114
1.689
2.236
3.645
1.811
2.437
1.635
3.851
3.603
2.954
3.244
1.645
1.573
3.686
2.216
3.288
3.965
2.67
3.274
3.73
3.172
2.277
1.634
3.706
3.971
2.438
3.995
3.66
2.141
2.655
2.295
2.408
2.625
1.657
2.578
2.46
3.172
3.646
2.026
3.75
2.247
2.293
1.926
1.747
3.838
3.083
2.699
3.23
1.669
3.311
3.056
1.777
3.533
3.219
2.982
3.4
1.953
2.428
2.904
3.396
1.964
2.72
3.717
3.942
3.965
3.72
2.403
2.821
1.991
2.08
1.92
3.76
1.862
2.372
2.389
2.046
3.566
2.782
3.005
3.698
3.904
3.138
3.795
3.379
2.485
3.085
3.636
3.317
2.86
3.19
3.301
2.464
2.744
2.902
3.159
2.99
3.074
3.228
3.422
1.654
2.668
3.217
3.549
3.682
2.2
1.779
3.582
2.183
3.796
3.611
3.542
3.371
1.864
1.549
1.513
2.863
2.495
3.409
2.817
3.388
3.305
1.724
2.994
3.603
2.035
2.584
2.592
1.881
3.436
2.724
1.806
3.666
2.783
3.476
1.7
3.087
2.323
3.375
2.818
3.787
3.969
3.139
2.858
3.881
2.374
2.235
3.998
1.516
2.334
1.626
3.473
2.781
2.788
3.208
1.522
2.404
1.588
3.007
3.078
1.516
2.394
3.116
3.235
3.019
3.721
2.176
3.555
3.406
2.194
3.015
2.047
2.867
2.584
2.514
3.094
2.763
2.459
3.79
2.324
2.013
1.574
2.347
2.658
3.344
3.436
3.464
3.457
1.937
3.47
1.975
2.566
2.472
2.724
3.859
3.816
3.475
3.98
1.669
2.361
1.633
3.372
3.251
1.698
3.199
3.401
3.724
2.523
2.338
2.832
2.874
2.676
2.667
3.865
1.808
3.868
3.417
2.352
1.712
2.912
2.704
3.455
1.674
2.524
3.671
2.623
3.187
2.217
2.11
2.104
1.505
3.893
1.662
1.587
3.154
2.466
3.306
3.932
3.947
2.9
2.464
2.236
3.669
2.666
2.132
3.198
2.256
3.646
2.992
3.428
2.367
1.8
1.581
1.965
2.089
3.506
3.019
3.427
2.64
3.043
1.58
2.43
3.196
2.189
3.404
1.872
2.53
1.54
1.528
3.92
2.278
2.217
3.524
1.538
2.63
1.727
3.307
3.859
3.55
2.877
1.512
2.623
2.86
2.848
3.231
2.163
2.722
1.912
2.325
2.693
3.304
2.847
2.69
3.822
2.11
3.273
2.237
1.905
3.303
3.684
3.265
2.874
2.372
2.999
3.845
2.985
2.135
3.094
3.625
2.11
3.395
1.822
3.751
3.011
3.798
3.144
2.274
2.191
3.372
3.48
3.15
1.53
1.713
2.384
2.914
2.904
1.837
1.633
2.083
2.441
1.777
3.506
3.123
3.706
3.342
3.516
2.9
3.506
1.845
1.678
2.691
2.409
1.507
2.816
3.868
2.901
2.227
2.866
1.974
3.574
3.552
3.871
2.466
3.443
3.085
3.465
1.733
1.731
3.497
2.156
1.577
3.343
3.031
2.758
2.061
2.143
1.618
2.449
3.937
2.113
3.103
3.447
3.654
2.846
1.929
2.532
3.373
2.06
2.044
3.174
2.642
1.863
2.623
2.823
2.541
1.991
3.355
3.551
2.98
2.818
1.967
2.457
3.799
2.269
2.143
1.683
2.637
3.039
2.318
2.668
3.399
1.829
3.144
2.091
2.035
2.095
3.376
3.237
3.296
3.783
3.654
3.556
3.75
3.068
3.732
3.624
3.931
2.4
1.792
1.985
1.75
1.746
2.411
3.944
3.255
3.782
1.784
3.706
3.848
2.966
1.651
1.877
3.306
2.232
2.101
3.185
3.65
3.298
3.007
1.54
2.839
2.327
2.089
1.686
3.84
2.31
3.686
3.407
1.822
3.418
2.249
3.105
2.547
2.748
3.626
3.169
3.9
2.134
2.035
2.007
2.707
2.337
2.79
3.906
1.944
1.828
3.132
1.562
3.784
1.854
2.491
3.163
2.675
3.885
3.654
2.519
2.346
1.527
2.504
3.801
1.567
3.033
3.011
1.692
2.513
3.837
3.449
1.754
3.813
2.047
2.757
3.781
3.81
3.551
3.506
1.505
2.955
1.645
3.743
2.784
3.364
2.429
2.601
2.261
1.782
2.854
2.204
3.982
3.521
3.141
3.455
1.561
2.216
1.807
2.736
2.529
3.236
2.82
3.886
1.866
3.615
1.638
2.886
2.022
2.759
1.935
1.986
3.582
2.975
3.405
3.774
3.724
3.734
1.5
3.058
3.634
3.296
2.765
2.974
3.653
1.635
2.949
3.478
2.841
2.044
3.24
2.722
3.555
2.844
2.522
2.662
3.879
3.34
3.197
3.705
1.5
3.054
3.249
1.576
1.943
2.936
3.337
3.341
2.46
3.733
1.95
2.795
1.725
2.889
1.944
3.267
2.405
3.047
3.796
2.967
1.56
1.842
3.637
1.777
2.345
1.768
1.669
2.299
1.718
1.572
3.258
1.768
2.4
1.999
1.853
3.499
1.782
2.124
2.109
1.967
2.7
2.602
1.538
3.522
2.588
1.947
2.016
2.265
3.075
1.895
2.22
2.332
1.751
3.604
2.63
1.682
2.478
1.605
3.058
3.776
1.701
1.799
2.69
2.365
2.754
1.92
3.343
2.377
3.759
2.679
2.088
3.379
3.401
1.692
3.388
3.934
2.245
2.181
2.761
2.619
2.127
3.472
1.947
3.539
2.373
1.92
2.18
3.267
2.905
2.533
1.869
2.706
2.823
3.763
2.108
2.447
1.799
3.493
3.988
1.998
1.816
2.296
2.772
3.901
2.434
2.56
3.152
3.152
1.61
3.063
1.985
1.894
1.658
1.582
3.702
2.442
2.389
2.007
3.641
2.792
3.024
2.105
3.811
1.896
1.819
3.43
1.644
2.345
3.667
2.021
3.013
3.064
3.419
2.006
3.585
3.597
3.334
2.743
3.035
3.409
2.607
1.918
2.319
2.453
2.308
3.539
3.505
2.383
1.828
1.508
1.853
2.764
3.185
1.56
2.002
2.609
3.59
2.982
2.881
2.744
3.699
3.187
2.283
2.074
2.235
3.458
3.117
3.569
1.961
1.918
2.864
1.766
3.662
1.553
3.426
1.924
2.765
2.913
2.735
3.186
2.502
3.218
3.521
1.658
1.544
2.824
3.794
2.869
1.922
3.169
3.637
2.136
1.521
2.873
2.341
3.842
2.086
2.414
2.542
2.816
3.866
3.541
2.057
1.858
1.702
3.401
1.769
2.422
1.825
2.478
2.5
3.063
1.695
2.593
2.077
3.22
2.752
3.226
2.992
3.752
1.643
1.887
3.946
2.742
3.946
3.995
1.612
3.046
3.984
1.61
3.183
2.798
2.957
2.243
2.932
3.953
1.94
3.054
3.12
2.444
1.756
2.181
2.116
2.682
2.689
3.002
2.287
3.317
1.67
2.588
3.393
1.606
3.074
2.864
2.524
1.891
2.491
2.434
1.683
3.91
3.983
2.646
1.981
3.235
2.898
1.716
3.902
2.222
1.576
3.985
3.933
3.474
3.232
3.71
2.136
3.035
3.696
3.057
2.113
2.251
1.74
3.324
1.834
3.758
1.55
2.837
2.681
2.255
2.112
3.395
2.87
3.791
1.721
2.809
2.771
1.981
2.99
2.805
3.719
3.76
1.704
3.05
2.282
3.714
2.158
2.935
3.68
3.408
3.688
3.742
3.818
1.619
1.661
3.02
2.851
2.741
1.911
3.727
3.995
1.748
2.299
2.991
3.157
1.735
1.87
3.235
3.17
2.403
1.552
2.635
1.612
1.675
3.76
3.838
1.945
3.083
2.304
1.692
2.359
1.696
3.383
2.512
2.71
2.339
2.949
2.228
2.942
1.72
2.767
2.022
3.69
3.622
2.481
3.795
2.711
3.734
2.018
2.368
3.28
3.444
2.088
2.706
1.637
3.538
2.146
2.619
2.739
2.397
2.805
3.445
2.921
3.017
1.884
3.507
1.99
2.537
1.978
3.336
2.389
2.302
3.194
1.594
1.916
2.682
1.525
3.553
3.923
2.209
3.954
3.916
3.207
3.36
2.596
2.621
1.552
2.742
3.816
3.888
3.131
3.068
2.814
1.709
2.007
2.531
2.009
3.931
3.067
3.424
2.599
2.865
3.865
3.053
3.831
2.668
3.576
1.58
Error de lectura!!!
2.827
3.647
3.424
3.444
2.575
2.282
1.857
3.555
2.557
2.074
3.389
3.578
3.686
1.737
3.984
2.889
3.761
2.464
3.171
3.966
1.836
3.957
3.054
2.639
2.219
3.959
1.734
1.601
1.731
3.162
3.017
2.195
3.804
3.864
2.186
1.991
2.197
1.864
2.587
3.345
1.607
2.417
1.736
3.559
2.613
2.037
1.979
3.872
2.596
1.852
3.277
3.865
3.198
2.736
2.024
2.536
3.024
3.482
2.925
2.631
1.599
3.046
2.832
2.14
3.434
1.659
2.205
2.61
3.988
3.17
2.62
1.827
3.399
1.589
2.224
1.698
3.316
3.456
1.835
3.475
2.258
3.436
1.632
3.883
2.859
3.834
2.863
1.593
3.275
2.162
2.243
2.321
3.475
3.722
3.568
1.691
3.57
2.28
2.094
1.906
3.995
3.309
2.579
2.942
3.851
3.266
1.538
2.86
3.152
1.796
3.351
2.911
1.545
2.16
1.966
1.527
2.201
2.962
3.987
3.628
2.336
1.825
3.479
1.585
2.241
3.068
2.644
3.692
1.558
1.787
1.563
2.271
2.435
3.828
3.572
2.532
3.362
2.921
3.732
2.205
3.514
2.573
3.474
3.366
3.278
3.585
2.771
3.747
2.833
2.403
2.182
1.873
3.866
2.157
2.472
1.67
2.453
2.587
3.696
2.604
3.162
1.775
2.487
3.961
2.731
3.88
1.684
3.519
1.545
3.979
3.877
2.766
2.682
3.704
1.921
1.957
3.811
3.069
3.154
3.634
3.831
2.022
2.807
2.252
3.641
1.852
3.364
3.453
1.839
2.209
2.899
1.953
2.565
2.944
3.746
3.905
1.995
2.364
2.228
1.609
1.803
3.421
1.841
1.899
1.96
1.966
1.728
3.796
2.326
1.735
3.629
2.632
3.242
3.61
2.428
2.466
2.712
2.943
3.348
3.268
3.672
3.641
3.157
2.613
2.648
3.129
2.928
2.025
2.235
2.779
3.71
1.555
2.629
1.56
2.865
1.733
2.875
3.668
1.916
1.641
3.965
3.243
3.578
2.188
3.788
2.701
2.178
3.008
3.818
3.341
3.064
1.96
2.742
3.764
1.964
3.86
1.593
2.783
1.535
3.213
3.559
3.391
3.927
3.683
2.794
3.741
3.011
3.382
1.727
1.946
2.765
1.603
1.704
1.719
3.834
2.911
1.648
3.426
2.923
3.347
2.938
2.18
2.795
3.297
3.453
3.658
3.579
2.283
3.307
1.948
1.779
2.93
3.633
3.877
3.043
1.607
1.572
2.409
2.146
2.15
2.433
3.28
2.132
3.397
3.803
1.776
3.927
3.636
3.508
3.827
2.522
2.523
2.621
3.824
2.433
2.154
3.827
3.438
2.742
3.127
2.047
3.178
3.507
3.991
3.185
2.023
2.76
3.941
1.515
2.647
1.83
2.873
1.914
2.389
2.781
2.375
3.652
3.819
3.611
2.984
1.691
1.559
3.49
1.718
2.404
1.543
3.143
2.668
3.168
2.595
1.807
2.563
2.541
2.354
3.739
3.528
2.126
3.0
2.197
2.254
3.417
2.825
1.948
1.702
1.545
3.554
2.779
2.429
2.361
3.367
2.863
2.33
2.693
3.464
2.049
3.068
3.427
1.727
1.923
3.436
2.447
1.585
2.666
2.254
2.181
3.028
3.744
2.616
3.505
3.166
3.906
2.574
2.473
2.903
1.726
2.126
3.797
1.987
3.605
2.682
3.288
3.012
1.966
2.426
2.896
1.726
3.845
3.603
3.718
1.829
1.788
2.559
3.955
2.305
2.173
2.886
3.725
3.318
3.416
2.336
1.562
1.759
1.907
1.611
2.898
3.042
2.644
3.2
3.274
3.382
3.439
3.909
3.156
3.076
2.056
2.172
3.857
3.858
3.271
2.319
2.136
2.786
2.569
3.922
3.662
3.596
3.713
2.231
3.861
3.923
1.988
2.093
2.328
2.857
3.32
2.116
3.335
3.204
2.772
3.453
2.91
2.736
3.088
1.589
3.233
3.247
2.099
3.311
3.609
3.416
2.098
3.789
3.276
1.814
1.502
1.896
2.324
2.113
3.918
3.034
1.778
3.716
3.731
2.427
2.963
3.445
2.604
3.242
3.299
3.193
2.549
2.918
3.55
2.233
2.024
3.925
3.689
3.449
2.978
2.017
1.909
1.94
3.692
1.712
2.275
1.931
3.754
1.802
2.091
3.279
1.638
3.446
1.791
3.757
1.678
2.045
3.707
3.51
2.034
3.764
2.333
1.961
1.587
3.902
2.282
3.388
1.884
2.546
2.091
1.518
3.096
3.368
3.466
1.82
2.878
3.484
2.474
1.668
3.46
1.741
2.121
1.598
2.053
2.683
3.977
1.541
2.222
2.443
1.581
2.914
2.943
3.242
2.827
2.677
3.622
1.846
2.745
3.228
3.545
1.642
2.499
3.889
3.378
3.939
2.257
3.404
2.8
3.136
2.386
2.324
3.36
2.737
2.868
3.663
2.292
2.543
2.402
3.173
2.78
3.181
3.29
3.622
2.139
2.817
1.984
3.368
3.721
2.412
2.672
3.574
1.577
3.375
3.004
1.583
2.311
3.4
1.961
3.944
1.994
1.794
3.903
3.496
1.734
2.398
3.393
2.361
1.552
2.796
2.044
1.845
3.011
2.919
1.679
2.959
1.983
1.993
3.991
2.172
3.612
3.803
3.229
3.677
1.709
1.819
2.966
3.804
3.814
2.276
1.523
3.608
1.879
3.55
2.429
2.947
2.647
1.805
2.799
1.646
2.988
3.668
2.641
1.657
3.186
1.505
3.328
2.398
3.147
2.415
3.628
2.757
3.181
3.617
3.397
2.947
1.992
3.583
2.695
1.787
3.775
2.004
2.135
3.091
1.832
3.796
3.323
1.807
2.977
1.564
2.806
3.695
3.757
3.199
2.495
2.342
3.655
3.554
3.968
3.042
3.581
3.727
2.251
3.755
1.705
2.663
3.692
1.548
2.963
2.258
3.234
3.002
1.912
2.466
3.126
3.515
3.121
2.679
2.171
2.823
2.469
3.905
2.989
2.436
3.571
1.804
1.851
2.464
3.386
1.557
3.583
1.923
3.875
3.61
1.685
1.57
1.818
3.539
2.215
2.246
3.363
2.585
3.778
1.587
1.74
1.74
2.703
2.471
2.396
2.383
2.547
2.55
3.229
2.468
2.42
1.682
3.152
3.613
3.544
1.966
3.648
2.31
2.59
1.594
2.845
3.192
2.198
3.698
3.217
3.461
1.894
3.855
2.295
2.124
1.791
1.907
3.034
3.772
3.31
1.876
3.441
2.619
2.315
1.995
1.745
3.48
2.072
3.923
3.098
2.745
2.547
3.08
2.2
2.95
3.48
3.845
3.025
2.008
2.064
3.635
1.987
1.937
3.112
3.197
2.148
3.218
2.215
2.973
2.636
3.256
3.772
3.522
2.481
2.609
3.308
2.394
1.539
2.838
2.767
3.714
3.577
3.842
3.774
3.646
2.374
1.906
2.774
1.73
3.193
3.768
2.501
3.21
1.601
3.061
2.735
2.371
3.51
3.561
1.568
2.859
1.842
3.508
3.403
3.668
3.191
2.257
1.844
3.027
1.757
2.796
1.632
3.01
3.924
2.505
3.587
3.944
3.698
2.195
3.245
1.634
2.531
1.876
3.857
2.461
2.116
1.942
3.659
2.969
1.854
3.324
3.09
2.529
1.525
2.198
3.362
1.998
3.879
3.774
3.317
2.897
2.286
3.286
2.446
2.145
3.962
3.838
3.988
3.915
1.606
3.684
2.154
2.611
1.989
1.835
3.167
3.029
2.384
1.583
2.824
3.865
3.151
2.947
3.053
1.943
2.78
3.101
2.123
2.067
1.744
3.509
2.384
1.622
2.276
1.619
2.416
2.265
1.65
2.919
1.546
3.648
2.077
1.802
2.02
2.962
2.489
2.579
2.457
2.505
2.351
3.405
2.227
1.648
3.327
3.273
1.907
2.495
2.412
2.679
1.517
2.095
3.121
2.377
3.635
3.746
3.286
1.646
3.485
2.588
2.003
2.209
3.245
2.514
3.827
1.52
1.856
3.171
2.277
1.787
3.607
1.984
2.347
3.913
2.856
3.953
2.853
1.762
3.032
1.581
3.749
2.428
3.008
3.486
1.947
3.011
2.815
1.535
3.033
1.776
2.303
1.876
3.774
2.995
2.839
2.905
3.099
2.841
3.379
3.253
3.361
3.564
3.532
2.199
1.62
1.689
2.475
2.816
2.049
3.591
2.218
2.531
3.129
2.225
3.976
2.607
1.805
2.785
3.262
2.688
1.981
2.222
2.096
3.844
2.549
2.297
2.06
3.439
2.98
1.549
3.941
1.895
2.881
3.466
3.774
3.488
2.978
1.81
2.993
3.362
1.757
1.814
2.827
2.888
1.974
3.408
1.973
3.869
2.013
1.627
2.296
2.322
3.352
3.621
1.938
3.02
3.48
3.556
3.811
3.625
1.715
1.795
2.694
2.708
1.652
3.809
2.757
1.82
2.903
2.289
3.459
1.655
1.778
2.408
3.226
2.662
3.69
1.898
1.504
1.618
3.215
2.617
2.931
1.698
2.09
2.022
3.482
1.571
3.542
1.817
3.683
1.507
3.624
3.319
1.906
2.168
3.239
3.402
1.81
2.486
2.042
3.883
1.697
3.369
1.791
2.301
3.845
2.297
3.727
3.999
3.671
3.438
1.877
2.124
1.692
2.632
3.994
3.583
3.073
3.766
3.513
3.761
3.482
2.622
3.813
1.543
1.934
2.389
3.161
2.394
2.314
3.771
2.34
2.4
2.368
3.356
1.912
3.47
3.441
3.766
3.227
2.526
3.088
3.954
3.039
2.359
2.065
2.886
1.618
2.611
1.626
1.891
3.589
2.454
3.034
2.548
3.675
3.99
2.513
2.912
1.798
3.351
3.843
3.416
Error de lectura!!!
1.519
3.849
2.188
3.515
2.616
1.511
3.15
1.762
2.128
2.28
2.334
2.763
1.583
2.342
2.358
3.146
3.123
2.395
3.992
2.152
3.916
3.811
3.697
3.83
2.786
1.771
3.729
1.819
2.06
1.876
2.697
2.439
1.998
3.839
1.59
1.746
2.424
3.616
2.436
2.22
3.536
2.599
3.097
1.801
3.568
3.414
3.709
2.363
3.188
3.707
3.343
3.662
2.166
2.711
2.605
1.899
3.692
2.466
2.923
3.812
3.376
2.936
2.99
3.611
3.754
1.976
2.197
1.658
3.859
3.374
1.797
2.013
1.842
1.737
1.593
2.669
1.843
2.346
3.989
1.963
2.686
2.226
3.371
3.913
1.837
2.163
2.708
2.067
3.4
1.704
1.502
3.492
2.135
2.055
3.673
1.513
1.746
2.534
2.768
3.373
2.752
3.637
3.291
2.815
2.803
2.913
1.595
2.334
2.085
1.669
3.85
2.621
1.508
2.661
2.403
2.617
2.81
3.417
3.937
3.604
3.056
2.154
3.907
1.978
3.44
3.86
2.547
2.303
3.101
3.405
1.892
1.537
1.798
2.908
3.319
2.286
3.909
3.372
2.19
2.046
1.985
1.926
1.681
2.4
3.069
3.101
2.447
2.589
3.503
1.76
3.87
3.281
3.591
1.739
2.858
1.753
2.237
2.726
2.133
3.973
1.943
3.247
2.883
2.38
1.917
1.782
3.767
3.263
2.814
3.588
3.254
3.503
1.941
1.95
3.34
3.575
3.232
3.1
2.904
3.996
3.032
2.084
3.027
3.73
3.727
1.839
3.118
2.324
2.523
3.267
2.629
2.876
3.149
3.58
1.528
3.683
1.779
2.193
1.838
2.78
1.953
3.563
2.992
2.46
3.124
1.849
2.792
1.972
3.088
3.932
1.976
1.989
2.785
1.704
1.965
1.913
2.404
2.383
3.239
2.723
2.855
2.985
3.783
2.667
3.767
1.89
3.766
3.641
2.662
2.522
3.426
3.357
2.05
3.383
3.689
2.405
1.773
2.622
3.649
1.848
1.955
2.686
3.986
2.252
2.141
3.324
1.979
3.025
1.822
3.942
2.397
2.983
2.694
1.914
2.306
3.337
1.695
2.338
3.31
2.325
3.056
2.904
2.802
3.571
1.51
2.884
2.888
3.959
3.925
1.73
2.754
3.802
2.892
2.507
3.081
3.636
2.05
1.558
2.391
2.793
2.057
2.168
1.799
3.861
2.414
2.664
3.826
2.897
2.728
3.222
1.825
2.668
1.909
2.432
3.52
1.996
3.248
3.876
2.329
2.563
2.567
3.873
3.974
2.932
3.577
2.608
2.407
3.547
3.124
1.838
2.68
2.987
1.898
2.512
2.828
3.927
1.878
3.21
2.341
1.765
2.683
1.767
2.995
3.855
2.644
2.995
1.558
2.156
3.878
1.725
3.238
3.326
2.286
3.866
3.975
2.156
3.12
2.291
1.768
1.621
1.923
1.79
2.044
2.489
3.879
3.331
3.085
2.194
3.307
1.657
1.57
2.539
3.111
2.209
2.493
1.964
3.164
2.03
1.542
2.717
1.821
2.392
3.538
2.744
2.335
1.59
1.999
2.131
3.865
3.878
3.482
1.787
3.551
3.109
2.661
2.352
3.001
2.26
2.538
3.318
2.055
2.59
2.473
1.508
2.298
3.78
3.31
1.716
2.168
3.347
3.733
3.523
2.133
1.846
2.977
3.592
3.469
3.059
1.704
1.858
3.68
3.459
2.958
2.007
1.811
3.142
1.553
2.487
2.183
2.179
2.761
1.882
1.887
3.179
2.744
1.606
1.881
3.49
3.994
2.353
1.979
1.708
2.304
1.933
2.878
3.7
1.75
3.572
2.426
2.943
3.435
2.534
2.773
3.801
2.976
1.892
2.232
1.946
2.456
2.462
1.804
2.312
1.99
3.65
3.207
1.875
2.637
3.453
2.295
2.889
1.939
3.44
1.618
3.743
2.003
2.901
3.397
3.446
1.783
3.876
1.752
2.173
1.71
1.603
3.851
2.664
3.287
1.586
3.203
3.237
2.244
3.871
2.399
2.023
3.19
2.676
3.583
2.639
3.674
1.764
1.941
2.636
1.748
3.481
1.612
2.67
2.914
1.618
3.144
3.844
3.389
3.19
1.803
2.531
1.721
3.291
3.434
2.6
3.287
3.489
2.719
1.817
1.809
1.934
3.767
2.705
1.744
2.518
1.524
1.688
1.933
2.559
2.957
3.279
2.386
2.54
2.03
3.378
3.96
3.345
2.664
1.918
3.292
3.292
2.614
2.893
3.739
3.618
3.972
2.529
1.768
1.852
2.1
2.821
2.302
3.725
2.192
2.19
2.07
3.39
1.825
3.741
2.787
1.99
2.44
3.171
1.509
3.27
2.287
2.15
3.383
3.481
3.41
3.682
3.081
3.135
2.031
1.642
1.801
3.902
2.759
3.633
3.969
3.894
2.94
3.064
3.443
3.202
3.78
2.315
3.458
2.146
3.915
3.107
1.933
3.663
2.363
2.679
1.841
3.969
3.185
2.736
2.524
2.058
3.963
3.017
1.956
2.327
3.461
1.573
2.902
3.224
1.78
1.61
1.646
1.57
1.971
1.908
1.818
3.004
2.601
3.05
3.997
3.349
2.703
3.752
2.518
3.448
3.264
3.924
3.039
2.246
3.327
2.317
3.417
2.666
3.079
2.633
3.459
2.349
2.679
2.834
1.946
2.378
3.438
2.426
1.982
3.475
3.192
2.707
3.759
1.831
1.688
2.053
2.253
1.989
1.705
2.102
3.151
1.913
2.19
1.794
2.227
1.962
2.61
2.705
3.333
2.262
2.497
3.571
1.694
2.551
3.212
3.837
2.012
3.708
1.585
3.443
1.576
2.979
2.957
1.971
3.963
1.64
1.55
1.906
2.389
3.752
3.143
1.526
3.411
2.332
2.436
3.463
3.325
3.28
1.679
3.456
3.681
3.073
1.924
3.527
2.698
3.617
2.702
2.649
2.211
3.55
2.526
3.719
3.357
2.016
3.295
3.819
3.229
2.221
2.081
3.578
1.623
2.361
3.453
2.865
1.72
3.148
3.608
1.832
2.494
2.31
2.536
2.985
3.848
3.172
2.948
2.911
3.037
2.79
2.674
1.824
3.183
1.868
1.931
3.716
2.997
2.467
1.642
1.935
2.336
2.514
2.199
1.501
1.889
2.316
1.852
2.007
2.964
2.913
3.66
3.047
3.403
3.064
2.934
3.552
3.847
3.9
3.37
3.749
2.375
2.666
2.969
1.818
2.344
2.444
1.835
2.032
2.226
2.373
2.882
3.563
2.57
2.213
3.273
2.252
3.47
2.968
3.665
2.633
2.014
3.788
2.252
3.738
3.319
2.745
2.708
2.856
2.374
3.569
3.416
3.653
3.277
3.747
2.819
3.66
2.228
1.952
3.447
3.694
2.825
2.21
3.654
2.656
2.21
1.762
2.801
2.176
3.097
1.719
2.694
1.752
1.881
1.68
2.237
2.005
2.977
2.717
3.758
2.161
3.245
1.665
1.668
1.66
3.196
2.41
2.215
3.926
3.336
3.757
3.151
3.219
1.618
2.294
3.127
3.686
2.792
3.652
1.612
2.205
3.75
3.306
2.417
2.742
2.578
3.075
2.542
2.072
2.73
3.434
3.36
3.652
3.534
3.597
3.869
1.928
3.521
2.343
2.031
1.807
3.69
3.672
1.643
3.94
3.714
2.042
Error de lectura!!!
2.312
1.526
2.167
2.071
2.386
3.304
2.834
2.928
2.412
2.083
3.101
2.86
3.615
3.235
1.722
3.714
3.82
3.488
3.075
2.742
1.688
1.595
3.542
1.683
3.925
3.366
3.413
3.873
2.893
3.525
3.109
2.222
3.181
2.945
3.555
2.245
1.666
3.677
1.84
2.667
3.491
1.609
3.686
2.018
2.959
2.507
2.179
3.902
3.555
1.933
3.151
3.739
3.322
1.747
2.707
3.969
3.489
2.345
1.558
3.608
3.649
2.25
2.663
3.954
3.315
2.38
3.355
2.568
2.725
3.708
3.026
1.939
2.581
2.294
2.8
3.489
2.369
2.482
2.776
2.33
2.56
2.474
2.983
2.894
1.81
1.653
3.487
3.334
3.344
1.695
3.577
2.633
3.447
3.404
3.988
3.79
2.811
2.565
3.068
1.759
3.687
3.708
1.541
3.547
1.758
2.029
3.225
3.499
3.028
1.607
3.266
3.072
2.423
2.17
3.593
1.559
2.863
2.227
2.449
2.326
3.608
3.482
2.866
2.791
3.068
3.665
3.415
3.132
3.126
2.591
1.8
1.787
2.207
2.966
2.945
3.832
1.827
2.644
3.351
2.538
2.25
1.61
2.596
2.352
3.987
3.067
1.563
2.903
2.739
1.558
2.596
3.817
2.765
2.482
2.523
3.966
2.795
3.401
2.199
2.606
1.579
3.142
2.678
2.499
1.786
2.743
3.809
3.525
2.893
3.526
2.084
1.602
3.475
3.585
2.424
1.826
3.32
3.436
3.706
3.575
2.608
2.785
2.723
1.95
3.033
2.313
2.523
2.983
1.672
3.865
2.708
3.09
2.453
2.424
3.95
2.708
1.995
2.383
2.897
2.173
2.46
1.983
2.0
3.906
3.745
2.06
2.129
1.848
2.154
2.544
3.778
2.434
2.669
1.883
3.92
3.529
2.0
2.755
3.402
2.793
2.214
2.86
1.932
1.84
1.895
1.642
3.141
1.98
3.445
1.882
3.81
2.699
3.036
2.736
2.592
1.737
3.765
2.934
3.169
1.999
3.893
3.043
2.42
3.96
2.686
2.164
2.165
3.765
1.506
3.226
2.962
1.914
2.66
3.014
2.384
2.591
1.772
2.625
2.905
3.694
3.6
2.971
3.366
2.536
3.408
1.557
3.183
2.737
3.751
2.954
3.061
2.45
2.48
2.531
1.976
2.327
3.033
3.721
3.177
2.389
3.956
2.661
3.047
2.286
1.861
3.103
1.896
2.499
2.677
2.401
2.884
2.257
3.23
2.668
2.936
1.92
2.053
2.809
1.845
2.388
2.574
2.994
2.929
2.442
2.638
1.746
3.186
3.221
2.775
2.349
3.058
1.807
3.657
2.559
2.247
2.861
2.958
3.428
2.191
3.565
2.966
1.855
1.98
3.24
1.848
2.234
3.5
3.975
2.496
1.595
3.095
1.853
1.507
3.641
3.044
2.14
3.256
2.277
3.09
2.548
3.263
2.513
3.346
3.566
2.945
3.996
3.718
2.801
2.546
3.701
1.528
2.448
3.055
2.596
2.022
1.774
2.669
3.435
3.617
2.438
2.519
2.661
3.905
1.819
1.986
3.821
2.788
2.739
2.315
1.578
2.501
3.15
2.369
1.575
3.387
3.391
2.026
3.059
3.007
2.915
3.882
1.808
2.767
2.662
2.456
2.396
3.989
2.8
3.508
2.83
2.712
1.962
2.746
3.769
3.076
1.888
1.874
3.195
1.676
1.996
3.786
2.015
2.368
3.511
2.701
2.458
2.083
1.874
3.632
3.869
2.748
1.752
3.912
3.942
1.793
3.675
3.646
1.858
2.823
3.519
3.394
1.659
3.694
2.271
2.602
3.845
3.253
3.391
2.372
2.823
2.607
1.529
3.122
3.321
2.637
3.404
2.685
1.818
2.824
2.963
1.668
3.119
2.784
3.112
3.114
1.859
1.59
3.436
3.558
3.818
2.687
3.122
3.605
1.648
2.452
3.401
3.174
2.796
2.714
2.16
2.368
3.503
2.068
2.542
3.851
3.553
3.595
1.7
2.006
3.146
2.876
1.847
2.766
2.434
3.837
3.152
2.49
2.996
2.437
3.918
2.633
1.909
2.535
1.908
1.547
2.456
3.19
2.81
2.79
2.318
1.974
3.489
3.636
3.795
3.529
1.907
3.99
3.302
2.15
2.383
3.389
3.225
3.885
1.647
3.642
2.13
2.714
2.744
1.941
2.154
2.229
1.719
2.738
3.646
1.838
2.216
2.832
2.51
1.729
3.743
2.607
1.771
3.092
2.51
3.722
2.082
1.721
1.621
2.606
1.757
2.946
2.74
1.593
1.923
1.531
3.149
2.008
2.06
2.862
2.605
3.583
1.991
2.772
2.63
1.647
3.668
2.04
2.23
3.837
1.692
1.669
3.15
2.803
3.98
3.563
3.473
2.532
1.776
3.772
3.049
2.087
2.441
3.566
1.747
3.273
3.657
3.811
2.656
2.669
3.124
3.637
3.697
1.719
1.528
3.959
1.598
2.711
2.379
3.677
2.468
2.024
2.892
1.731
1.771
3.331
3.196
1.511
3.238
3.493
3.705
1.865
3.977
3.838
3.939
3.239
3.934
1.708
3.738
1.966
1.742
3.037
2.713
3.821
1.522
2.567
3.795
3.986
2.314
2.958
2.789
1.955
2.635
2.756
3.759
2.62
2.705
2.155
2.877
2.227
2.69
1.753
2.882
1.816
3.113
1.757
3.523
3.016
3.218
2.41
2.623
2.178
1.968
2.734
3.464
2.68
3.722
3.218
2.712
3.003
2.038
3.629
3.865
3.57
1.646
1.641
1.659
2.472
1.796
2.234
2.936
3.486
3.992
3.272
2.957
2.274
2.648
2.824
2.302
1.971
1.886
1.657
2.56
3.796
3.286
1.63
2.396
2.483
2.243
2.474
2.023
3.52
2.157
3.97
3.077
2.272
3.933
3.8
3.938
2.884
2.487
1.749
2.939
3.199
1.651
3.609
2.578
3.544
3.929
2.928
2.559
3.009
3.752
1.664
1.986
2.707
2.509
3.356
3.804
2.867
2.657
2.433
2.831
1.644
2.388
1.973
2.924
2.859
1.504
2.895
2.373
2.957
3.447
3.062
3.048
2.941
3.005
1.638
3.307
1.599
3.834
3.892
2.32
3.566
1.855
3.948
3.475
2.53
1.971
2.775
3.391
3.34
3.75
1.868
2.097
2.404
2.135
3.994
1.509
3.217
2.242
3.554
2.457
2.99
2.533
2.347
3.55
2.146
1.96
2.128
3.823
2.423
1.599
1.934
2.254
1.531
1.772
1.921
2.399
2.397
2.274
2.704
2.437
2.873
3.416
3.935
1.625
1.693
3.621
2.658
1.557
1.655
3.738
2.27
2.529
3.994
2.358
3.224
2.267
2.801
1.688
2.679
2.835
2.374
3.105
2.562
3.924
2.567
3.985
2.552
2.319
2.15
2.492
1.643
2.127
2.955
3.439
2.708
2.147
3.977
1.881
2.153
3.055
2.676
1.507
3.445
2.483
1.878
3.939
3.591
1.578
2.381
2.8
2.253
3.372
3.186
3.984
3.374
1.892
2.504
2.756
3.714
3.552
3.646
2.989
3.106
1.727
1.956
3.742
3.574
3.806
2.058
2.39
1.562
2.655
3.945
3.22
3.366
1.942
3.827
3.031
3.679
2.581
3.686
2.143
3.71
2.723
1.508
3.997
2.764
2.459
3.728
2.437
3.588
2.763
3.09
3.917
3.262
3.789
2.879
2.505
2.567
3.726
2.055
1.756
3.6
2.775
2.424
2.312
2.929
3.565
2.863
2.982
3.433
2.495
1.861
1.843
2.194
2.634
2.104
1.659
3.328
2.483
3.7
3.258
2.657
3.71
2.608
1.81
1.757
1.588
3.085
2.888
1.854
1.838
3.695
2.178
3.697
3.769
3.895
3.54
2.887
2.24
2.81
2.865
2.089
2.07
2.743
2.629
2.488
3.76
1.779
2.895
3.577
1.648
3.623
3.128
2.515
3.068
3.939
2.131
1.794
3.317
2.21
2.13
2.958
2.413
3.097
3.911
3.542
1.611
3.278
3.191
3.428
2.055
2.923
3.947
3.373
2.355
2.566
3.329
2.45
3.047
2.137
2.506
2.973
3.584
2.326
2.676
3.765
2.019
2.886
3.594
2.64
1.91
2.681
3.57
2.081
1.831
3.952
1.647
2.903
2.219
1.912
3.816
3.238
1.96
2.636
1.595
3.698
3.062
1.957
1.919
2.056
3.941
2.579
3.506
2.235
2.358
2.049
2.374
1.566
2.818
3.581
3.848
3.418
2.156
1.899
2.023
3.975
1.72
3.13
2.234
3.254
2.35
2.519
1.712
2.374
3.094
3.128
2.551
3.958
2.62
3.428
2.632
3.617
2.678
3.45
2.594
3.217
2.205
3.677
3.044
3.226
3.798
3.124
2.447
3.598
2.619
1.52
3.389
3.408
2.458
2.703
1.631
3.388
2.339
3.179
2.372
2.729
2.664
2.337
3.996
3.844
3.762
3.488
1.946
1.756
2.8
2.57
3.169
2.068
1.692
2.175
3.724
1.56
2.032
1.528
3.856
2.037
1.621
3.117
2.867
2.404
3.669
1.555
2.268
3.754
2.991
2.617
3.803
1.734
1.864
2.932
3.522
1.679
3.892
3.036
3.687
3.896
3.179
2.288
2.257
3.08
2.837
2.392
2.497
2.958
2.528
2.882
1.586
1.557
3.078
1.91
1.61
2.917
3.856
2.976
3.079
2.362
2.795
3.341
1.607
2.317
1.57
1.854
2.925
3.662
3.02
1.953
2.418
1.81
3.45
2.611
3.78
3.464
2.075
2.138
2.01
3.497
2.492
3.22
3.144
2.45
3.453
3.29
2.219
3.01
3.773
2.864
2.323
3.346
3.892
1.529
3.018
1.611
3.703
1.533
2.61
2.799
2.084
3.474
1.588
3.851
3.08
3.507
2.51
2.031
1.964
3.021
2.228
2.325
2.617
1.936
1.817
3.895
3.021
2.647
3.187
3.355
1.665
2.192
3.528
3.061
3.681
1.958
3.07
3.668
3.167
3.133
3.925
3.048
2.745
3.176
3.383
2.988
3.02
3.785
1.844
2.061
3.97
2.088
1.967
2.149
3.402
3.527
3.168
2.28
1.769
3.424
1.747
1.779
2.107
1.982
2.302
1.857
1.984
3.25
2.101
2.564
3.895
1.511
2.963
2.947
3.84
1.573
1.598
2.97
1.815
3.837
3.297
2.769
3.736
3.757
3.85
3.868
1.729
3.698
1.929
1.8
2.899
2.201
2.864
2.952
3.175
2.548
2.381
2.555
2.905
1.64
2.515
3.788
2.49
2.044
3.486
1.706
3.497
2.502
2.298
1.514
2.641
2.434
1.585
1.629
3.611
2.567
2.472
2.378
3.069
3.169
3.911
3.064
2.622
1.821
3.207
2.53
2.311
1.963
3.81
3.86
1.685
1.737
3.1
3.075
1.515
3.665
3.649
1.529
1.846
2.0
3.432
2.369
1.676
2.623
2.909
2.818
2.225
2.367
2.061
2.603
2.29
3.72
2.021
3.155
2.682
3.753
3.485
1.859
2.804
2.535
2.819
2.791
1.678
2.301
1.711
2.625
1.622
3.188
3.967
3.961
2.293
3.063
2.197
3.488
2.613
1.662
3.981
1.724
2.87
1.505
1.807
3.469
1.899
2.778
1.628
1.5
2.491
1.803
2.224
1.972
2.139
3.067
3.1
2.424
2.505
2.707
3.729
3.013
2.887
2.317
2.412
1.961
1.605
1.504
2.826
1.982
3.586
2.44
3.505
2.706
2.92
2.654
1.942
2.543
3.372
3.548
2.009
2.463
3.975
1.66
2.593
1.95
2.362
2.818
2.634
3.559
3.673
3.73
2.08
3.588
2.603
3.937
3.681
2.143
2.302
2.132
3.464
3.461
3.101
1.508
3.951
1.824
2.047
3.164
3.351
1.765
3.735
2.544
2.048
2.765
3.959
1.705
3.088
3.791
2.98
2.147
2.221
3.807
3.626
2.748
1.574
1.586
2.752
3.947
3.666
3.303
2.8
3.252
2.036
3.247
3.189
3.918
3.0
1.836
3.998
2.297
1.624
2.582
3.686
1.851
3.384
2.746
2.974
2.869
3.842
2.584
3.372
3.024
3.816
1.571
2.726
3.607
2.959
3.355
3.638
1.707
1.544
2.763
3.205
3.984
1.773
3.213
2.098
3.809
3.675
2.728
2.674
3.192
3.75
2.635
2.796
2.455
2.276
2.437
3.757
2.614
1.689
1.703
2.204
2.131
1.577
2.892
3.045
3.067
2.403
2.24
2.845
3.999
2.335
3.603
2.193
3.096
2.37
1.967
2.068
2.369
2.582
2.622
1.873
3.102
1.843
3.454
2.439
2.928
3.636
2.596
1.711
3.737
2.261
2.898
3.428
2.561
3.088
1.969
3.397
1.991
3.572
1.865
2.076
3.578
3.567
1.822
3.83
3.652
1.587
2.568
2.748
3.168
2.733
3.905
3.648
3.706
2.816
3.137
3.741
2.15
3.661
2.429
2.547
3.619
2.396
1.998
2.227
2.693
2.964
1.94
3.377
2.927
2.688
3.374
2.892
1.904
3.061
3.104
3.243
3.473
2.638
1.861
3.498
2.561
3.678
3.316
2.438
2.575
3.354
2.956
3.653
2.621
3.122
2.59
3.208
2.842
1.657
3.296
2.564
1.717
1.692
2.888
3.844
1.523
2.07
2.716
2.622
2.841
2.367
3.787
1.924
3.817
1.845
1.619
2.489
2.789
1.69
3.92
3.337
2.915
2.4
3.302
3.718
3.673
2.482
1.893
3.459
2.362
3.037
2.697
1.913
2.777
2.302
3.117
3.632
3.07
2.491
1.538
2.239
3.391
2.297
3.081
1.617
1.975
1.879
2.985
2.323
1.668
3.221
1.773
2.263
1.832
1.609
2.609
2.215
3.412
2.731
2.302
2.169
2.464
1.696
2.38
3.299
2.102
3.916
3.321
2.092
3.508
2.698
2.137
2.863
2.431
3.804
2.596
2.637
2.235
2.993
3.306
1.903
1.692
3.534
1.888
3.665
2.294
2.211
2.486
3.839
1.635
2.458
2.726
3.681
1.819
3.802
3.22
2.783
2.768
2.341
3.231
3.088
2.596
2.587
2.863
2.666
3.094
2.378
3.019
2.285
3.363
2.869
3.535
2.014
2.613
1.653
3.71
1.907
2.704
3.752
3.783
1.533
3.654
3.344
3.128
3.883
2.213
1.649
3.617
1.83
3.594
3.628
1.909
2.101
1.607
3.692
2.482
3.234
3.709
1.863
1.833
3.943
2.088
3.812
2.358
3.112
1.7
1.898
1.503
2.131
1.729
2.291
3.106
2.815
3.748
3.631
3.055
2.589
1.554
2.756
3.354
1.543
3.389
3.296
3.756
2.159
3.932
2.47
3.198
3.85
2.658
3.233
3.743
1.525
2.473
3.797
3.953
3.058
2.558
1.55
3.399
3.377
3.349
2.933
1.587
2.042
2.881
2.965
1.517
2.408
2.08
2.934
2.881
1.91
3.253
1.838
3.203
2.497
2.775
1.652
3.428
3.239
1.51
3.632
2.754
2.011
3.874
2.111
1.847
3.769
2.268
3.431
3.264
3.064
2.377
2.722
2.314
2.166
2.656
3.378
1.912
2.739
3.086
3.343
3.837
2.362
3.11
1.797
1.911
1.761
1.613
3.92
1.757
2.119
3.13
3.576
1.603
2.716
3.506
3.216
2.125
2.213
1.912
2.046
3.403
3.08
2.144
3.433
2.275
2.385
2.554
2.875
3.537
3.086
1.829
3.783
2.309
2.48
2.555
3.357
3.83
2.376
1.826
2.757
1.868
1.515
1.929
1.595
3.071
2.628
3.426
3.74
3.126
3.468
2.673
1.718
3.857
1.656
3.737
3.628
3.002
2.2
1.776
3.036
3.465
3.849
1.619
2.825
2.114
2.771
1.664
1.925
3.073
1.561
1.946
2.929
3.281
1.999
2.002
3.942
1.681
2.422
2.886
1.54
3.799
2.408
3.302
2.473
2.779
3.672
3.536
2.381
2.721
2.232
2.607
2.623
3.175
2.3
2.112
3.445
3.498
3.446
1.946
3.772
3.367
1.632
1.892
2.812
2.068
3.889
2.663
2.99
3.503
2.702
2.455
3.288
1.663
2.13
3.078
1.713
2.683
3.282
1.644
3.984
1.945
1.897
2.229
3.326
1.585
2.265
2.08
2.885
3.44
1.506
3.431
1.569
2.013
2.358
1.581
1.629
3.201
2.613
1.88
3.948
2.828
2.363
2.184
3.088
1.739
3.812
1.556
3.275
2.901
3.588
2.724
1.931
2.275
3.393
2.582
3.532
3.041
1.788
2.802
2.339
3.472
3.102
3.299
2.505
2.892
2.242
2.014
1.82
1.507
2.919
1.542
1.734
2.497
2.579
2.563
3.436
2.48
3.023
2.176
3.119
3.701
1.648
2.204
1.63
2.85
2.689
2.711
3.162
2.041
1.963
2.983
1.957
2.048
2.638
2.652
2.243
3.744
3.434
3.508
3.76
3.471
2.641
3.089
2.136
2.303
2.033
2.324
3.455
2.07
2.886
2.57
3.845
1.553
1.852
2.001
2.125
2.544
1.805
3.093
3.677
2.844
2.921
3.765
3.349
2.532
2.889
3.034
2.055
2.134
2.756
3.449
2.962
3.836
3.764
3.262
2.675
3.552
3.537
2.492
3.733
1.693
3.961
3.11
3.807
2.67
3.177
2.775
2.316
2.005
3.975
2.243
3.259
1.88
2.467
3.019
3.201
2.644
2.439
2.355
2.145
2.02
3.486
1.82
2.652
2.576
3.784
3.265
3.534
1.509
3.029
3.406
2.547
2.981
1.595
2.848
2.998
2.59
3.636
2.048
3.396
3.002
3.818
1.833
3.373
2.12
3.097
3.261
3.941
2.298
2.242
2.205
1.716
3.878
3.248
2.756
3.161
2.586
2.774
3.984
2.193
2.488
3.297
3.215
2.963
1.691
3.633
1.543
2.254
1.734
2.91
1.804
1.894
1.955
2.8
1.848
2.193
2.883
1.785
2.45
1.564
3.198
1.72
2.981
2.915
1.61
2.868
1.587
2.511
2.222
3.314
2.492
1.655
2.7
2.639
3.878
2.167
3.639
2.367
2.072
3.273
2.933
3.311
1.995
1.747
1.987
2.914
2.598
1.864
2.288
2.211
3.917
1.574
2.273
2.687
2.698
2.941
3.76
2.455
2.24
3.079
2.266
2.146
2.058
3.864
1.693
3.796
2.559
3.199
2.043
3.154
1.971
2.178
1.998
2.174
3.272
2.825
2.525
2.893
3.134
3.134
2.402
1.893
3.438
1.942
2.654
2.174
3.286
3.993
3.954
3.458
2.667
3.295
2.579
2.193
2.155
2.583
2.177
3.663
1.733
3.124
2.175
3.573
2.598
3.858
2.255
2.46
3.481
2.522
3.627
3.463
3.122
2.406
3.248
3.963
1.535
3.911
2.342
3.649
2.099
1.52
3.971
3.441
2.409
1.957
2.444
1.547
3.756
1.854
3.597
2.202
3.784
3.721
3.658
3.754
3.127
2.447
2.71
3.947
2.219
1.701
2.378
3.894
2.747
1.535
3.176
2.91
2.227
3.87
2.032
3.031
3.408
2.554
1.579
3.292
3.265
2.329
2.458
2.036
3.321
2.372
2.549
3.418
1.894
3.923
1.668
2.488
2.645
1.999
3.67
3.964
3.293
1.534
3.321
3.432
3.298
1.57
2.819
3.895
2.167
2.935
3.432
2.301
2.062
3.108
3.024
3.834
2.551
2.109
1.595
3.316
1.779
2.373
2.842
3.585
1.751
2.701
1.759
3.329
3.652
3.304
2.435
3.652
1.754
3.567
3.743
1.995
3.943
2.131
2.193
2.645
2.201
1.824
2.586
3.123
2.836
3.771
1.764
3.844
3.321
2.307
2.677
2.838
2.593
3.0
2.469
2.166
2.843
3.646
2.699
2.191
2.835
2.915
3.043
1.722
2.066
3.252
1.895
3.131
2.786
3.838
1.532
2.669
3.952
1.734
1.512
3.581
3.691
2.056
1.762
3.988
2.773
3.75
3.626
3.508
3.76
3.884
1.629
2.83
1.974
1.936
3.159
2.041
3.705
3.559
1.985
1.736
2.809
3.546
2.956
3.417
2.681
2.743
2.877
1.686
3.94
1.631
1.51
3.607
3.709
2.429
2.415
1.534
2.182
1.548
3.647
3.768
2.184
2.726
3.934
3.928
2.615
3.47
3.705
2.356
3.146
1.509
3.255
2.771
1.697
2.247
1.55
3.365
2.217
3.232
1.881
1.536
3.898
3.073
3.941
3.557
3.254
2.815
3.517
3.567
3.118
2.373
3.751
2.065
3.691
2.116
2.724
2.811
2.085
2.415
2.896
2.387
2.621
2.281
2.906
2.316
3.192
1.561
3.457
3.886
2.164
3.902
2.696
2.286
2.118
3.299
3.246
2.242
1.536
3.954
1.843
3.444
2.685
3.739
2.013
2.605
2.746
2.715
3.871
3.059
2.913
3.885
2.44
3.965
2.964
3.904
3.16
2.773
2.855
2.184
2.469
3.553
3.979
1.758
3.398
2.257
3.517
3.191
2.432
2.355
2.714
1.701
3.619
2.418
1.915
2.871
1.924
3.558
3.766
2.603
3.176
3.734
2.096
2.917
1.718
1.901
2.975
3.888
3.317
1.702
1.913
3.702
1.905
2.278
3.323
1.893
1.987
2.268
3.429
3.725
1.645
3.27
3.797
2.01
2.953
1.89
1.536
3.233
2.118
2.866
3.356
3.202
2.637
3.444
3.819
1.517
3.364
3.321
2.19
3.108
2.639
3.73
3.293
1.686
1.755
2.43
2.164
1.727
2.266
3.383
1.799
1.803
3.436
3.374
2.481
3.248
3.194
2.745
2.143
2.955
1.601
2.821
2.921
3.519
3.436
1.942
3.088
1.964
2.132
1.68
3.149
3.581
2.301
2.104
2.301
3.704
1.56
2.424
3.674
2.223
2.75
2.382
2.427
1.995
3.923
3.04
2.452
2.962
3.953
3.637
3.074
2.854
3.137
3.958
3.791
2.103
2.527
3.344
3.11
3.457
3.305
1.833
1.63
1.524
2.14
1.528
1.541
3.359
3.55
2.193
3.871
2.879
3.775
1.586
2.202
2.054
2.977
3.473
3.298
1.806
1.762
3.996
2.393
3.719
3.809
2.701
2.555
3.811
2.861
2.708
3.352
2.959
2.585
2.405
2.142
3.481
3.221
2.008
3.521
3.696
3.409
3.023
3.909
2.407
2.524
2.942
2.029
3.62
2.834
1.793
3.515
2.329
1.655
1.533
3.838
2.654
3.234
1.897
1.636
3.613
2.09
2.72
1.855
3.215
1.564
2.119
3.749
3.979
3.03
3.925
3.887
3.936
3.796
3.375
2.259
3.641
3.048
3.83
2.614
2.381
2.753
3.612
1.542
1.622
1.947
3.805
2.464
2.934
2.049
2.916
1.615
3.956
2.884
1.798
3.481
1.737
2.502
2.424
1.547
3.332
2.539
2.228
3.581
2.629
3.115
3.908
1.611
2.842
2.907
2.859
3.451
1.689
2.168
1.728
3.704
2.268
2.91
1.982
1.999
1.647
3.905
2.857
2.873
1.623
3.716
3.456
1.909
2.648
2.879
2.983
2.897
3.152
2.545
1.842
1.763
2.172
1.597
3.358
2.694
2.738
3.408
3.329
3.672
3.295
2.849
3.068
2.674
3.857
3.621
3.04
3.662
1.646
1.927
1.699
2.052
2.266
2.659
2.656
2.505
2.295
3.832
2.408
3.404
2.578
2.246
3.093
2.609
2.442
3.524
1.512
2.658
2.064
2.709
1.543
3.005
3.223
2.872
2.068
3.826
3.081
1.566
1.873
3.235
1.997
3.395
3.499
2.516
2.849
3.078
2.588
2.85
2.943
3.73
3.955
2.193
2.985
3.905
2.704
3.232
1.674
1.961
1.894
2.846
1.62
3.668
2.66
2.546
3.344
2.555
1.928
3.32
3.998
2.854
1.738
2.642
2.894
2.698
3.323
2.909
1.604
3.327
1.919
3.928
3.955
2.645
2.909
2.095
3.181
3.026
1.604
3.296
2.764
3.981
1.861
1.99
2.888
3.208
2.04
2.309
2.188
3.802
2.755
2.553
2.304
1.715
2.742
2.613
3.315
1.843
3.304
1.842
2.279
1.508
2.293
3.72
2.356
3.45
2.78
1.815
2.854
2.058
2.827
2.179
1.873
3.751
2.845
3.982
2.949
2.085
2.138
1.663
3.998
3.702
2.452
2.006
3.227
2.449
1.994
2.217
1.914
2.975
3.077
2.568
3.287
2.606
2.403
2.772
2.312
1.817
3.587
3.203
2.098
1.634
3.5
2.638
2.995
3.859
3.389
3.5
3.651
3.318
2.561
1.605
1.743
2.022
3.785
1.791
2.976
3.331
3.114
3.728
3.669
2.963
3.516
3.282
2.271
1.928
2.958
3.265
3.457
3.913
3.082
3.906
2.912
3.129
3.138
3.103
3.777
2.683
1.725
3.766
3.302
1.617
3.505
3.786
3.569
2.743
2.968
3.6
2.082
