2.396
2.954
2.806
3.971
1.907
3.732
2.279
1.797
1.805
3.145
1.503
2.636
1.642
1.79
2.834
3.314
1.892
3.335
3.307
2.787
2.266
2.922
2.876
2.229
2.111
3.458
3.564
3.218
3.892
1.938
2.695
2.486
2.599
2.944
3.162
2.375
2.311
2.414
2.103
3.41
2.304
3.113
3.527
3.947
3.022
3.5
3.914
3.535
2.729
3.512
3.923
2.211
1.96
2.76
3.775
3.072
3.277
2.378
2.105
3.017
3.871
3.257
3.707
2.236
3.399
1.567
3.304
3.037
1.683
3.322
2.278
3.66
1.696
2.712
1.977
3.665
1.62
3.96
1.574
3.248
1.986
2.065
1.621
2.42
1.915
1.755
2.633
2.423
1.671
2.152
2.669
3.037
2.211
2.634
1.915
2.694
1.798
1.88
3.393
3.232
1.585
1.638
2.129
2.558
2.459
3.495
3.234
3.447
2.646
1.889
2.268
2.912
3.391
1.843
1.973
2.455
3.288
2.907
1.799
2.053
3.989
2.952
1.726
3.55
1.626
3.334
2.324
2.842
2.718
2.416
2.617
1.506
3.987
2.486
3.294
3.1
3.044
2.944
2.366
2.573
3.125
3.174
2.474
3.225
3.25
2.242
1.806
3.712
2.183
3.237
3.394
2.009
1.74
1.629
3.25
3.751
1.565
1.615
2.317
1.503
2.607
3.523
2.448
2.248
1.843
3.878
2.539
3.838
2.727
1.712
3.138
3.98
1.89
2.843
3.5
2.247
1.554
2.139
3.065
2.132
3.22
2.566
2.89
1.684
3.342
1.788
1.544
1.509
3.986
2.914
2.027
2.871
3.432
3.597
2.48
Error de lectura!!!
3.764
3.069
1.662
3.817
2.884
1.89
3.433
3.858
2.074
2.285
3.72
3.313
2.165
2.31
2.901
3.332
2.918
3.859
1.998
3.991
3.674
2.665
1.907
2.285
2.033
2.996
2.306
2.057
3.789
2.842
3.895
3.48
1.665
1.981
2.084
2.18
3.732
1.901
2.278
3.876
3.083
1.753
3.043
2.265
3.24
3.961
3.268
3.81
3.598
2.908
3.768
1.989
2.596
3.988
3.074
3.884
1.942
2.658
3.534
2.61
3.628
1.946
3.796
3.889
2.841
1.801
2.158
1.518
2.314
2.499
1.74
3.957
2.612
1.612
3.265
1.58
3.74
2.796
3.057
1.825
3.447
2.875
1.72
2.17
3.852
2.025
3.069
2.1
2.826
3.918
1.995
3.432
2.408
2.714
2.785
2.728
2.484
1.922
1.531
3.559
3.359
1.727
2.292
3.617
3.927
2.705
2.065
2.801
3.708
1.646
3.227
2.068
3.663
3.448
2.158
2.686
3.535
3.027
3.815
2.598
1.67
2.421
2.644
1.969
2.228
2.294
3.151
1.744
3.883
3.593
1.744
3.684
3.324
3.977
3.35
3.752
3.778
3.772
2.704
1.888
3.939
1.624
3.527
2.293
1.731
2.87
2.418
3.449
2.739
1.731
2.759
3.458
3.783
3.557
3.567
3.3
2.16
1.844
1.766
1.885
2.536
3.797
2.197
3.201
3.151
2.531
2.065
3.082
74.286
3.826
2.873
2.254
3.767
2.249
2.242
3.561
1.698
2.068
1.773
2.604
3.814
1.906
2.184
2.686
3.365
2.015
2.368
3.337
3.941
2.094
3.307
1.525
2.747
1.693
3.522
2.412
1.96
2.91
1.516
3.997
1.87
1.776
4.0
2.085
2.928
3.605
2.402
1.908
3.062
3.099
2.192
2.729
2.01
1.754
1.748
2.001
1.579
2.733
1.946
3.539
2.266
3.353
2.35
2.044
2.189
2.091
2.66
1.668
3.249
2.497
3.112
2.86
3.957
2.959
3.078
1.968
2.411
2.129
3.317
3.13
3.926
3.332
2.155
2.298
2.441
2.15
2.57
3.138
2.165
1.898
2.071
3.906
3.496
1.726
3.577
3.578
2.669
2.084
2.63
2.006
2.704
2.512
2.51
3.162
2.658
3.558
2.831
2.617
2.031
2.536
2.436
2.129
3.727
3.261
3.56
2.829
2.608
2.346
3.468
1.953
2.314
3.838
2.15
3.161
2.785
2.549
3.958
3.639
2.483
3.439
3.07
3.922
2.808
3.478
3.95
2.861
3.181
3.332
2.899
1.946
1.841
2.981
1.53
2.406
3.256
2.281
1.598
3.708
3.48
1.921
2.135
2.775
3.139
1.863
2.635
3.812
2.569
3.447
3.7
3.759
3.593
2.87
3.373
2.416
2.917
3.006
1.94
2.602
1.96
3.301
3.604
2.504
2.396
3.574
2.59
2.118
3.469
3.426
3.992
1.983
2.446
2.76
2.832
2.746
2.967
1.779
1.796
2.112
2.927
3.644
2.292
3.308
3.638
3.759
3.786
2.032
2.908
1.659
3.165
2.994
3.477
2.955
2.622
1.631
2.984
1.942
2.309
3.362
3.538
3.227
1.82
3.253
3.453
1.996
2.665
2.92
3.977
1.799
3.086
3.627
2.438
3.225
2.222
3.021
2.654
1.756
2.552
1.543
2.325
1.608
2.97
2.171
1.508
2.87
1.654
3.255
3.841
2.925
2.486
1.614
1.782
3.389
2.379
1.985
3.122
3.76
2.514
3.247
3.995
3.916
2.138
2.605
2.038
3.719
1.905
3.55
3.213
1.533
3.374
2.065
3.808
3.088
1.828
2.529
2.741
2.138
1.544
3.342
3.512
3.141
1.578
3.131
3.911
1.635
3.874
3.842
1.629
2.624
2.432
2.163
3.799
3.19
2.558
2.063
2.237
3.296
2.408
2.359
3.142
2.844
3.457
2.603
2.42
3.263
2.114
2.342
1.832
2.489
3.52
3.981
3.868
3.303
2.184
1.956
3.712
2.135
1.827
1.95
1.902
2.498
2.272
2.745
3.996
2.451
1.902
2.677
3.796
2.225
2.019
2.226
3.413
3.018
3.265
2.829
1.833
3.469
2.082
2.765
3.749
3.108
3.314
2.913
1.707
3.115
3.306
2.293
2.188
2.551
2.05
2.415
3.58
2.036
2.048
3.073
3.462
3.488
3.836
3.747
3.693
3.36
3.827
2.983
3.892
2.754
3.546
3.721
3.994
3.28
3.014
3.664
3.158
3.895
2.534
3.22
3.807
1.813
2.87
2.796
2.997
3.961
3.046
2.186
3.918
2.538
3.551
3.983
2.049
3.417
3.298
2.625
3.736
1.959
3.664
2.157
3.514
2.796
3.796
2.845
3.965
3.372
3.016
1.729
1.822
2.782
3.176
3.806
2.443
2.978
1.637
3.012
2.558
2.973
1.955
2.697
3.673
2.179
3.781
1.97
3.296
1.956
2.755
3.325
3.915
2.433
3.778
2.715
2.803
3.349
1.543
3.835
3.373
3.887
3.963
3.807
2.886
2.974
1.907
3.658
3.024
2.85
2.93
1.682
2.984
1.713
3.293
2.942
2.648
2.875
1.733
3.654
2.108
2.33
3.705
1.717
3.602
3.866
1.582
1.597
3.216
3.066
3.438
2.389
3.253
1.723
2.393
3.968
2.407
2.443
2.358
3.628
1.852
1.623
3.335
3.568
3.196
3.892
3.724
1.71
1.866
3.753
3.9
1.865
2.615
3.628
3.61
3.867
2.51
2.322
2.013
3.301
3.674
3.378
2.779
2.942
3.331
3.427
2.581
2.986
2.78
1.739
3.002
3.38
2.928
3.365
3.826
1.83
3.3
2.642
3.833
3.667
1.773
3.377
2.152
2.938
2.357
3.576
3.075
1.799
2.024
2.447
2.085
1.571
2.091
2.926
3.392
2.324
1.926
2.963
2.995
2.461
3.52
3.741
1.851
3.475
2.153
3.527
1.742
2.236
2.292
2.445
1.884
1.773
3.192
1.779
2.691
1.792
1.537
3.829
3.505
2.645
2.666
1.777
3.663
3.483
1.64
3.371
1.945
3.08
3.069
2.934
2.231
3.6
2.218
1.887
2.668
2.715
2.583
1.781
2.128
2.278
3.951
2.583
1.598
3.344
3.241
3.412
3.644
3.235
2.3
1.882
3.357
1.903
2.683
1.705
3.121
2.949
1.934
2.251
3.242
1.8
2.245
2.389
2.38
3.535
3.741
2.943
3.986
3.94
3.109
3.234
2.414
2.702
2.546
2.215
1.629
3.061
2.876
2.185
1.698
3.294
2.329
1.801
2.79
2.044
2.008
2.581
1.539
2.904
2.495
3.85
3.256
2.946
1.671
2.988
3.679
3.822
2.768
2.953
3.204
2.654
2.401
1.966
3.479
2.871
3.686
3.827
2.589
3.513
2.157
2.108
3.023
3.408
2.694
1.596
3.388
1.779
3.322
1.89
3.209
1.721
3.108
3.396
3.713
3.482
3.585
3.192
2.603
3.252
3.522
2.786
3.758
2.64
3.787
1.885
1.653
2.066
3.663
3.467
3.903
1.745
2.972
3.389
1.844
3.449
2.631
1.988
3.113
1.664
3.741
3.638
2.959
2.473
3.441
2.545
1.748
3.815
3.089
3.535
1.759
2.219
2.164
3.074
3.649
2.368
1.738
2.5
2.992
3.168
2.854
1.847
3.91
2.126
3.375
2.089
2.448
3.811
2.534
3.69
1.621
2.661
3.614
2.031
3.929
3.327
1.622
1.78
3.386
2.278
3.089
2.7
2.147
2.878
1.829
3.645
1.833
3.126
1.818
2.617
3.973
3.092
3.065
3.724
1.51
3.464
3.582
3.962
2.647
3.675
1.844
1.75
3.342
2.995
2.332
2.943
3.954
3.18
3.796
1.961
2.15
1.572
2.271
1.663
2.313
3.07
1.696
2.988
1.612
1.619
3.207
3.038
2.317
2.347
1.527
2.488
2.044
3.703
1.701
1.509
3.697
3.273
1.53
2.944
2.212
2.069
3.155
2.422
2.312
3.554
2.521
1.676
2.699
1.959
3.261
1.501
2.637
2.564
1.596
3.656
3.174
2.265
2.771
3.941
2.183
3.991
1.964
3.577
3.245
2.878
2.853
2.893
3.397
3.667
3.962
2.096
3.394
2.399
3.006
3.647
2.452
3.972
3.669
3.529
2.549
3.001
2.07
1.897
1.543
2.648
3.476
1.754
1.83
3.231
1.984
3.254
2.316
3.263
3.476
2.065
3.102
3.294
2.523
1.737
1.89
2.786
3.795
2.332
1.727
2.544
3.201
1.542
3.177
3.117
1.777
2.181
2.595
2.306
3.513
2.247
3.289
1.976
3.992
2.978
2.856
2.493
1.539
3.258
2.559
2.502
3.737
1.71
1.592
1.692
3.759
2.434
1.735
3.287
1.986
2.018
2.845
3.932
3.351
2.523
2.281
3.964
2.975
2.689
1.883
3.117
2.691
2.051
3.046
3.203
3.53
3.78
1.593
3.88
2.679
3.043
3.382
3.267
2.189
2.776
2.128
2.233
2.457
1.822
3.996
2.291
3.097
3.164
1.735
2.264
2.782
1.638
3.343
2.908
2.724
3.096
1.922
2.545
1.504
2.746
3.205
2.046
3.975
3.802
1.785
2.178
2.827
3.031
2.285
3.988
3.571
2.657
2.493
2.084
2.892
3.514
3.878
3.176
2.249
3.654
3.546
3.648
3.123
1.568
3.259
3.509
3.167
1.896
2.269
3.947
1.815
3.889
1.855
3.625
3.576
2.8
3.553
3.441
2.291
3.259
2.988
1.969
3.156
2.656
3.73
3.911
3.907
3.276
3.508
1.581
2.409
1.538
1.603
2.554
3.932
3.807
2.39
2.387
1.966
3.152
3.607
1.83
2.942
1.707
3.683
2.89
2.712
3.776
2.809
2.064
3.916
1.909
2.032
2.39
2.207
2.359
3.06
3.628
1.905
3.417
1.76
3.26
3.026
2.899
2.667
2.713
2.215
3.908
3.67
1.808
3.758
3.835
2.058
1.697
2.438
1.546
2.094
2.111
3.182
2.485
3.311
2.239
3.625
3.385
3.919
2.553
2.803
1.529
2.403
3.702
2.662
3.451
3.018
2.954
2.017
3.373
3.725
2.919
3.093
3.556
2.351
2.741
2.058
3.216
1.522
1.635
2.002
1.559
2.63
1.574
3.227
1.807
2.89
3.449
3.98
2.139
3.093
3.036
1.995
2.072
2.717
3.36
3.579
3.768
3.465
2.256
3.276
3.908
3.002
3.822
3.327
2.09
3.114
3.455
3.293
3.859
2.3
2.816
3.874
3.166
2.046
3.302
1.547
2.76
3.774
1.851
1.944
2.161
1.806
3.385
3.851
3.353
1.636
1.826
3.143
3.92
3.463
2.837
3.462
2.836
3.807
2.781
3.901
3.675
2.387
3.843
2.521
2.574
2.465
2.873
3.908
1.674
3.413
3.92
3.74
3.759
2.099
2.878
2.3
1.957
1.976
3.99
2.699
2.29
1.53
1.894
3.056
3.262
1.747
2.537
2.302
2.604
2.716
3.208
3.639
2.303
2.907
3.89
1.641
3.22
1.517
3.291
1.937
1.924
2.669
3.566
2.858
1.575
2.332
3.737
2.231
2.516
3.672
1.751
2.48
1.645
3.289
3.771
2.695
2.571
3.492
2.579
3.23
1.917
2.739
2.479
1.839
3.03
3.857
1.671
3.113
3.719
2.961
3.894
2.54
2.856
2.378
2.12
2.291
3.15
3.578
2.208
1.951
3.733
3.376
3.278
2.073
3.003
3.836
3.876
2.914
3.223
2.582
3.411
2.191
3.492
1.837
1.667
3.233
2.292
2.786
3.151
3.625
2.147
1.562
3.277
1.63
1.648
2.497
3.871
3.756
2.567
2.799
3.259
2.993
3.224
2.344
3.057
2.728
3.158
2.385
2.567
1.828
3.137
2.066
3.78
1.9
1.564
3.556
2.432
1.632
3.342
3.827
3.636
2.31
2.545
2.335
2.937
3.594
1.638
3.927
2.376
3.048
3.18
3.095
3.95
2.825
4.0
2.162
2.612
3.763
3.231
3.421
3.322
3.47
3.446
1.989
1.588
1.549
2.688
2.091
2.229
3.911
2.59
2.783
3.024
2.054
3.906
1.807
1.551
2.128
2.438
1.549
2.682
1.982
3.484
2.834
3.898
3.748
2.613
2.903
2.986
3.413
3.442
1.728
2.238
3.347
3.297
3.868
1.829
3.849
1.582
2.757
2.695
2.882
3.368
3.046
4.0
3.318
2.436
3.47
3.157
3.942
3.124
1.583
2.731
2.272
3.618
1.583
3.134
2.287
1.855
3.909
3.731
2.998
3.969
1.869
3.026
3.872
2.667
2.007
3.242
3.869
1.888
1.881
3.903
2.775
3.445
1.685
1.935
1.754
3.666
2.256
2.409
3.776
1.968
3.547
2.5
3.327
1.754
3.333
3.639
1.743
3.209
2.407
3.608
3.383
3.688
3.248
1.751
3.338
3.955
3.091
2.89
2.505
1.848
2.784
2.189
3.206
2.971
3.902
1.97
2.576
1.732
2.437
2.318
3.216
3.692
2.108
2.56
3.782
3.95
2.845
3.114
1.577
2.22
3.357
1.644
2.311
3.25
2.47
2.363
3.527
2.45
1.992
3.341
1.627
2.697
3.709
3.206
2.669
2.607
3.873
2.814
2.069
3.629
1.887
2.501
2.139
1.784
1.638
2.409
1.519
3.223
2.756
1.751
2.271
2.634
3.529
3.532
2.906
1.706
3.71
1.928
2.462
2.579
2.107
1.631
3.656
2.268
3.505
3.425
3.958
1.969
1.598
2.903
1.723
1.788
1.78
3.587
2.599
2.183
2.114
2.897
3.915
3.631
3.596
3.338
2.961
2.361
2.355
2.23
3.749
1.727
1.676
2.931
3.234
2.408
1.653
3.106
3.994
3.193
3.714
3.88
1.781
3.236
2.513
3.698
3.78
3.445
3.867
2.572
2.567
2.938
3.942
3.275
3.334
1.809
2.542
1.782
3.305
2.03
2.34
3.541
1.798
2.569
2.273
1.954
1.99
1.643
1.562
2.755
3.512
3.115
2.101
3.097
1.709
2.8
3.34
2.328
3.336
3.881
3.101
3.046
3.16
3.512
1.708
3.939
3.78
3.768
2.955
3.239
3.894
1.619
2.573
1.815
2.001
2.68
2.997
2.733
2.684
2.261
1.579
1.578
3.192
3.449
1.85
2.718
3.136
2.449
3.065
2.107
2.579
1.632
3.956
2.165
3.984
1.953
2.154
2.228
1.955
3.776
2.966
3.713
2.362
2.596
2.209
2.332
2.122
3.896
1.501
2.633
2.19
1.886
3.785
3.98
2.033
2.024
2.269
3.757
1.714
3.858
1.594
2.047
1.738
2.609
3.046
2.809
2.715
3.826
2.881
3.27
3.945
1.544
3.61
1.555
2.344
1.939
2.991
3.096
1.856
2.579
2.202
3.985
1.866
2.233
2.587
1.514
2.341
2.646
2.035
3.286
1.942
3.096
3.418
2.454
3.299
1.574
2.126
1.703
3.036
1.522
3.597
2.703
3.34
2.186
1.829
1.706
3.845
3.002
2.122
2.516
2.858
2.787
3.839
1.737
2.757
2.759
2.865
3.92
3.83
3.193
1.612
2.59
1.514
2.433
2.718
3.994
3.24
2.99
2.032
1.856
2.703
1.828
1.569
2.273
2.316
2.703
2.913
2.613
3.061
2.425
1.894
2.482
2.375
3.06
2.733
1.918
3.92
3.832
2.797
2.017
2.59
3.304
1.687
3.265
2.421
2.454
3.312
1.588
3.322
3.286
2.714
3.184
2.267
1.65
3.392
3.574
1.598
3.738
2.043
2.2
3.61
2.166
1.804
1.973
3.775
2.788
3.009
2.56
3.88
3.917
2.07
3.774
3.839
3.898
3.045
3.602
3.897
1.568
1.77
2.121
1.929
3.967
3.472
3.107
2.995
2.009
1.578
1.929
3.502
2.721
1.599
2.1
2.092
2.094
2.963
3.641
1.834
3.746
3.881
1.958
2.664
1.682
2.493
2.805
1.863
3.171
2.631
2.314
2.957
2.644
2.287
3.157
2.884
2.011
2.666
3.356
3.83
2.635
2.892
1.786
1.842
2.343
3.093
2.969
3.713
2.15
3.024
2.852
2.375
3.965
3.501
2.756
3.637
1.945
1.759
2.871
1.603
3.207
1.503
3.436
2.162
3.724
2.665
3.308
2.535
2.55
1.708
3.755
2.995
2.462
2.272
3.323
3.531
2.15
3.378
3.022
1.644
3.989
3.152
1.768
3.461
1.929
2.264
2.066
2.859
2.271
2.891
2.204
1.901
1.926
3.009
2.167
2.389
3.57
3.333
2.652
3.241
2.881
1.653
1.91
3.612
2.514
3.602
1.97
2.85
3.771
3.614
2.094
3.689
3.875
2.303
3.228
3.608
3.589
3.332
2.443
2.905
2.557
1.619
1.885
3.599
3.38
3.431
2.441
3.675
2.748
2.312
2.345
3.677
2.375
1.924
1.998
2.053
2.982
3.216
2.642
2.279
2.055
2.172
3.529
1.551
2.793
3.962
1.869
2.562
1.679
2.272
3.555
2.58
2.241
3.386
2.87
2.835
3.444
1.91
2.517
3.4
2.358
1.816
2.301
2.574
3.8
3.778
3.561
2.571
1.719
2.74
2.98
3.803
3.994
2.995
3.759
1.547
2.117
2.868
1.53
1.718
3.885
3.607
2.963
2.631
3.515
2.311
2.274
2.617
2.207
1.751
2.936
3.133
2.816
2.554
3.467
1.7
2.414
2.566
3.609
2.005
1.917
2.706
3.619
3.807
2.159
2.965
3.55
3.151
2.115
1.566
1.554
2.771
2.164
2.822
1.596
2.186
1.882
2.778
3.023
2.132
2.776
2.115
1.876
2.175
3.104
2.836
2.703
3.723
3.465
2.341
3.659
2.834
2.839
1.78
3.245
2.816
1.528
2.447
1.92
3.062
2.568
3.223
3.906
2.066
1.977
3.058
1.608
3.428
3.711
3.679
2.121
2.926
2.879
3.994
1.933
1.949
3.816
2.533
2.046
2.291
1.604
3.037
3.787
2.939
2.196
3.122
3.968
3.22
3.354
3.334
3.521
3.723
3.79
1.983
3.058
3.431
3.083
3.979
2.488
2.835
2.092
3.415
2.456
3.598
2.817
2.503
3.871
1.797
2.88
3.133
2.474
2.443
2.029
2.575
3.474
3.333
3.318
3.301
1.782
1.983
1.635
3.386
3.329
2.966
3.33
2.716
3.553
3.942
2.688
2.834
2.778
1.87
1.926
1.866
1.743
2.254
3.976
3.539
3.955
2.459
3.293
3.854
3.277
2.469
1.661
3.505
2.117
2.619
2.185
3.169
3.365
2.065
3.136
3.991
2.424
2.821
3.158
2.879
2.039
1.595
3.186
1.888
2.604
2.574
1.541
1.98
3.247
3.389
2.609
2.604
1.551
2.622
3.105
3.195
1.794
2.805
3.332
3.411
2.799
2.723
2.556
2.965
1.561
3.53
3.133
2.32
2.943
2.191
2.16
1.784
3.849
3.263
1.623
3.505
1.763
2.768
2.87
1.57
1.949
3.611
3.997
3.573
1.831
2.862
1.954
3.795
3.977
2.775
1.86
3.553
2.213
3.129
2.427
2.066
1.692
1.96
1.987
2.524
2.437
1.924
2.664
3.723
3.317
3.285
2.96
3.823
2.904
2.702
3.811
2.86
3.462
2.195
1.957
1.819
1.79
2.234
2.365
3.756
1.726
3.061
1.665
2.552
1.526
3.12
2.184
3.141
3.797
3.791
1.911
3.391
3.417
1.521
3.578
1.596
3.67
2.795
1.926
2.925
2.032
2.324
3.066
2.053
3.323
1.976
3.39
1.678
2.147
3.69
3.918
3.063
2.692
2.161
3.2
1.624
2.355
2.291
2.08
3.693
2.248
3.264
1.898
3.036
1.525
3.737
2.123
3.804
2.473
3.305
3.856
2.373
2.307
2.009
2.098
1.739
2.941
2.57
3.45
3.906
2.951
2.869
1.951
3.374
2.451
2.482
2.25
3.916
3.32
3.527
1.584
2.818
3.638
3.229
2.381
2.382
3.017
3.2
2.911
3.82
3.822
2.581
2.883
3.908
2.048
2.465
2.081
2.5
2.47
1.63
3.805
2.607
2.259
3.82
3.487
2.966
3.172
3.508
3.19
2.975
2.609
1.864
3.046
1.832
3.44
3.644
1.979
3.424
2.262
1.891
2.944
3.696
2.615
2.208
1.702
3.734
2.923
3.068
3.996
1.576
3.19
3.722
2.989
2.884
2.045
3.147
1.98
3.972
3.638
2.89
3.555
2.379
1.747
1.897
3.999
2.177
2.88
3.807
2.506
2.759
2.672
3.742
3.597
3.94
2.252
1.778
2.573
2.389
2.215
3.076
2.343
3.065
2.338
2.535
2.942
3.162
2.888
1.766
2.148
3.297
2.742
2.622
2.235
2.236
2.793
3.579
3.384
1.762
2.372
1.585
3.677
3.649
3.812
1.728
3.672
3.691
3.894
2.268
3.623
3.105
3.098
3.716
3.508
2.366
3.164
1.864
2.988
3.418
2.751
1.559
3.747
3.399
1.869
3.554
3.252
2.612
1.865
2.215
1.76
2.403
2.029
3.542
2.253
2.53
3.277
3.899
1.927
3.504
2.988
1.814
2.584
1.893
1.687
3.551
3.102
3.679
3.726
3.74
1.532
3.973
1.835
3.764
1.634
2.32
1.532
2.131
2.631
2.997
2.667
2.109
2.772
2.332
1.821
1.782
3.778
1.928
1.838
1.886
3.873
2.914
3.301
3.599
3.953
2.153
2.169
2.924
2.169
3.466
2.568
2.122
3.24
1.86
2.803
3.642
2.384
2.61
3.612
3.148
3.621
3.607
2.299
1.584
3.77
3.06
3.28
3.78
2.46
3.442
2.49
2.864
2.324
2.116
2.502
3.799
3.768
1.911
1.824
1.587
2.625
2.686
2.463
2.123
1.555
1.536
2.179
2.862
1.502
3.928
3.469
2.01
1.515
3.77
2.239
3.042
2.343
1.817
3.204
2.252
2.392
2.136
2.588
3.962
3.127
3.388
1.814
1.959
1.672
1.803
3.318
3.364
2.949
3.152
1.837
1.708
1.802
3.983
1.846
3.204
3.135
2.574
3.176
3.412
1.904
3.47
3.432
2.48
2.561
3.381
2.477
2.215
1.556
2.388
1.587
3.763
1.506
3.793
2.016
2.085
3.316
2.735
3.014
3.421
3.569
3.386
3.945
2.406
3.338
1.945
3.12
2.928
3.513
3.803
1.696
1.908
2.451
3.016
1.967
3.602
3.917
2.93
3.847
2.323
2.558
2.174
2.105
3.321
1.965
1.651
1.763
3.975
3.46
2.617
2.074
2.947
3.839
2.768
3.059
3.48
2.107
2.521
3.297
3.641
2.903
2.651
1.546
2.45
2.282
2.458
1.793
2.307
3.82
2.558
3.776
2.532
3.253
1.661
3.184
2.65
3.169
3.454
3.589
3.461
2.945
2.415
2.943
2.107
1.833
3.303
2.1
3.721
2.436
1.867
3.797
3.734
2.981
3.281
2.589
2.605
3.518
2.817
2.12
2.685
2.767
1.666
2.275
2.534
3.951
2.158
3.846
1.519
3.571
1.832
3.342
2.05
2.427
1.751
3.605
3.985
2.94
1.722
2.486
1.832
2.959
1.979
2.143
3.967
2.117
2.284
1.578
3.988
1.705
3.552
3.24
2.304
3.099
3.083
3.254
2.099
2.062
3.226
2.632
2.38
3.739
3.148
3.489
2.05
3.14
3.48
1.561
2.495
2.575
2.18
3.762
2.609
2.941
1.92
3.639
2.84
3.134
2.243
2.061
3.219
1.748
3.419
3.12
2.79
3.304
3.472
3.664
2.904
1.699
1.721
2.878
1.744
2.11
1.55
3.331
2.951
2.54
3.935
2.136
3.522
1.628
2.297
3.361
3.614
2.103
3.04
2.636
3.753
2.874
3.631
3.753
2.983
3.858
3.481
3.434
2.873
1.82
3.662
3.441
2.037
1.792
2.846
1.966
1.608
2.103
3.149
1.948
2.785
3.537
2.361
2.769
2.189
2.141
3.23
3.191
1.961
3.733
3.647
3.137
2.631
1.536
3.069
3.664
3.065
3.943
3.965
2.874
2.878
2.397
2.448
1.575
3.367
2.154
1.846
3.759
3.924
2.718
3.266
1.513
3.028
2.0
3.953
3.564
2.332
3.083
1.805
3.583
2.64
2.705
3.402
2.367
2.115
3.871
2.476
3.193
3.65
2.126
1.754
1.872
1.776
3.753
3.711
2.879
2.492
3.432
2.458
3.791
2.459
3.585
1.984
3.295
3.434
2.755
3.077
2.871
3.106
1.754
2.732
3.947
2.412
3.125
3.827
3.63
1.956
3.041
2.028
1.969
2.543
3.743
2.795
3.778
2.667
3.002
2.918
3.07
2.85
3.921
2.736
3.702
1.668
2.238
2.471
3.337
3.016
2.747
2.745
1.776
3.784
2.907
3.065
2.069
2.05
3.351
3.152
3.129
2.856
2.564
1.794
3.745
3.593
1.883
3.616
2.075
2.125
2.076
3.57
3.077
2.942
3.149
2.016
1.893
2.809
3.319
1.858
2.694
3.342
1.537
2.144
2.132
1.647
2.589
3.922
2.464
3.046
2.24
3.163
3.516
3.888
3.915
1.949
2.671
2.656
1.857
2.827
3.425
2.348
2.139
2.14
3.135
3.57
2.784
2.33
1.588
2.656
3.281
2.729
2.394
2.619
2.22
3.919
3.792
3.753
3.176
2.16
3.496
1.504
3.136
3.159
3.53
1.852
2.581
2.98
2.757
3.605
2.291
3.532
2.371
2.374
2.387
3.279
1.567
2.437
2.32
3.018
2.08
1.513
3.906
3.598
2.461
2.903
3.363
3.202
2.495
2.467
3.373
1.609
2.891
3.071
3.175
3.455
2.817
3.119
2.936
3.873
3.733
1.534
3.102
2.186
3.806
3.368
2.345
3.374
2.799
2.094
3.611
2.278
1.788
1.837
3.024
3.952
2.155
3.004
3.373
2.767
3.471
2.777
3.562
1.965
1.942
1.995
3.613
1.575
2.75
3.867
2.146
2.724
2.717
3.051
2.194
2.835
3.14
3.771
2.746
1.766
3.94
3.987
2.324
1.926
1.83
3.022
3.396
2.554
2.14
1.51
1.504
3.891
3.82
2.775
1.564
2.239
1.613
2.307
1.656
1.546
2.752
2.806
2.506
3.904
1.893
2.995
3.55
2.72
1.765
3.106
1.921
3.335
3.255
3.399
1.921
3.18
2.023
3.551
1.818
3.621
1.86
2.409
1.957
3.31
3.051
2.109
3.973
1.804
3.836
2.922
2.748
4.0
2.214
1.541
3.189
2.047
3.195
2.14
3.408
1.992
1.873
2.594
2.515
2.127
3.811
2.629
2.006
2.0
2.785
3.776
3.814
1.844
2.841
3.576
2.803
1.535
3.459
3.992
2.936
1.503
2.777
3.083
3.075
3.676
1.843
2.613
2.376
1.884
2.731
3.568
3.375
3.414
1.783
2.656
3.297
2.947
3.33
1.593
2.807
3.322
3.04
3.742
3.131
3.48
2.36
1.561
3.162
3.3
1.646
3.49
2.908
1.659
2.395
3.489
2.194
1.649
1.577
2.321
3.713
2.922
3.434
3.069
3.857
1.758
3.074
2.334
1.911
3.525
1.747
1.969
3.179
1.617
1.555
2.728
3.966
3.414
3.221
2.945
2.765
3.928
2.99
3.313
3.693
1.556
1.863
3.604
3.698
3.096
3.115
1.655
3.215
2.034
3.778
2.875
2.32
3.817
3.368
2.191
3.972
2.956
3.94
2.866
3.227
3.92
2.185
2.371
2.447
1.703
1.684
1.547
3.379
2.224
2.918
3.462
1.998
3.54
3.358
2.934
3.263
2.633
3.473
2.062
3.061
2.526
1.938
2.01
1.822
1.91
3.059
1.586
2.702
3.292
2.731
2.778
2.429
3.082
2.635
1.856
1.97
2.336
2.289
2.283
1.839
2.48
2.561
2.583
2.397
1.947
3.788
2.516
3.806
3.122
3.536
3.948
2.514
2.1
2.545
3.908
2.648
3.631
2.557
1.849
3.817
2.427
2.832
2.877
1.971
2.079
2.256
3.357
1.68
2.492
2.097
1.89
2.388
3.924
2.352
2.481
3.169
2.772
3.475
3.763
2.031
2.141
1.967
3.897
2.253
2.545
2.292
3.577
1.798
3.721
1.935
1.824
2.936
3.758
3.752
3.797
2.285
3.848
1.602
1.977
2.367
2.777
2.831
3.299
3.161
1.826
2.967
3.487
1.686
2.195
3.333
2.697
2.807
1.626
2.505
3.739
2.576
2.042
2.684
3.908
3.066
2.378
2.706
3.88
1.528
2.985
1.936
1.861
3.866
3.03
2.203
3.363
2.373
2.038
3.997
1.614
3.72
3.015
3.941
2.686
3.239
3.869
2.382
2.528
2.599
3.081
3.135
2.542
3.241
2.369
2.878
3.023
2.645
1.573
3.4
1.569
2.71
2.444
2.824
2.441
1.673
1.887
3.161
3.98
2.396
2.224
3.289
3.71
2.61
1.886
2.088
2.978
3.34
3.114
2.648
1.578
3.953
3.001
1.564
3.402
2.49
2.514
2.663
2.876
2.054
1.716
2.808
3.975
3.335
1.564
2.076
3.144
1.726
3.69
1.717
2.287
2.837
3.136
2.737
2.429
2.061
2.953
3.294
3.014
2.253
2.259
3.738
1.522
2.026
1.626
3.289
3.911
1.516
1.715
2.754
3.215
2.613
3.88
2.054
3.438
1.866
3.998
1.932
2.876
1.647
3.827
3.74
2.852
3.625
3.373
3.829
3.847
2.176
3.725
2.306
1.675
3.874
2.566
3.938
3.797
2.514
1.674
1.746
3.968
3.067
1.518
2.454
3.798
1.568
3.018
3.578
2.587
2.591
1.546
2.965
2.412
3.827
2.51
1.985
1.833
1.858
2.381
1.812
3.026
3.677
3.838
2.487
2.511
3.151
1.992
2.592
3.333
2.325
3.191
3.303
3.596
3.812
3.802
3.13
3.536
2.449
3.028
2.948
3.177
3.317
3.364
2.657
1.818
3.282
3.447
3.333
3.331
2.101
3.435
3.579
2.575
3.888
3.158
3.358
2.57
1.981
1.803
2.131
1.972
2.63
2.519
3.054
2.676
2.845
3.582
2.528
1.543
1.829
1.935
1.693
3.474
2.575
3.707
2.248
3.472
2.92
2.662
3.555
1.704
1.672
3.168
3.469
2.564
3.054
2.49
1.702
3.603
1.699
2.071
3.156
3.157
2.096
1.602
1.89
2.503
2.658
3.692
1.763
2.828
3.83
2.179
2.308
2.794
1.587
2.144
2.947
2.87
2.316
1.969
1.845
1.725
3.167
2.63
3.54
1.759
2.788
1.955
2.211
3.072
3.399
1.795
2.782
2.119
1.701
1.551
2.481
3.306
2.732
3.754
3.264
1.908
3.247
3.38
2.635
3.318
2.44
1.698
2.819
2.375
3.398
2.506
3.112
3.245
2.721
2.416
2.967
3.75
2.179
3.617
3.259
2.728
1.646
2.095
3.74
2.865
2.386
3.055
1.574
2.69
3.736
2.555
1.622
1.645
2.237
3.855
2.347
2.084
1.579
1.971
1.68
2.159
3.597
3.906
3.094
3.865
2.217
1.7
1.935
1.987
3.813
2.605
2.537
2.48
2.111
1.863
1.796
1.946
3.422
3.666
3.084
2.918
2.825
1.899
3.209
1.682
2.344
3.218
2.96
2.199
2.528
1.898
3.658
3.187
2.236
2.778
3.007
2.54
3.759
2.519
2.993
2.011
1.906
3.996
1.546
2.544
3.945
1.685
2.419
1.951
3.178
1.714
1.581
1.588
2.695
3.206
3.892
2.672
2.309
3.992
3.604
3.291
2.153
3.921
1.849
2.146
3.485
3.781
2.866
2.339
3.653
2.273
3.008
1.507
2.358
1.504
1.529
1.843
3.572
1.548
3.875
3.495
3.323
3.834
2.843
2.219
2.467
2.496
2.437
2.249
1.987
2.261
2.771
2.42
3.909
2.868
3.972
2.518
2.799
3.177
2.789
2.746
2.356
2.19
3.985
3.905
3.203
2.954
1.934
1.849
3.119
2.913
1.735
2.787
1.856
3.792
3.899
3.184
3.703
3.873
1.674
2.997
3.146
1.775
3.543
3.823
2.273
3.894
1.962
1.855
2.011
3.503
2.071
1.904
1.982
3.169
2.774
2.893
3.297
3.055
3.243
1.733
2.525
2.994
2.056
2.457
2.399
3.222
2.346
1.572
3.922
3.768
2.94
3.619
3.668
3.364
3.551
1.94
3.632
2.261
3.413
3.316
2.558
3.342
2.003
2.145
3.227
2.608
2.708
3.315
1.919
3.561
1.797
1.683
3.41
2.636
3.595
3.341
1.667
3.401
3.881
3.741
2.288
2.882
2.471
1.701
2.868
3.771
2.862
2.266
3.31
2.82
2.033
3.78
3.388
1.594
3.183
2.672
1.626
1.914
2.349
2.19
1.513
2.796
1.784
3.002
3.506
1.802
2.092
3.976
1.839
3.164
2.178
3.758
3.743
2.96
2.463
2.496
2.578
2.811
2.166
1.851
2.247
1.839
2.63
2.596
2.619
2.251
2.224
3.376
3.213
1.863
3.453
1.53
2.391
2.703
1.649
3.494
2.602
3.913
1.908
2.919
2.565
2.135
2.685
2.945
2.838
3.513
2.831
1.517
2.651
2.354
1.676
2.967
2.374
2.688
1.625
1.699
1.614
2.127
3.201
2.163
3.559
3.011
1.542
2.599
3.723
2.708
1.695
3.194
2.079
3.746
1.52
2.148
2.088
2.98
3.332
2.875
3.545
1.845
1.558
3.992
1.988
3.294
1.965
1.809
3.584
3.047
3.008
2.672
2.376
3.484
3.86
2.158
2.252
1.764
3.82
1.504
2.42
1.697
2.952
3.737
3.314
3.825
1.736
3.504
1.54
2.991
3.608
3.734
3.102
3.824
3.227
3.069
3.172
3.893
3.614
2.177
1.815
3.305
3.33
2.31
1.769
3.316
1.683
2.346
3.582
3.258
2.354
1.555
1.716
3.54
2.198
3.771
1.658
1.562
2.719
2.615
2.872
1.521
2.374
3.952
3.91
1.935
2.798
1.933
2.713
3.025
2.595
2.197
3.033
3.068
3.537
2.587
2.221
2.171
2.213
1.855
3.172
3.739
2.74
3.196
3.538
2.081
2.159
2.409
3.189
3.506
3.912
2.364
3.62
2.818
1.705
2.45
1.905
2.613
3.1
2.212
2.062
2.253
2.564
3.49
3.508
2.254
2.001
3.72
3.554
2.187
2.977
1.899
2.251
2.651
3.712
2.906
3.237
1.879
3.021
3.701
3.5
2.513
3.493
3.414
3.185
3.039
2.035
3.1
3.578
3.66
3.723
2.801
3.504
3.428
3.933
3.782
3.871
2.394
3.946
1.642
3.935
2.487
3.09
3.988
3.708
3.393
3.521
3.586
3.367
2.999
2.717
3.563
2.728
1.861
2.61
1.576
2.478
2.414
3.422
2.973
2.912
3.773
1.789
3.841
3.411
1.885
3.568
3.88
3.822
2.246
3.569
3.434
3.025
2.532
1.907
2.631
3.113
3.478
1.773
2.398
3.198
2.258
2.96
3.338
3.628
1.632
3.194
2.526
3.452
3.758
3.661
2.802
3.191
1.948
1.551
2.741
3.687
1.743
2.253
1.687
1.946
3.422
1.532
1.508
1.524
2.457
3.469
2.951
2.201
2.953
1.957
2.092
2.11
3.48
2.162
3.738
3.718
2.969
3.6
1.68
3.133
2.364
1.914
3.978
1.922
3.948
3.576
3.127
3.368
2.513
2.586
2.118
3.464
3.005
1.902
2.037
3.189
2.109
3.735
1.888
3.877
3.119
3.282
3.901
2.765
1.781
3.989
1.938
3.927
3.477
2.923
3.924
2.131
2.124
1.716
1.69
2.875
3.461
2.311
1.5
3.644
3.507
1.949
1.83
1.944
3.7
3.249
1.721
2.411
3.329
2.325
2.469
2.842
2.338
3.041
1.552
3.34
2.65
3.394
2.389
3.573
3.095
3.02
3.576
2.524
3.036
3.614
2.99
1.795
3.369
2.817
1.958
2.112
2.582
2.679
1.532
3.268
3.745
3.118
3.476
3.581
3.946
3.19
2.734
2.536
1.545
2.567
2.04
2.18
1.779
2.333
2.657
1.622
1.522
2.114
3.259
2.413
3.508
3.587
3.525
1.593
2.64
3.667
2.463
2.043
3.805
2.989
2.191
3.366
3.607
3.329
3.398
2.641
3.04
2.702
2.117
1.916
3.768
1.564
3.174
3.786
1.847
3.632
3.137
1.501
3.465
1.996
3.456
3.544
2.459
3.837
2.833
3.199
2.492
3.921
3.579
1.693
3.451
3.667
2.249
3.768
1.538
1.862
2.578
2.481
1.6
2.374
3.863
2.027
2.159
2.197
2.663
2.201
2.247
3.649
3.559
3.608
1.573
3.886
2.841
1.562
3.968
2.399
3.333
1.932
2.028
3.976
1.826
1.514
3.456
1.526
3.77
1.979
3.503
2.581
2.58
3.17
3.646
1.973
3.854
2.568
3.769
1.672
3.447
3.391
1.94
1.946
3.544
3.048
1.916
2.635
2.84
1.693
3.124
1.556
3.705
3.808
1.593
3.174
3.729
3.804
2.677
3.962
1.927
3.151
3.806
2.215
1.865
3.834
1.524
2.068
2.483
3.89
2.179
3.983
2.524
1.954
3.258
3.522
3.851
3.455
2.5
2.425
2.119
1.508
3.869
2.242
3.3
1.55
2.527
3.307
3.413
3.09
3.014
3.244
1.602
2.148
3.044
2.748
1.703
2.554
3.218
2.735
1.772
2.12
2.335
3.868
3.31
2.129
1.914
3.644
2.842
3.42
2.4
2.307
3.264
3.466
3.378
2.742
2.591
1.669
3.002
3.109
3.862
3.883
2.348
2.587
2.612
1.643
3.261
3.848
3.842
1.621
1.946
3.901
3.856
1.822
2.23
2.832
2.029
1.849
2.673
2.521
2.445
3.521
2.122
3.322
3.604
1.822
3.302
2.242
3.937
2.054
2.722
2.643
3.122
2.576
1.762
3.705
2.882
2.435
2.496
3.653
3.671
3.892
3.894
2.6
1.693
2.623
1.53
2.501
3.182
3.486
2.962
3.664
2.84
2.013
3.863
2.559
3.559
1.941
3.101
2.088
2.707
2.942
2.106
2.58
2.513
3.29
3.702
3.451
2.588
2.039
2.603
3.719
3.692
3.533
1.755
2.269
2.65
3.764
1.971
3.978
2.312
3.046
2.577
1.794
3.007
1.937
2.1
3.774
2.091
3.689
3.653
2.661
3.32
2.124
2.567
3.025
1.711
2.133
2.782
2.212
1.968
3.86
2.2
1.891
2.711
1.973
3.348
2.992
3.255
2.314
1.796
3.146
3.634
3.277
3.24
2.206
3.006
3.539
3.758
1.951
2.465
2.92
2.051
2.174
2.759
1.701
2.468
3.949
3.563
3.031
2.032
2.818
1.608
2.206
1.862
2.318
2.221
2.582
3.794
3.847
2.845
2.884
1.551
3.312
3.82
2.115
2.152
2.06
2.386
2.159
3.499
3.829
2.42
2.459
2.375
2.687
2.073
2.434
2.027
2.798
2.664
2.495
2.909
2.029
2.524
3.052
2.925
2.474
3.848
1.554
1.95
3.129
2.045
2.754
2.938
3.172
1.644
3.54
2.945
2.609
1.556
2.433
2.693
3.357
2.964
3.866
2.187
2.959
2.421
2.736
2.117
2.073
1.675
1.535
1.91
1.761
1.503
3.434
2.09
1.948
3.048
2.909
3.375
2.527
2.777
2.576
3.906
1.859
2.343
3.541
1.773
3.681
2.056
2.487
3.174
2.664
3.247
3.375
3.472
2.975
3.195
3.039
2.953
2.58
2.284
1.585
2.207
Error de lectura!!!
3.975
60.923
2.079
1.838
2.67
3.196
3.91
2.626
2.376
1.615
2.189
3.815
2.808
3.421
2.849
1.697
2.836
2.096
2.24
3.439
3.53
1.744
3.194
2.505
2.293
1.56
2.016
2.743
3.187
2.632
2.43
2.092
1.605
3.761
3.28
3.205
3.845
1.893
3.623
2.185
2.333
2.847
1.62
3.525
1.702
1.531
2.246
2.007
2.712
2.508
3.912
3.219
2.169
2.562
3.217
3.765
3.212
2.432
2.347
1.811
3.182
3.359
3.74
1.805
2.805
1.852
3.911
3.625
3.118
3.23
3.991
3.795
3.743
3.146
2.658
2.231
2.846
2.982
1.759
2.88
2.975
1.672
1.87
1.844
3.75
3.599
2.561
2.71
2.83
3.043
3.96
2.949
2.198
3.204
3.127
2.079
2.681
3.101
3.658
3.706
2.074
2.043
2.643
3.16
2.345
2.009
2.612
2.662
3.3
3.027
3.638
2.438
1.658
3.691
2.504
2.705
3.193
3.847
1.796
1.852
2.11
3.966
3.274
1.781
3.861
1.912
2.046
3.485
2.796
2.7
2.906
1.5
3.554
1.535
2.79
1.57
2.319
2.86
2.797
2.699
2.244
1.844
2.523
3.643
3.089
3.369
3.852
1.713
2.049
2.754
1.689
1.759
1.586
1.764
2.251
2.479
2.829
2.828
2.181
3.153
3.533
1.916
3.744
1.639
3.658
2.802
2.127
1.534
3.981
2.202
3.409
2.859
2.043
1.771
1.815
1.649
1.948
3.447
1.951
3.71
3.053
1.641
3.912
3.044
1.797
1.641
2.657
1.563
3.55
2.603
2.969
1.741
2.06
1.556
1.675
2.779
2.692
1.974
2.54
3.796
1.754
2.276
3.416
3.319
3.062
2.549
2.584
1.821
2.931
1.867
2.996
3.362
3.843
3.625
2.654
2.51
3.657
1.609
3.325
1.851
3.219
1.903
2.009
1.525
2.235
1.582
2.078
2.065
2.887
3.502
1.828
1.51
3.905
3.016
3.024
2.077
2.032
1.513
1.515
3.383
3.657
3.08
3.026
3.75
3.192
3.469
2.445
1.875
2.103
2.719
2.322
2.698
2.506
1.64
1.753
2.132
2.21
2.489
2.055
2.862
3.757
2.839
2.505
2.659
3.548
3.367
3.839
3.92
2.12
3.015
1.824
3.856
2.812
3.93
2.284
1.883
2.396
2.802
2.399
2.016
1.934
1.686
3.399
3.791
2.192
2.825
2.774
2.296
3.372
2.989
1.679
3.886
2.222
2.716
2.988
2.44
3.605
3.814
3.285
2.637
1.61
2.741
1.908
3.624
3.292
3.311
2.175
2.914
1.773
2.826
3.702
2.728
2.626
2.956
1.941
3.649
2.55
2.946
2.047
2.571
2.852
2.374
3.116
2.384
3.777
2.521
2.729
2.717
2.646
3.368
3.594
1.955
1.875
3.385
2.299
1.575
3.138
1.862
1.527
1.562
3.112
2.764
3.494
2.064
2.527
3.582
3.254
2.207
2.048
2.247
2.65
1.608
1.858
1.528
3.86
3.957
2.205
3.08
2.9
1.937
3.438
2.975
3.755
2.854
3.301
3.154
2.524
2.208
3.829
1.782
2.801
3.253
2.963
2.135
2.362
1.975
2.561
1.795
1.507
3.268
1.583
2.167
3.852
2.466
2.632
2.994
3.852
3.16
1.743
3.788
3.517
1.696
2.224
1.795
3.162
3.462
1.991
2.294
1.678
2.683
1.997
3.726
3.883
1.597
2.969
2.332
3.994
2.659
3.377
2.533
2.566
3.693
2.83
2.113
2.284
2.528
1.977
2.485
3.607
1.85
2.679
3.855
1.88
2.291
2.546
1.557
2.123
2.113
3.252
2.357
3.465
2.213
3.675
2.557
3.49
2.38
3.567
3.744
3.612
2.664
3.168
1.661
1.704
3.337
1.545
1.594
2.18
3.098
2.749
2.174
3.351
2.448
3.213
2.065
3.817
2.456
3.24
3.83
3.316
3.024
3.68
3.085
3.174
2.781
2.988
3.122
3.938
1.895
2.04
2.253
3.4
3.3
2.158
2.562
3.172
2.339
3.901
3.423
2.296
3.989
1.821
2.77
2.361
3.374
3.077
2.827
2.454
2.086
3.727
1.558
2.931
2.696
2.076
2.016
3.307
3.707
3.198
1.534
3.276
2.997
2.382
2.156
3.165
3.037
3.9
3.15
1.828
3.603
2.256
3.683
3.392
1.901
3.368
2.452
2.213
1.607
2.081
3.697
1.93
2.412
3.38
2.845
1.682
1.666
1.543
3.312
2.661
2.824
1.52
2.826
2.17
3.791
1.551
3.762
3.348
2.26
3.142
2.527
3.561
2.094
1.745
3.936
2.427
3.338
2.071
3.447
2.555
3.804
3.789
2.254
3.729
1.789
2.813
3.905
2.221
3.255
2.991
3.987
2.26
1.713
1.881
2.058
2.805
2.951
3.251
3.328
2.52
3.392
1.691
3.582
3.051
3.435
2.978
2.875
2.227
1.906
3.622
2.02
2.842
2.861
2.452
1.533
1.512
3.276
2.959
2.919
2.42
3.477
2.411
2.788
1.516
2.411
2.237
1.883
3.557
3.627
3.814
2.046
2.672
3.046
3.825
3.751
2.74
2.333
2.865
2.432
3.998
2.321
2.783
3.84
1.68
1.83
2.231
1.532
3.62
2.437
3.424
3.401
3.795
2.631
2.222
1.561
2.747
3.365
2.795
2.301
3.716
2.667
2.817
1.754
3.584
2.712
2.894
2.012
3.216
2.513
1.598
1.505
2.299
3.364
3.078
2.565
2.928
3.479
2.042
2.625
3.581
3.643
3.163
2.14
1.97
1.938
2.631
1.949
2.634
3.84
2.692
2.512
3.608
3.598
1.932
1.514
2.836
3.762
3.209
2.048
2.355
2.91
2.744
2.959
3.428
2.211
2.986
2.331
2.39
3.033
2.613
1.73
2.901
3.475
2.197
2.486
3.169
2.532
3.941
2.582
1.994
3.872
3.703
3.416
3.248
1.695
2.492
3.188
3.095
2.079
2.322
3.81
2.658
2.252
2.093
2.648
3.472
3.213
3.67
2.499
2.855
2.111
1.593
2.716
1.951
3.558
2.186
2.058
1.995
2.268
1.553
2.28
3.04
1.741
2.205
3.763
2.459
2.596
1.709
2.267
3.835
2.335
2.278
3.448
3.096
2.02
1.837
3.557
2.04
2.05
2.149
2.829
3.976
2.633
1.536
3.619
2.579
2.129
2.286
2.401
2.537
2.449
2.359
2.973
2.347
3.924
1.562
3.807
2.882
1.619
2.197
1.55
2.513
2.099
2.636
2.894
3.734
1.537
2.501
2.188
2.249
3.95
1.704
2.967
3.927
2.249
2.299
3.825
2.949
2.356
3.258
2.188
2.05
3.154
3.752
2.904
2.266
1.58
2.63
3.352
1.501
2.673
2.064
2.516
1.955
2.647
3.737
3.332
2.209
2.082
3.884
2.737
2.138
3.412
3.774
1.647
2.847
2.423
1.903
1.838
3.436
3.404
1.951
3.839
2.045
2.542
3.002
3.461
1.923
3.541
2.34
1.655
3.424
3.181
2.04
3.36
3.02
3.237
3.623
3.021
2.824
2.567
2.469
2.45
2.827
2.781
2.314
3.22
2.789
2.764
1.664
3.4
3.719
3.011
3.09
2.577
2.065
2.615
3.195
2.306
2.519
3.706
3.668
3.411
1.905
3.15
3.433
3.643
1.665
3.092
1.634
3.202
3.369
2.126
2.961
2.15
1.946
2.549
2.747
2.053
1.69
3.056
3.311
2.763
1.725
1.54
3.418
1.536
3.917
2.386
2.331
3.073
2.476
3.471
1.646
2.601
2.519
2.71
2.024
3.123
2.937
1.929
2.344
3.543
2.866
2.061
1.741
3.455
2.197
2.22
2.414
2.58
1.636
2.524
3.214
3.998
3.189
3.484
3.207
3.968
1.596
2.152
2.261
2.926
1.726
2.872
2.333
3.761
2.857
2.064
3.46
1.744
1.903
2.822
3.134
3.29
3.391
2.534
2.68
1.523
2.139
2.065
3.545
2.652
3.847
3.728
3.95
2.0
3.57
3.063
3.254
2.484
2.827
2.53
3.54
2.304
3.361
1.859
2.323
3.515
3.051
2.806
2.768
2.85
3.728
2.624
2.343
3.713
2.545
3.993
3.183
3.712
2.224
3.225
3.609
3.9
3.915
1.76
2.331
2.164
2.928
3.765
3.507
1.944
3.583
3.034
1.965
1.926
1.565
3.173
2.341
1.614
1.931
2.014
2.058
3.202
2.807
2.037
1.795
3.93
3.0
2.205
3.629
1.901
3.364
1.854
2.733
2.402
2.198
2.457
1.88
2.9
2.356
2.789
3.785
3.151
2.942
3.615
3.501
3.858
3.467
3.175
2.004
2.66
1.947
1.772
2.049
2.056
3.344
2.873
2.931
3.943
3.707
3.273
2.101
1.885
2.324
3.287
1.985
2.643
3.375
3.382
2.222
3.475
2.018
2.015
3.132
3.911
2.914
3.657
2.57
3.711
1.648
2.93
3.69
2.504
3.774
3.578
1.541
2.028
2.747
2.472
3.984
2.024
2.227
3.487
1.929
3.15
1.686
1.987
3.961
3.534
2.211
2.67
1.751
1.714
2.27
2.99
2.47
1.9
3.535
2.987
1.708
2.036
1.802
2.259
2.144
2.968
2.323
3.196
3.003
1.852
1.76
3.727
2.942
1.776
3.671
1.863
3.051
3.537
3.69
2.801
3.773
2.197
1.522
3.214
2.149
3.336
2.484
3.483
3.043
2.776
2.945
2.138
3.186
1.572
3.631
2.977
3.094
3.282
3.752
2.459
3.888
2.484
3.805
2.654
2.402
2.603
1.833
3.659
3.638
3.618
3.906
2.805
3.367
3.249
3.217
3.689
3.268
2.351
1.604
2.355
3.999
3.152
3.578
2.543
1.672
3.882
2.554
2.943
2.018
3.972
3.829
1.521
1.535
1.742
2.476
1.828
3.357
2.973
3.913
2.998
2.711
3.81
2.84
2.376
3.505
1.794
3.887
3.517
2.795
3.332
3.539
3.128
2.411
3.326
3.905
2.479
3.076
3.957
2.541
2.323
2.485
2.477
1.844
2.274
1.649
2.437
2.77
2.666
2.969
3.804
2.916
2.606
3.875
3.547
3.222
3.51
2.003
1.861
2.397
3.452
3.462
2.339
3.758
3.151
3.66
2.321
2.008
2.035
3.639
3.224
3.793
3.507
3.992
3.538
3.34
3.661
1.899
3.001
3.918
3.423
3.993
3.734
3.059
3.486
3.24
1.529
3.681
3.1
2.75
2.59
1.989
3.407
3.632
2.861
2.773
3.792
2.84
2.717
3.134
3.851
2.438
2.518
2.056
1.982
1.901
3.929
3.087
3.426
2.052
2.751
3.847
2.017
2.161
3.049
3.229
2.414
2.766
2.571
3.14
3.045
2.288
1.595
2.631
3.633
3.673
3.472
1.726
3.123
2.954
2.637
3.346
3.277
3.236
1.892
2.624
1.698
3.28
2.54
2.601
3.568
2.749
2.431
1.872
2.487
2.645
1.601
3.254
3.702
1.92
2.358
2.208
3.792
2.671
2.589
3.091
2.124
2.179
1.958
3.061
3.731
3.539
2.301
2.585
1.894
1.942
2.522
2.306
3.843
3.57
2.829
2.426
1.559
2.688
3.584
3.259
2.1
2.31
3.609
1.867
2.095
3.096
3.921
3.139
2.752
1.609
3.521
2.651
1.84
3.042
3.544
1.782
3.322
1.685
2.14
3.023
2.833
2.919
2.162
3.807
3.085
2.565
3.611
2.619
1.915
3.415
3.172
2.731
3.522
2.495
2.193
2.974
2.584
2.036
2.678
2.6
2.125
2.524
2.681
3.4
3.347
2.776
3.988
3.11
3.044
1.589
1.549
3.21
2.336
3.886
2.454
2.735
2.871
2.921
2.315
2.609
1.84
3.572
2.197
3.396
3.628
3.09
3.836
2.173
2.715
1.822
3.217
2.775
1.981
3.795
2.452
2.985
3.311
3.987
3.157
3.849
2.114
2.42
3.224
1.864
3.117
3.331
2.409
2.407
2.432
3.955
2.649
2.684
3.602
2.426
2.983
2.446
3.224
3.489
3.043
2.663
2.366
3.658
3.946
2.968
3.477
2.195
3.81
1.685
3.956
2.001
3.247
2.988
3.271
2.913
2.093
3.392
1.616
1.642
3.563
2.367
3.501
1.508
3.192
3.591
3.887
3.621
3.042
3.886
2.326
2.25
3.204
3.649
2.223
3.25
1.723
3.036
1.899
2.923
1.577
3.847
2.624
3.692
3.466
2.001
3.938
3.916
2.607
2.68
2.623
3.839
1.933
2.216
2.427
2.177
3.063
3.984
2.296
3.35
3.38
3.869
3.677
3.229
2.4
2.288
2.804
2.711
1.565
2.357
2.333
2.551
2.793
2.542
2.432
3.791
2.854
2.455
3.625
2.995
2.797
3.587
2.814
3.748
2.59
3.525
2.351
2.792
1.78
1.79
2.871
3.199
3.142
3.152
1.929
3.573
3.306
3.059
1.747
2.012
3.207
2.045
1.973
3.084
3.526
3.902
1.983
2.028
3.582
2.136
3.788
1.891
3.115
1.516
3.159
3.536
1.586
2.921
2.777
2.973
1.686
1.98
1.577
2.713
1.728
3.343
2.609
3.026
2.104
3.756
3.318
1.823
1.593
2.436
1.831
3.403
2.684
3.055
2.286
3.515
2.043
2.067
1.736
3.6
3.256
2.286
3.332
3.552
3.331
1.6
2.562
2.879
2.404
2.524
1.689
2.713
2.925
2.072
2.784
3.786
1.833
1.854
3.804
1.662
3.679
1.586
3.011
1.62
1.911
1.791
2.903
3.753
1.631
2.329
2.202
3.686
1.623
1.711
1.709
3.21
2.665
3.914
2.181
2.406
2.764
3.958
3.121
3.402
3.185
2.082
3.33
2.128
1.86
2.144
1.635
3.26
2.792
3.322
1.897
3.128
2.825
3.19
1.819
3.473
3.999
3.944
1.945
3.868
2.216
3.917
2.553
2.92
2.578
3.198
2.191
2.43
2.76
3.542
2.103
2.544
1.634
1.925
1.921
1.764
2.504
3.497
1.529
2.883
3.634
2.443
2.052
3.91
2.594
3.211
1.963
2.101
3.582
2.569
2.709
3.35
3.807
2.593
2.673
1.648
3.733
2.14
2.049
3.917
3.124
3.576
3.185
1.721
1.822
2.509
3.316
1.665
2.917
3.443
3.723
2.1
1.948
1.991
3.966
1.702
1.679
3.036
1.751
3.414
2.84
3.874
2.433
3.37
2.477
2.822
1.889
3.386
3.236
2.872
3.566
2.252
1.693
2.527
2.802
3.405
1.779
3.735
2.955
2.658
3.092
1.716
3.795
2.099
2.778
3.398
2.068
3.763
3.601
2.154
3.711
1.739
2.996
2.092
2.454
1.865
2.292
1.704
2.189
2.766
1.825
3.993
2.552
2.748
2.723
2.78
2.258
1.595
3.856
2.325
2.792
3.038
3.747
2.468
3.65
2.978
2.585
1.787
2.586
1.576
1.73
3.929
2.3
3.463
3.46
3.798
3.211
3.697
2.06
2.36
3.947
2.916
3.893
3.047
1.62
3.383
2.262
2.003
2.701
1.529
2.606
2.86
3.943
3.584
3.499
2.2
1.82
2.299
2.34
2.681
2.818
1.947
1.959
3.476
3.092
2.612
2.172
2.116
3.326
2.706
3.709
2.97
2.484
2.634
2.838
1.98
2.104
3.863
2.66
2.06
2.91
3.127
3.484
2.851
3.79
2.574
2.616
2.817
2.615
2.726
1.748
1.685
3.236
2.611
2.894
3.171
3.494
2.705
1.626
3.266
2.818
2.186
3.067
2.563
1.841
1.907
3.383
2.231
2.65
3.659
2.35
3.049
3.255
2.708
2.991
2.493
1.838
2.122
1.501
3.976
3.039
3.274
3.618
3.404
3.016
3.834
3.473
1.819
2.198
2.246
3.828
1.718
1.84
2.449
1.922
3.43
3.99
1.768
3.745
2.09
3.597
2.99
3.991
3.907
3.428
1.559
2.399
3.734
3.362
3.068
3.814
1.818
2.211
3.342
3.239
3.6
1.771
1.938
3.029
1.967
2.516
3.069
3.881
2.039
2.135
2.748
3.265
2.232
3.3
2.091
3.438
1.691
2.927
1.501
3.315
3.931
3.199
2.707
2.803
2.211
1.51
1.546
2.763
1.78
3.83
2.454
2.325
2.963
2.756
2.26
1.573
1.693
2.55
1.844
1.657
3.37
1.814
2.973
3.291
2.69
2.904
3.881
3.201
3.309
1.564
3.685
3.204
2.048
2.788
3.033
3.023
2.05
3.694
2.897
2.387
3.636
3.983
2.57
3.36
1.694
3.868
1.65
3.602
3.32
2.299
2.531
3.611
3.038
3.796
2.024
2.259
1.524
2.842
3.45
2.632
1.861
3.34
3.995
2.665
3.617
1.726
2.941
3.543
3.01
2.073
3.488
1.602
3.907
2.928
3.677
2.597
3.333
1.54
2.771
3.64
2.402
3.351
2.081
2.329
2.172
2.541
3.554
2.701
3.468
3.554
2.801
3.482
3.574
1.552
3.52
2.406
1.886
1.901
3.194
3.268
3.376
2.2
1.732
3.333
2.169
1.686
2.484
3.124
3.93
3.174
2.215
3.811
2.243
3.68
2.92
2.4
2.26
3.125
2.733
2.161
2.429
3.75
2.602
3.257
3.86
3.183
3.585
1.593
2.845
1.699
1.826
2.784
3.789
3.376
3.342
2.171
2.832
2.985
2.696
1.974
1.829
3.489
2.633
3.621
2.499
3.455
2.105
3.555
1.613
2.565
3.832
3.851
2.126
3.571
1.803
2.121
3.215
2.478
2.884
1.526
3.611
2.777
3.747
3.996
2.96
3.857
3.73
1.969
2.355
2.604
2.155
2.611
2.581
2.444
2.722
2.846
2.862
3.226
2.406
2.763
2.777
2.923
1.715
1.678
3.558
2.049
2.833
2.853
1.798
1.807
3.918
3.408
1.939
2.612
1.989
3.164
3.854
1.634
2.346
2.599
1.567
1.904
3.144
2.117
1.944
2.475
3.862
3.552
3.606
3.455
1.841
2.581
2.195
3.476
2.483
1.598
3.803
3.351
3.32
3.765
3.913
2.406
1.716
3.724
2.832
1.559
3.805
2.799
3.459
2.459
3.704
3.433
3.9
3.965
2.845
3.114
3.813
2.244
3.855
2.794
2.335
3.906
1.688
2.407
1.664
2.526
2.036
2.688
3.434
3.218
3.75
2.777
3.42
2.436
2.151
3.563
3.144
3.607
3.719
1.669
3.392
3.755
3.875
2.944
1.641
3.651
2.622
2.139
1.714
2.464
3.263
1.854
2.553
3.6
1.628
2.304
2.082
3.036
1.665
3.961
2.181
2.854
2.723
2.921
3.227
3.55
3.387
2.352
3.767
3.831
2.414
2.686
2.584
2.737
3.401
1.682
1.849
3.926
1.616
3.269
1.73
2.52
2.618
1.76
3.976
2.124
1.557
2.341
2.155
1.574
1.862
3.056
2.417
1.958
2.058
2.364
1.792
3.65
2.758
3.753
3.653
2.367
3.45
2.364
3.025
1.863
2.896
2.109
3.978
2.559
3.826
2.689
1.746
3.719
2.148
3.512
1.984
3.192
2.231
3.091
3.258
2.476
3.869
3.859
2.7
2.087
2.952
1.524
2.323
2.013
3.236
2.389
2.295
2.323
2.222
3.98
1.651
1.523
2.733
3.898
1.588
2.164
3.632
1.793
1.726
2.182
3.006
2.261
2.505
3.474
2.966
3.877
1.992
2.396
2.516
2.802
3.774
1.504
2.76
3.722
2.041
2.13
1.951
3.917
2.007
1.65
3.009
2.211
2.254
3.542
2.796
3.262
3.961
2.121
3.313
3.464
3.873
2.15
1.587
2.127
3.434
3.007
2.884
2.7
3.685
1.799
2.364
1.848
1.774
2.007
3.444
3.26
2.522
1.592
1.529
3.115
3.271
3.123
2.871
2.84
3.476
2.96
1.691
1.903
3.59
3.043
3.022
3.372
3.741
2.866
3.734
3.005
2.591
1.852
3.37
3.845
2.437
2.464
2.353
1.682
1.55
3.717
3.723
3.892
2.186
2.92
2.402
2.902
2.26
3.995
2.471
1.672
3.639
3.299
3.222
2.355
1.802
3.485
3.821
3.573
3.888
2.05
2.984
3.715
3.721
1.699
1.501
3.858
2.276
2.942
3.824
3.037
2.558
3.577
2.648
1.708
2.318
1.658
3.285
3.395
3.546
2.33
2.465
2.611
3.416
2.788
3.677
3.893
3.797
3.83
3.972
2.318
2.145
1.739
2.934
3.091
1.597
2.642
1.84
3.493
3.812
2.65
3.65
1.962
2.879
3.979
3.932
3.138
2.956
3.448
2.312
2.485
1.787
2.437
2.47
2.491
2.311
2.913
3.611
2.071
3.187
1.576
3.656
2.74
2.723
2.923
3.645
3.698
2.692
3.651
3.445
2.476
3.673
2.448
3.745
3.771
3.883
2.11
2.214
1.6
2.771
1.501
3.556
1.748
3.215
3.647
1.893
1.607
1.808
3.91
3.508
3.432
2.449
2.98
3.926
3.844
3.255
1.99
3.485
2.91
2.679
1.889
3.908
2.223
2.184
3.229
2.905
3.155
3.151
3.234
2.373
1.985
2.766
3.876
3.0
3.073
2.634
2.307
1.517
3.253
3.578
3.28
1.854
3.181
3.551
3.998
2.551
3.174
3.972
2.287
1.866
3.772
3.082
2.165
2.496
1.654
2.278
1.977
2.876
1.637
3.062
2.854
2.321
1.994
3.783
3.552
2.497
2.877
2.852
3.717
2.89
3.741
3.175
3.898
2.977
2.969
1.953
2.547
2.952
2.395
1.501
3.284
3.461
1.994
3.246
3.751
1.706
3.275
3.478
2.682
2.67
2.919
2.686
1.948
1.515
3.204
3.271
3.309
2.3
1.733
1.912
2.626
2.247
1.992
3.008
2.966
1.646
3.907
2.305
1.578
1.785
2.655
3.122
1.868
2.473
3.02
2.849
3.924
2.49
2.736
1.589
3.32
3.035
1.768
3.667
3.102
1.513
3.407
3.172
1.547
3.017
3.572
3.02
3.114
1.71
2.565
2.709
3.902
2.426
1.638
3.827
3.642
2.94
2.15
3.065
1.854
3.811
2.649
2.887
1.982
3.999
3.381
3.351
3.541
2.574
3.414
3.118
1.51
2.019
3.107
1.97
3.294
1.891
2.823
2.646
2.066
3.176
2.462
3.732
1.829
3.758
3.221
1.589
3.044
2.498
2.792
3.137
3.159
3.038
2.719
2.805
3.201
2.595
1.762
2.547
3.4
1.975
1.863
3.746
1.8
3.832
3.212
1.697
2.213
3.657
1.897
2.841
2.448
1.554
2.526
2.142
3.955
1.597
3.019
1.77
3.563
2.827
3.172
2.563
3.394
1.859
2.478
2.658
1.694
2.616
3.269
2.342
3.841
2.485
1.505
1.747
2.338
1.527
2.803
2.713
3.012
1.607
3.606
1.56
1.909
2.76
1.977
2.005
3.97
1.757
3.532
1.531
1.909
2.146
1.635
1.64
2.809
1.513
3.25
3.377
1.849
2.031
1.73
2.091
2.668
3.33
3.64
3.862
3.469
2.833
1.556
2.895
3.448
3.16
3.321
3.503
3.212
2.333
2.473
2.443
2.893
3.259
3.262
3.367
3.904
2.99
2.483
2.243
3.297
3.475
1.906
3.13
3.07
3.013
3.346
2.467
1.785
3.428
1.561
2.822
1.651
3.629
2.784
3.218
1.641
3.267
3.161
2.408
2.948
2.301
3.65
3.998
2.456
2.517
1.703
2.163
3.042
2.813
2.938
3.027
3.776
2.171
3.627
1.835
3.993
3.356
2.086
3.731
2.661
3.817
1.835
3.61
3.761
3.833
1.62
3.134
3.682
3.6
2.02
2.405
2.693
3.241
3.969
2.859
3.65
1.929
3.1
3.921
1.583
3.823
3.929
2.318
2.085
2.216
2.312
2.277
3.579
2.923
1.938
1.773
2.984
3.203
2.151
2.354
3.855
2.024
3.832
3.409
1.987
2.05
3.014
3.225
3.237
3.403
1.527
1.704
3.336
2.812
3.241
3.625
2.211
2.62
3.414
1.931
1.692
2.017
3.647
3.101
3.096
3.359
2.511
1.916
3.31
3.171
2.702
2.183
2.696
3.663
2.828
3.328
3.59
3.387
1.775
3.187
2.531
3.464
3.343
1.832
1.922
1.65
3.665
1.545
2.673
3.037
1.647
1.822
3.714
2.791
2.631
2.979
2.775
2.545
1.842
3.66
2.582
2.981
1.583
1.94
1.974
1.585
3.13
2.977
1.667
2.468
3.318
3.421
1.966
1.722
3.493
3.665
2.438
1.932
2.77
2.035
2.315
2.06
3.174
2.124
2.903
1.653
3.401
1.848
3.393
1.688
1.983
2.744
3.413
2.894
2.459
3.67
3.727
3.278
3.449
3.021
2.419
1.78
1.684
2.181
2.919
2.749
3.584
3.868
2.316
3.529
3.746
3.204
1.592
3.171
1.888
2.029
3.319
1.559
2.588
3.808
2.429
2.057
3.755
3.46
1.72
2.899
3.623
3.792
2.574
3.351
3.577
2.845
2.086
3.73
1.679
2.393
3.269
3.58
2.987
1.72
2.135
3.479
2.46
3.383
3.149
3.721
2.993
2.476
3.3
1.884
1.843
2.807
3.536
1.531
2.682
2.679
3.67
1.712
2.223
2.96
1.706
3.503
3.485
3.421
3.515
1.983
2.475
2.215
2.41
2.08
2.904
2.519
2.308
2.224
2.506
2.04
2.229
2.465
3.825
2.991
1.626
1.929
3.271
3.382
3.455
2.736
2.708
2.836
2.569
2.866
2.063
1.532
2.86
2.066
2.373
2.689
2.421
1.8
3.643
3.956
3.12
2.442
1.732
2.234
1.734
1.546
2.462
3.819
3.092
1.637
1.719
3.864
1.693
2.867
3.043
1.506
2.235
2.57
1.756
1.926
2.55
3.79
3.47
2.327
3.321
1.749
3.503
2.584
3.823
2.002
1.837
2.207
3.845
3.123
3.146
3.121
3.887
3.287
3.382
2.98
3.163
2.993
3.004
3.515
1.889
1.536
1.697
3.482
2.944
3.942
2.178
2.953
3.462
3.294
2.491
3.938
2.695
3.92
2.151
3.171
2.321
2.721
2.123
3.813
3.613
2.329
2.879
2.069
1.545
1.9
3.151
2.428
1.547
1.84
2.713
2.031
2.484
2.175
3.265
1.706
2.374
3.738
3.209
3.422
1.885
2.938
3.345
3.494
3.948
3.34
1.846
1.974
2.803
3.996
3.765
1.52
3.56
1.971
2.617
2.645
3.291
3.615
2.88
1.561
1.592
3.154
3.596
3.814
2.163
1.934
3.689
3.662
1.627
2.501
3.567
1.834
3.522
2.25
3.378
3.198
3.594
1.529
1.855
3.17
3.262
3.161
2.781
3.812
3.029
1.798
3.599
3.971
3.761
3.033
3.968
3.745
2.902
2.84
2.707
1.751
3.88
2.649
2.628
1.79
2.564
2.264
3.699
3.503
2.107
3.708
1.617
2.95
1.68
2.356
3.488
3.508
2.443
3.212
2.647
2.413
3.389
3.45
2.46
3.262
1.729
3.495
2.192
2.123
3.878
3.147
3.801
3.676
3.382
3.625
1.636
1.814
3.451
2.722
3.74
1.932
3.836
1.72
2.04
1.611
2.004
2.628
1.556
1.954
3.285
3.005
1.794
2.112
1.832
1.685
2.82
2.664
2.428
3.765
3.738
3.045
3.595
2.772
3.096
3.682
3.023
3.968
1.728
2.47
1.866
1.909
2.597
3.717
1.601
3.017
2.108
3.335
3.161
2.138
1.881
1.796
3.971
2.197
2.595
2.914
1.653
2.33
2.975
2.398
3.434
1.515
3.796
2.31
3.234
2.434
1.651
2.494
2.073
1.648
3.968
2.004
3.592
2.336
1.556
2.311
2.223
3.364
2.275
3.105
2.423
2.177
2.004
1.707
1.518
3.617
3.37
2.628
3.388
3.356
2.375
3.153
2.063
3.111
1.635
3.851
3.615
3.999
2.596
2.478
2.9
2.842
1.658
3.384
3.567
3.019
1.54
2.48
3.019
3.48
2.2
3.285
2.182
1.572
2.685
2.885
1.967
3.254
2.845
2.311
2.047
2.52
2.1
3.469
2.214
1.67
2.274
2.876
3.198
3.652
2.34
2.566
2.454
2.131
3.598
3.386
1.962
3.548
3.647
2.893
3.446
2.85
3.508
3.465
3.659
3.728
3.652
1.922
1.731
3.485
2.445
3.134
2.099
2.697
1.707
1.66
1.803
3.688
2.84
3.604
2.23
2.855
1.617
2.887
2.141
2.546
3.603
2.636
2.865
3.167
3.1
2.114
2.871
3.923
1.856
1.935
3.868
3.46
2.009
3.405
3.578
2.184
3.966
2.271
3.403
3.268
3.548
3.192
2.164
2.281
2.871
2.238
1.555
3.609
3.724
2.885
2.622
2.348
1.867
3.138
3.32
3.73
1.815
2.388
3.714
2.593
2.648
3.257
3.38
3.481
1.68
3.215
1.954
1.936
3.844
3.225
3.472
1.903
3.557
2.236
1.757
2.796
1.972
1.948
3.15
2.358
3.529
2.377
3.852
3.413
2.552
2.9
1.822
2.669
2.738
2.281
2.359
2.844
3.281
2.589
1.855
3.46
3.46
1.539
2.913
3.041
2.956
3.401
2.681
2.461
2.874
3.491
3.428
3.34
3.037
3.085
2.227
2.978
2.534
3.555
3.348
1.713
3.408
2.803
2.849
2.699
1.775
3.686
1.946
3.165
3.622
3.948
3.562
2.757
3.866
3.345
2.917
2.06
3.949
3.899
1.735
3.031
3.375
3.284
3.71
2.132
2.915
3.001
3.957
Error de lectura!!!
2.173
2.24
2.512
1.806
2.744
1.771
3.359
3.278
3.408
3.693
3.167
2.36
2.285
2.438
2.381
3.288
1.724
2.63
3.873
2.108
3.475
3.529
2.172
2.39
1.731
3.088
3.855
2.216
1.611
1.803
2.16
1.995
2.832
3.039
1.981
2.392
3.897
3.452
1.663
3.221
3.255
3.328
1.824
3.775
2.204
2.967
2.256
2.419
1.507
3.079
3.002
3.758
2.259
3.182
2.723
3.596
1.894
1.632
3.939
3.714
1.816
2.441
3.334
3.932
3.576
3.271
3.48
2.714
3.054
3.568
3.871
2.881
2.175
3.649
3.923
1.826
3.368
3.108
3.437
2.968
2.37
1.642
3.78
2.3
1.518
2.96
1.685
2.519
3.243
3.383
2.461
3.123
3.233
3.009
3.394
2.437
1.919
2.91
1.821
2.246
2.635
1.958
1.764
2.113
3.652
2.326
2.38
2.442
3.473
1.699
2.493
1.944
3.835
3.407
3.544
2.281
3.055
2.352
1.961
3.114
3.628
3.596
3.727
3.062
3.045
3.776
3.458
3.926
2.931
2.876
3.307
3.663
3.344
2.808
3.99
2.669
3.519
1.685
2.503
2.291
2.094
3.003
2.499
2.488
3.571
1.973
3.578
3.387
3.533
3.021
2.516
2.57
3.918
3.776
3.928
1.633
2.776
1.798
2.023
3.496
3.609
3.948
1.935
2.414
3.244
2.364
3.826
3.998
2.586
3.917
1.873
1.619
3.568
3.487
2.522
1.562
3.198
2.92
2.995
2.312
2.953
2.344
2.884
3.051
1.786
1.726
3.764
3.756
3.882
3.165
3.887
2.607
2.156
3.844
2.661
1.758
1.563
4.0
1.514
1.957
2.955
3.626
2.89
1.652
3.244
3.414
2.7
3.586
2.842
2.524
2.83
2.649
3.888
1.605
3.787
2.4
2.785
3.273
1.942
2.098
3.933
1.787
2.696
2.414
2.446
3.619
3.01
3.743
3.703
2.537
2.043
2.86
3.694
3.001
1.535
2.842
1.884
3.844
2.257
1.536
2.442
2.922
2.955
2.034
2.725
2.922
3.782
3.632
2.327
1.731
1.89
2.928
3.639
3.239
2.179
2.569
2.604
3.047
2.883
3.409
1.556
1.601
3.569
3.723
3.887
2.605
1.751
3.986
3.389
3.538
3.531
1.565
1.939
3.561
2.624
2.333
2.488
3.705
1.812
3.077
2.426
1.578
2.614
2.9
3.183
3.822
1.816
1.935
2.872
2.804
2.204
2.427
2.153
1.952
2.609
3.881
2.721
1.54
2.495
2.938
2.814
1.573
3.286
1.516
3.422
3.407
2.234
2.6
1.651
3.985
3.331
1.885
3.868
2.469
2.815
3.922
2.574
2.242
3.595
3.554
2.039
3.562
3.194
3.105
3.012
3.49
1.967
3.362
1.925
3.6
1.586
3.192
2.719
1.937
3.003
1.765
2.825
3.091
3.108
1.649
2.429
3.728
2.259
2.422
3.42
3.259
3.959
2.156
2.45
3.526
1.776
3.311
3.231
2.885
3.04
1.66
2.439
2.716
2.416
3.256
3.949
3.174
1.546
2.71
3.763
2.321
2.277
2.332
1.512
2.845
2.063
1.969
3.829
3.349
1.609
1.566
3.562
3.503
2.533
1.526
3.214
2.228
3.34
3.921
2.271
1.598
2.799
2.591
1.586
2.716
1.714
2.225
2.66
2.957
1.6
2.048
2.543
2.144
2.667
2.901
2.455
1.838
2.597
2.308
1.82
3.692
3.642
3.235
2.738
3.144
3.953
1.825
3.077
2.96
1.61
3.236
3.969
3.949
1.654
3.866
3.832
3.571
2.34
2.503
2.946
3.507
2.492
3.39
2.062
1.856
1.917
1.81
3.245
3.27
3.602
3.921
1.558
3.675
2.331
2.872
2.949
3.314
3.868
3.984
2.494
3.939
2.754
3.62
2.433
3.771
3.892
3.425
2.654
1.896
3.47
1.94
3.174
3.099
3.756
3.863
1.793
3.102
3.49
3.508
3.975
3.321
2.418
2.52
1.741
3.335
2.051
3.687
3.476
3.775
2.935
3.41
2.887
3.296
2.096
3.111
3.206
3.284
2.656
2.334
3.935
3.919
2.559
2.91
3.194
2.445
2.207
1.661
2.555
2.018
3.956
1.723
1.885
2.235
2.698
2.171
2.434
3.94
3.749
1.54
3.196
3.722
1.549
2.337
2.797
3.404
1.974
1.738
2.07
2.229
3.781
2.795
3.175
1.788
3.181
2.438
2.022
3.774
3.701
1.886
2.789
3.426
3.577
2.515
1.674
2.434
2.644
1.641
3.758
3.409
3.084
3.305
2.66
3.316
2.9
2.299
2.647
2.735
3.078
1.603
3.752
3.512
3.534
3.503
3.319
1.557
2.639
1.943
2.615
3.918
2.677
3.207
3.91
3.831
2.013
3.063
1.691
1.805
2.538
2.438
2.306
2.867
1.907
3.275
1.546
3.305
3.021
1.806
2.393
2.049
3.116
3.803
2.557
3.767
1.677
3.138
2.36
2.184
3.337
2.403
2.823
3.767
2.07
3.921
2.91
3.976
3.983
3.767
3.617
3.161
3.688
2.728
1.769
3.139
2.993
2.625
3.477
3.719
2.736
3.091
3.902
1.836
3.185
3.942
2.886
3.381
3.797
2.059
1.742
3.484
3.071
2.398
2.623
2.864
3.397
2.326
2.918
2.895
1.855
3.518
1.96
3.098
1.771
1.927
2.281
2.797
2.432
1.798
2.572
3.542
1.542
2.166
1.532
3.881
3.852
2.895
3.422
2.85
2.273
2.211
2.465
3.86
3.828
3.484
2.116
2.635
2.461
1.964
1.696
2.658
2.651
2.044
2.92
3.887
1.784
3.86
2.377
2.873
1.966
2.592
3.205
2.0
2.301
3.281
3.331
3.65
2.973
3.112
3.535
3.723
2.57
3.719
2.122
3.125
3.811
1.577
1.869
3.059
2.963
Error de lectura!!!
2.931
1.748
2.996
3.249
2.699
2.985
3.906
2.249
1.651
3.924
3.745
3.802
3.367
3.52
1.548
1.836
3.098
1.898
1.656
1.86
3.35
2.357
2.508
3.617
1.861
2.472
3.957
3.175
3.516
1.609
2.564
3.44
3.805
3.068
1.665
2.316
2.829
2.384
3.413
2.17
2.781
1.656
3.94
3.423
1.55
2.283
3.628
2.422
3.484
2.561
2.172
3.711
2.51
1.683
2.989
2.819
2.941
1.848
3.078
1.898
3.537
1.52
2.505
2.749
2.25
2.991
2.284
1.848
2.041
2.401
1.645
2.551
3.202
2.469
3.484
3.687
3.499
Error de lectura!!!
2.467
3.672
3.822
2.552
3.383
2.504
3.982
1.816
2.165
2.393
2.855
2.513
3.682
2.561
2.213
3.984
2.546
3.523
2.577
2.476
2.561
2.506
3.577
3.462
2.046
2.131
2.277
2.623
2.495
2.266
2.638
3.641
3.555
1.898
2.592
1.773
2.138
2.431
3.902
2.535
3.468
3.059
1.82
3.209
2.49
3.963
3.511
1.622
2.684
2.991
2.996
3.4
3.043
2.329
1.798
1.7
1.546
3.584
2.315
3.551
1.59
3.156
3.248
2.61
3.695
3.386
2.444
2.626
3.637
2.487
2.551
2.416
1.648
2.005
2.342
3.827
2.86
2.829
1.55
1.966
2.686
2.975
1.939
3.845
2.44
2.484
1.932
2.018
3.913
3.538
1.543
1.527
1.864
3.669
2.602
1.663
2.049
3.686
2.494
1.949
1.771
3.441
3.646
3.235
1.806
3.224
3.964
2.309
2.187
2.362
2.38
3.682
2.639
2.099
0.972
3.125
1.804
2.524
3.295
3.534
2.342
2.559
1.742
2.581
3.954
2.065
3.267
1.525
3.723
2.584
3.386
3.369
1.61
3.029
1.694
1.609
2.156
2.162
1.587
3.834
2.923
1.552
2.358
3.084
1.702
2.524
1.843
1.5
2.97
2.504
3.853
1.811
2.767
2.67
1.885
3.218
3.017
2.775
3.644
2.887
1.949
3.621
3.924
1.871
2.618
3.489
2.24
1.561
2.874
1.922
2.856
1.504
3.741
2.168
1.785
1.814
3.554
2.068
3.443
3.222
1.595
3.776
1.907
2.309
1.763
3.411
3.506
1.7
2.599
3.971
1.621
3.617
2.539
3.148
3.247
2.761
3.32
2.479
2.501
2.376
2.983
2.725
3.059
2.708
2.301
2.185
2.19
1.588
3.016
3.421
1.555
3.586
1.846
1.631
1.645
2.679
2.062
1.586
2.464
1.683
1.794
2.273
3.179
3.109
2.45
2.466
3.189
3.274
1.639
3.672
3.322
2.512
3.593
3.2
3.516
2.546
3.308
2.29
3.512
2.118
3.365
2.121
2.116
2.518
3.164
2.753
1.668
2.137
3.478
2.678
1.589
2.006
3.299
1.853
3.513
1.99
2.325
2.525
1.729
3.099
2.066
2.489
3.65
3.613
2.643
3.16
3.775
2.939
3.396
3.232
3.899
3.399
2.304
2.035
3.186
3.349
1.857
2.818
3.174
1.71
3.31
3.248
1.771
3.921
2.962
3.449
3.255
2.686
3.258
1.604
2.472
1.84
3.043
2.234
2.805
1.687
2.002
1.543
2.512
3.629
3.242
1.586
2.512
2.391
3.311
2.973
1.815
2.807
2.28
3.261
2.9
1.889
2.753
2.603
3.933
1.779
3.003
3.328
2.768
3.516
2.334
2.424
1.721
2.822
2.252
2.948
2.4
2.343
2.386
1.959
1.545
1.978
2.542
1.763
3.31
1.757
2.461
3.192
2.893
2.76
3.025
3.131
2.981
1.611
2.64
3.266
2.569
2.805
1.656
3.441
3.509
3.647
1.719
3.791
2.813
3.201
3.38
3.211
1.663
2.554
2.205
3.999
1.611
3.533
2.682
2.007
3.778
3.455
2.341
1.882
3.086
2.699
2.661
1.946
1.989
2.107
2.785
2.439
3.544
2.238
1.951
3.805
3.81
2.797
2.276
2.139
3.21
1.918
3.143
2.577
3.842
2.871
1.712
2.159
2.977
3.573
1.838
2.489
2.656
1.895
2.743
3.489
1.599
3.313
2.906
2.437
2.956
2.673
3.276
3.97
2.891
3.128
3.442
3.454
2.763
1.883
3.968
3.21
3.721
1.969
1.564
3.107
3.511
1.955
1.863
3.148
3.629
3.562
2.931
3.988
3.002
1.579
2.29
1.605
2.656
3.985
2.098
3.579
2.355
1.897
2.281
2.127
2.901
2.58
3.977
3.076
1.973
3.514
3.13
3.655
2.882
2.184
3.232
1.803
2.04
3.89
2.355
3.117
3.002
2.329
1.632
2.822
3.433
3.669
3.343
2.222
2.032
3.174
2.244
2.805
2.962
2.296
1.653
1.561
2.647
2.947
3.843
1.541
2.118
3.871
2.414
1.541
2.208
2.501
2.819
2.16
2.913
2.041
3.114
3.736
1.605
3.058
3.173
1.987
2.305
3.491
2.727
2.353
2.078
1.589
3.83
2.62
3.447
2.427
2.673
3.709
2.145
1.955
2.727
2.557
2.836
1.664
2.876
2.964
3.295
1.504
2.218
2.712
1.656
3.497
2.197
3.337
2.773
1.795
2.567
2.023
1.587
2.139
2.92
3.037
2.165
2.234
2.69
3.611
1.731
3.117
1.998
3.228
1.932
2.85
2.863
1.878
1.777
3.894
2.0
2.697
1.905
3.614
2.663
2.633
2.674
3.438
3.723
1.594
3.79
1.919
2.273
2.991
1.67
2.033
3.084
1.913
3.051
1.978
3.183
2.122
3.411
2.464
3.88
2.972
3.912
2.647
1.591
2.589
2.893
3.231
2.399
3.944
2.294
3.512
2.993
3.621
1.67
2.75
3.068
2.634
3.15
2.763
3.823
3.898
3.425
1.53
2.704
3.764
2.179
3.045
3.38
3.234
3.444
2.997
2.404
2.472
1.637
3.954
2.705
2.919
2.783
3.312
1.679
3.679
1.67
1.557
3.179
3.033
2.2
1.507
3.386
1.752
3.529
3.426
1.62
3.637
3.04
3.66
2.237
2.862
2.771
2.533
1.964
3.437
3.563
3.982
1.899
3.472
1.559
2.946
1.647
3.119
3.096
2.031
2.434
1.66
2.441
2.733
3.684
2.442
3.125
3.321
3.875
1.538
3.925
2.668
3.636
3.66
3.639
1.904
2.461
3.486
1.967
3.683
2.471
3.11
2.376
2.646
2.512
1.614
3.258
3.646
3.577
3.643
3.346
3.078
2.089
3.6
3.331
3.318
2.387
2.044
2.526
3.781
3.64
2.124
3.821
2.717
3.383
3.591
2.13
1.722
2.404
1.559
1.891
2.601
3.52
2.674
2.634
2.838
2.448
3.863
2.126
3.282
1.718
2.869
3.787
3.7
2.695
2.737
2.288
3.885
3.379
2.313
3.478
3.065
2.147
2.145
3.006
3.093
2.218
2.673
1.656
3.329
3.991
2.822
3.022
3.9
2.809
3.494
3.28
2.771
2.123
2.528
3.674
3.125
3.951
3.431
2.993
3.16
2.555
2.808
2.435
3.749
1.911
3.771
2.984
1.551
1.817
3.719
1.567
3.19
3.163
2.194
2.384
2.015
3.237
3.538
3.809
2.276
2.806
2.548
2.99
2.085
2.102
1.554
1.507
3.204
3.649
3.937
3.203
3.805
1.658
2.371
2.306
2.373
2.952
2.12
3.168
2.91
2.117
3.957
2.558
2.244
3.329
3.516
1.799
2.348
3.4
1.708
2.483
1.714
3.492
3.093
2.179
1.893
3.428
2.949
1.731
3.742
1.826
2.349
1.85
3.837
3.012
3.018
