3.084
3.724
3.548
1.702
3.778
3.923
2.447
3.562
3.039
3.808
3.759
3.458
3.485
2.889
1.938
3.081
2.777
3.063
3.296
2.146
3.265
2.205
2.055
3.071
3.895
2.599
3.485
2.17
3.257
2.565
1.507
1.87
1.958
3.017
3.151
3.272
1.867
2.745
2.573
3.602
2.849
3.343
3.349
1.834
3.237
2.523
3.3
3.153
1.588
2.95
2.403
3.074
3.114
3.889
3.735
1.714
2.666
2.976
2.663
1.844
3.233
2.557
2.974
2.852
3.936
1.66
3.113
3.05
2.108
3.363
3.922
2.0
2.505
3.152
2.203
2.226
2.484
3.365
3.65
3.334
3.875
3.731
3.377
1.752
3.059
1.89
3.851
2.792
3.758
3.127
3.387
3.789
3.357
2.117
1.776
2.539
3.017
2.655
2.366
3.278
2.758
2.913
2.179
2.315
3.932
2.409
1.619
1.608
2.527
2.054
2.531
3.506
3.006
3.418
2.201
3.527
2.136
2.063
2.546
2.617
3.594
1.505
2.138
2.14
3.398
1.923
1.569
1.779
3.223
3.112
2.471
2.274
3.43
1.721
3.596
1.738
3.585
2.992
1.986
3.113
1.983
3.452
3.606
2.086
2.745
2.358
1.951
1.993
2.789
1.781
3.034
3.877
3.903
3.953
3.464
1.95
1.975
1.783
2.11
1.741
1.739
3.094
2.164
1.74
3.627
3.504
2.065
3.8
3.406
3.462
3.477
1.662
2.507
2.773
2.805
2.663
3.653
2.837
3.706
2.939
2.063
3.75
2.064
3.884
1.726
3.435
3.559
2.229
1.647
2.869
1.988
3.668
3.385
3.769
1.968
2.176
3.188
2.208
3.103
2.041
1.603
2.908
3.373
2.825
1.98
3.039
2.177
2.052
2.664
2.525
2.942
2.336
1.884
2.147
1.794
3.865
2.082
2.025
2.021
2.297
2.175
1.67
1.541
3.207
1.79
1.822
2.498
2.667
3.512
2.172
3.269
3.388
2.939
3.687
1.523
2.872
3.216
1.842
3.402
2.322
2.529
1.988
3.389
2.44
2.282
1.625
3.128
3.926
3.176
2.917
1.596
1.774
2.941
2.046
1.747
1.869
2.895
1.603
1.585
2.3
3.8
2.715
3.02
1.646
1.87
2.725
2.2
1.915
1.851
2.985
2.396
3.784
2.847
2.522
2.407
2.859
1.733
3.903
3.259
1.944
2.741
1.95
1.876
1.511
2.473
3.909
2.94
2.115
3.638
2.311
1.627
3.914
2.141
2.383
2.124
2.425
3.432
3.785
3.078
1.573
3.106
3.739
2.232
3.193
3.297
2.032
3.981
1.863
3.185
3.914
2.032
3.614
3.233
3.062
1.585
2.07
2.546
1.797
3.987
2.181
2.98
1.764
3.998
3.834
1.892
2.172
1.892
2.011
3.094
2.13
2.843
1.799
2.222
3.281
2.399
2.226
1.53
2.8
3.782
2.808
2.63
3.454
3.309
3.017
3.984
1.972
1.911
3.47
2.696
2.262
3.252
3.747
2.211
2.338
2.121
3.082
2.093
2.62
2.299
1.638
2.771
2.67
3.412
3.801
2.688
1.62
3.033
1.717
2.324
2.748
2.049
3.248
1.578
2.565
2.059
3.233
2.15
2.226
1.731
2.306
2.016
3.527
1.553
3.363
2.585
2.861
1.693
3.228
3.311
2.335
2.805
1.741
2.194
2.617
2.333
1.627
3.533
1.57
3.253
2.358
2.736
2.659
3.611
1.81
3.333
1.664
3.796
1.783
3.586
2.147
2.543
2.233
3.515
3.61
1.954
3.368
3.185
2.69
3.16
1.767
3.188
2.761
3.99
2.717
1.517
3.705
3.539
2.144
2.486
3.954
2.713
1.544
2.747
1.677
3.397
2.183
2.354
2.245
2.845
1.736
3.128
2.865
3.643
1.835
3.74
2.36
2.905
3.857
3.08
2.118
1.664
3.78
1.997
3.619
2.399
1.84
3.736
1.965
1.718
2.062
2.917
3.014
3.062
3.404
1.935
3.431
3.455
2.888
2.201
2.679
3.12
2.49
2.986
2.276
1.911
2.664
1.893
2.556
3.822
2.462
3.593
3.519
2.891
2.58
3.196
2.165
3.041
1.839
3.853
3.493
2.017
3.121
2.718
3.28
2.773
3.872
2.099
3.735
3.417
2.219
3.371
2.489
1.941
2.044
2.25
2.22
2.947
1.661
1.667
3.496
2.372
2.944
2.059
2.054
3.206
1.591
2.921
2.931
3.224
1.887
1.838
2.225
3.141
1.781
1.547
3.75
1.801
3.298
2.923
3.638
3.179
3.853
3.734
2.065
1.909
3.698
3.956
2.239
1.759
2.878
2.939
3.824
1.609
2.741
2.955
1.581
2.74
3.436
3.996
3.015
1.588
3.596
2.424
3.798
2.731
1.516
3.721
2.826
1.95
3.161
2.709
3.063
2.35
1.756
2.4
3.642
2.223
3.55
2.377
3.038
2.778
1.701
2.116
2.33
2.351
3.027
3.771
2.054
2.004
3.22
3.342
1.853
1.568
2.895
3.297
3.044
2.861
3.544
3.673
3.776
1.655
3.536
3.534
3.32
2.514
2.133
2.78
3.705
3.555
2.48
2.857
1.535
3.27
2.98
1.901
1.738
2.519
2.39
2.952
2.693
3.009
3.318
2.266
2.889
2.608
2.247
2.869
2.892
2.492
3.463
3.762
2.744
3.109
2.698
3.14
3.708
2.976
1.751
1.955
3.389
2.374
3.474
2.987
1.902
1.942
3.538
2.06
3.041
1.619
3.983
2.2
2.97
3.901
3.703
2.768
3.824
3.666
1.661
2.199
1.737
2.872
2.892
2.144
2.566
3.778
3.425
1.905
3.305
2.534
2.799
1.717
2.52
3.496
2.022
2.045
3.157
2.385
2.532
3.868
3.131
3.624
3.178
3.643
2.973
1.955
3.843
3.797
2.648
1.763
3.864
3.584
3.396
2.776
2.895
3.174
1.531
2.543
2.146
2.852
2.571
2.616
2.646
2.914
2.88
1.502
3.002
2.56
2.712
3.131
3.089
1.874
2.202
3.906
2.403
3.5
2.705
1.693
3.842
2.061
3.888
3.382
2.962
2.68
2.358
3.318
2.729
1.925
2.275
1.772
1.595
2.405
2.207
3.241
1.702
1.845
2.817
3.893
2.294
2.283
2.273
2.913
2.043
1.791
3.786
2.677
3.628
2.486
2.601
3.332
2.689
1.726
3.012
2.793
1.836
3.984
1.715
1.787
1.723
2.099
3.747
1.987
1.854
2.234
2.892
3.333
3.614
2.387
2.867
3.949
2.417
2.476
3.451
2.207
1.813
1.526
2.458
2.664
1.745
3.699
3.48
3.712
3.492
3.38
2.095
3.292
3.032
3.559
3.856
2.139
3.731
3.768
3.24
3.333
3.975
2.085
2.941
2.698
1.736
2.562
1.915
3.041
2.265
2.59
1.653
2.202
2.553
2.903
3.425
3.813
3.824
3.347
2.049
3.917
3.186
1.685
3.209
1.773
1.579
3.489
2.077
3.078
3.923
3.538
2.989
3.759
1.831
2.227
2.033
3.466
3.816
1.57
3.81
2.446
3.839
3.015
2.201
1.937
2.935
2.471
2.797
3.445
3.329
3.987
2.302
3.398
2.842
1.595
3.459
2.959
3.708
1.907
2.57
1.533
1.755
3.505
2.078
2.882
1.627
3.033
2.147
3.2
3.665
2.016
1.559
1.612
3.068
2.957
2.252
3.532
1.858
1.56
2.647
2.604
3.186
3.125
3.313
2.563
2.21
2.019
3.608
3.641
1.768
2.012
3.752
2.35
1.983
1.881
1.918
1.742
1.6
3.115
1.607
3.875
2.035
2.983
2.948
3.583
3.552
2.978
3.716
3.125
2.899
2.78
2.511
1.692
1.591
2.524
1.756
1.998
1.803
3.265
1.994
1.941
3.916
2.661
2.497
1.778
3.85
2.107
2.814
2.884
3.377
3.866
2.37
1.524
2.859
2.407
3.215
3.961
2.453
2.789
2.594
1.915
3.655
3.335
3.765
1.901
3.528
2.642
3.347
1.661
1.772
2.189
3.918
1.516
3.439
2.101
2.604
2.993
1.91
3.887
3.096
2.038
3.714
3.407
1.875
2.023
2.099
1.865
3.584
2.082
2.149
3.37
3.976
2.402
1.751
1.585
3.115
3.484
3.119
1.915
3.771
3.095
2.995
1.794
3.175
2.41
3.156
3.902
2.714
1.883
2.689
1.929
2.763
2.923
3.233
1.871
2.202
3.957
2.625
2.868
2.294
2.85
1.95
1.893
2.106
2.497
2.505
3.929
3.114
2.873
1.661
1.847
1.557
3.08
3.519
2.018
3.092
3.515
1.612
1.857
3.581
3.568
3.519
1.815
2.316
3.735
3.888
1.777
3.995
3.533
2.775
2.059
3.218
3.826
3.017
3.911
3.795
1.81
3.428
2.064
2.113
1.908
2.222
1.983
3.464
2.398
2.547
3.893
3.778
3.934
2.715
1.848
1.962
3.62
3.279
3.919
3.024
3.644
3.832
3.61
2.054
3.666
3.553
2.076
2.294
2.863
3.352
1.97
3.47
3.742
2.332
1.565
2.553
2.595
3.834
3.234
2.714
3.011
2.577
1.905
2.57
3.9
3.137
3.852
1.767
2.871
3.996
2.638
3.462
2.659
3.71
2.839
2.797
2.033
3.856
3.054
2.824
2.795
1.832
2.614
1.557
3.584
2.694
1.684
2.413
3.702
3.578
2.003
2.288
3.427
3.964
1.655
3.281
2.206
2.642
2.197
2.287
1.923
2.005
2.783
2.039
3.847
3.25
3.064
3.84
1.872
2.048
3.251
3.383
3.616
2.323
2.849
3.759
3.646
2.309
3.942
3.608
1.616
1.993
3.888
1.515
2.524
2.006
3.27
2.609
2.613
3.922
2.119
1.987
3.702
3.69
3.827
1.77
2.199
2.21
2.796
3.212
1.732
3.5
3.072
1.954
1.554
2.581
3.99
2.818
2.981
1.641
2.445
1.977
2.719
2.932
2.626
2.981
2.158
2.431
3.632
3.423
1.541
2.187
3.166
3.284
1.511
2.791
2.737
3.861
2.033
1.522
2.212
2.93
1.508
3.955
2.396
2.263
1.603
3.84
2.007
1.93
3.561
3.909
2.674
3.247
3.501
1.652
2.65
1.713
1.541
3.479
1.516
2.451
3.375
1.812
1.687
3.243
2.067
2.757
2.651
2.416
1.573
3.124
3.861
2.8
3.749
2.815
1.543
2.341
2.663
3.851
1.55
3.105
3.0
1.678
2.367
2.354
3.356
2.856
1.804
2.15
2.143
3.545
1.637
2.659
3.089
2.284
1.907
3.291
2.598
3.803
1.89
3.803
3.987
2.955
3.1
3.17
3.084
2.914
2.923
2.346
2.695
2.485
3.21
2.769
2.087
1.838
3.644
3.922
2.722
3.551
3.346
3.614
2.866
1.534
1.791
3.923
2.586
2.283
2.849
3.341
3.101
3.891
2.803
2.642
1.737
2.733
2.038
2.564
2.908
2.668
1.897
2.376
3.08
1.7
2.749
1.733
1.624
2.585
3.831
1.62
3.24
1.597
2.525
3.155
3.793
3.087
2.736
3.849
3.255
2.19
2.175
3.116
3.889
3.976
3.65
2.34
2.514
2.783
3.667
2.068
1.651
1.754
2.423
2.005
2.416
1.94
2.986
2.372
3.194
3.086
3.697
1.542
2.535
2.271
3.482
2.142
3.849
2.405
3.99
2.941
3.369
1.521
2.87
1.745
2.478
3.674
1.758
3.525
3.211
2.072
2.356
2.196
1.592
3.854
3.202
3.743
2.17
1.662
3.147
3.625
2.094
3.861
3.469
1.604
3.413
2.524
3.551
3.958
2.428
2.326
2.858
3.25
2.608
2.999
3.234
1.715
3.416
3.228
3.688
2.982
3.034
1.564
3.343
2.49
2.848
1.765
3.566
2.733
1.842
3.207
3.503
2.313
2.798
2.33
3.759
3.122
3.609
2.319
2.159
3.338
3.4
2.5
2.784
1.75
3.115
2.331
2.136
3.792
3.97
3.092
2.075
2.528
3.561
2.338
3.302
2.537
3.717
3.019
2.253
2.431
3.289
1.739
2.371
2.962
1.961
2.707
3.912
2.519
3.915
3.621
3.994
2.553
3.358
2.58
2.866
2.953
3.948
3.288
2.106
2.278
2.577
1.833
1.81
1.669
3.011
1.657
3.11
2.706
3.813
2.782
2.327
2.14
1.938
3.149
3.571
2.708
2.943
1.6
1.822
1.681
2.401
2.1
3.154
3.264
1.915
1.544
3.674
1.624
3.676
2.538
1.945
3.619
3.982
3.033
1.773
3.818
1.962
2.801
2.168
3.648
2.461
2.982
2.507
1.848
3.655
3.965
2.106
2.172
1.53
2.944
2.433
2.193
3.836
3.11
3.609
3.658
2.203
2.896
1.772
3.8
2.779
3.96
2.757
2.053
1.94
3.214
3.241
3.637
2.636
3.93
1.866
2.7
3.385
2.272
1.639
2.385
2.065
1.573
3.637
3.743
3.113
3.447
1.839
2.039
2.206
2.841
1.876
1.982
1.538
1.649
2.97
3.338
2.134
2.004
3.752
3.644
2.548
1.932
2.299
2.054
2.734
1.922
3.426
2.839
3.783
1.642
3.998
3.515
3.559
3.272
3.868
1.702
1.692
3.135
1.819
3.202
1.801
3.219
3.545
1.703
1.526
3.409
3.861
2.28
2.944
3.703
2.17
3.063
1.624
1.925
3.179
2.135
1.92
3.047
2.764
2.967
1.97
2.105
2.589
3.23
1.885
1.854
3.409
3.178
2.95
3.112
1.984
1.743
3.702
3.599
1.554
1.674
1.835
3.686
2.286
2.139
2.813
3.21
2.656
1.797
3.819
2.53
3.959
3.494
2.351
1.785
3.941
2.25
1.671
2.285
2.161
3.193
2.889
3.434
3.788
3.817
3.63
2.755
2.112
2.619
2.478
2.375
2.893
2.209
3.001
2.909
3.594
3.405
2.155
3.349
2.254
1.943
3.192
3.626
1.738
3.018
2.036
3.477
2.922
1.817
3.577
3.338
2.83
1.665
3.636
2.972
3.171
3.532
3.708
3.394
3.574
2.944
3.124
3.239
2.078
3.143
2.455
1.831
3.276
1.776
1.712
3.408
1.628
1.693
1.969
3.717
3.237
2.786
1.912
3.942
1.614
3.557
2.162
3.802
1.917
2.598
3.842
3.234
3.815
3.525
1.959
2.334
3.331
2.577
2.233
1.577
2.712
2.062
2.677
3.42
3.381
2.478
1.6
3.983
2.543
2.776
2.498
3.533
2.494
1.773
1.529
3.563
2.312
1.685
2.656
3.152
3.125
2.886
1.66
1.894
1.714
1.925
2.084
2.362
3.685
2.406
3.429
3.812
2.921
3.256
3.902
3.878
1.538
1.998
3.57
1.616
1.694
2.818
3.602
2.434
2.413
2.276
3.631
1.598
3.139
2.22
3.553
2.707
1.983
1.504
2.871
3.152
3.543
3.564
2.28
2.433
2.132
2.903
3.19
3.896
2.965
2.946
2.341
3.777
3.033
2.045
2.986
3.287
1.572
2.817
1.914
2.469
2.812
2.605
2.781
1.816
1.608
3.198
1.964
2.67
2.558
1.684
1.639
3.423
3.132
3.444
1.801
2.854
2.727
1.605
1.725
3.156
1.828
2.191
1.552
3.944
3.186
2.405
2.183
2.41
2.454
3.638
2.623
3.114
3.859
3.509
3.553
3.643
3.927
1.638
3.391
1.923
3.92
3.657
2.939
2.47
1.55
2.586
1.905
2.264
2.595
1.838
3.932
2.087
3.921
3.8
2.17
2.226
3.05
2.859
1.727
2.531
3.813
3.008
2.93
2.471
3.506
1.533
2.579
2.913
3.823
2.715
2.105
2.301
2.301
2.425
1.636
3.143
3.501
2.521
3.074
2.898
2.781
1.593
2.606
3.149
1.748
3.563
2.437
2.156
2.548
2.177
1.918
1.567
1.789
1.977
2.698
2.028
3.795
3.103
2.022
3.525
3.673
3.951
3.525
3.672
2.702
3.031
3.651
2.012
2.18
2.337
3.575
3.801
2.007
2.599
1.817
3.283
3.296
2.321
2.043
1.848
2.844
2.272
3.738
2.15
2.611
2.551
3.957
3.903
3.031
2.565
2.878
2.625
2.269
2.941
1.815
2.957
3.565
3.222
2.084
2.524
3.434
2.085
2.384
3.797
1.574
3.704
2.125
2.873
3.82
2.57
2.557
2.71
2.229
1.95
3.747
3.444
2.304
1.857
1.963
3.979
2.049
1.799
1.515
3.043
1.622
2.68
3.039
1.748
2.938
3.236
3.817
2.624
3.455
2.245
3.267
3.288
2.22
2.814
3.754
3.119
3.261
2.3
3.692
2.859
2.55
2.003
3.805
3.774
2.986
1.786
3.36
2.946
2.817
3.585
1.672
3.271
2.457
1.547
2.981
2.839
3.519
3.798
1.959
3.924
1.985
3.324
1.762
3.302
2.816
2.87
2.761
2.353
2.939
3.634
2.934
3.79
3.408
3.106
3.355
2.084
1.774
2.302
2.895
2.966
3.347
2.773
3.396
2.475
2.825
1.987
2.734
2.141
3.368
3.48
3.025
1.534
1.914
3.465
2.309
3.753
2.438
3.525
1.554
3.68
3.867
2.375
2.685
2.499
3.666
2.132
3.739
2.738
2.722
3.954
1.725
2.533
3.586
2.746
3.345
2.994
3.562
3.932
2.394
3.221
3.245
2.256
3.851
1.974
2.492
2.87
3.993
3.374
1.82
2.408
2.827
3.077
3.87
2.057
3.575
3.633
3.357
2.742
1.883
1.763
3.329
3.89
1.752
3.193
2.384
1.578
1.764
2.06
3.456
2.831
2.273
1.575
2.084
3.121
2.728
3.269
2.364
3.105
2.509
3.28
2.652
2.442
1.589
2.937
2.997
3.026
2.327
1.548
1.725
1.636
3.663
3.045
3.523
3.503
2.632
3.654
1.959
1.521
2.671
2.714
1.659
1.511
3.077
2.877
3.444
3.943
2.236
3.617
2.796
1.668
3.048
1.86
1.906
3.836
1.814
3.603
2.226
2.288
1.62
3.107
3.104
3.104
1.854
3.482
3.968
3.043
2.561
3.413
3.492
3.816
3.371
3.182
2.343
3.025
3.548
1.848
1.635
2.663
3.268
3.881
2.619
2.788
3.526
2.007
3.672
2.03
3.684
2.861
3.396
1.865
3.601
3.949
1.968
3.946
1.533
3.203
2.359
2.713
2.504
1.622
1.701
3.505
3.067
2.859
3.316
2.408
2.482
3.844
3.027
2.632
1.685
1.562
3.572
3.586
3.607
3.019
3.973
2.751
3.754
1.568
2.857
1.565
2.72
3.545
1.639
2.971
2.061
2.831
3.398
3.974
3.72
3.906
2.496
3.125
3.941
1.655
2.437
3.541
2.426
3.393
3.278
3.995
3.267
1.587
1.733
2.058
3.393
3.463
3.337
2.411
2.713
2.09
2.011
2.388
2.11
1.977
2.179
2.258
2.299
3.676
2.233
3.578
3.052
1.875
2.51
2.827
1.989
2.061
2.742
3.994
3.158
1.66
3.502
3.547
3.998
3.281
3.965
1.644
2.776
2.12
1.907
2.851
3.883
3.261
2.874
2.075
1.97
3.221
2.706
1.81
3.025
3.161
1.597
2.826
3.386
2.058
3.932
3.683
2.552
1.62
3.609
2.324
3.009
3.549
2.021
2.555
1.646
3.031
2.877
3.018
3.536
3.234
3.61
3.23
3.229
3.143
3.484
2.243
2.996
3.089
1.916
2.865
2.383
2.685
3.64
2.413
2.71
2.678
3.0
2.722
3.193
2.141
2.021
1.645
2.693
3.882
3.447
2.659
2.734
2.321
2.117
1.85
2.31
3.968
3.408
2.956
1.853
2.804
3.37
3.216
3.858
2.092
1.646
3.692
2.234
2.926
2.306
2.273
3.183
3.757
2.453
2.347
1.679
3.646
3.142
1.621
2.365
1.55
3.35
1.645
3.894
3.214
3.924
3.619
3.224
2.655
1.608
3.106
1.747
3.272
2.13
2.177
1.831
2.833
3.529
1.523
2.478
2.005
2.981
3.63
3.639
3.787
3.243
2.434
1.666
3.376
3.564
2.657
3.689
3.239
1.954
3.873
2.617
3.678
3.128
2.455
3.335
3.721
3.491
1.756
3.086
3.7
2.052
1.804
2.863
3.468
1.712
3.262
3.139
2.987
1.839
3.72
2.136
3.532
3.988
2.037
3.429
3.326
3.17
2.366
1.588
1.578
3.238
1.525
2.915
3.182
3.191
3.532
2.314
2.942
2.471
2.686
2.858
2.825
2.43
3.545
1.757
2.266
2.101
2.355
1.674
2.182
1.858
3.027
3.885
2.158
3.758
2.628
2.939
2.185
2.631
1.987
3.054
1.745
3.625
3.97
1.933
3.822
1.69
3.666
1.964
3.753
3.33
2.532
3.567
3.667
2.697
2.343
3.675
2.966
3.93
2.53
2.372
1.622
1.874
1.956
3.059
3.19
3.036
2.566
3.839
3.094
3.075
1.9
2.675
2.248
3.161
2.078
3.022
3.37
2.783
2.714
1.895
3.28
3.98
2.885
2.463
3.199
2.906
3.583
2.76
3.637
2.864
2.651
2.549
2.025
2.801
2.344
2.046
1.671
2.873
2.182
1.541
2.035
2.332
3.485
2.127
1.7
1.825
2.104
1.55
3.139
2.324
3.796
3.645
3.994
2.292
2.556
2.202
3.96
1.745
3.707
1.949
2.278
2.45
2.6
3.922
3.886
3.662
3.427
2.559
3.632
3.327
2.513
2.06
1.964
3.752
3.766
2.22
3.408
3.537
3.659
2.458
2.594
1.883
2.174
2.696
3.338
3.017
3.83
2.962
2.651
3.667
1.627
3.901
1.727
3.159
2.64
1.609
3.961
3.679
3.582
2.311
2.981
1.727
3.434
1.964
3.922
3.191
3.606
1.774
1.667
3.547
2.629
2.457
1.616
3.43
2.034
3.064
3.129
3.973
2.763
3.74
3.19
1.555
2.412
3.393
1.868
3.738
3.183
2.484
2.751
3.799
1.643
3.693
2.273
3.623
3.94
1.66
3.797
3.252
2.099
3.576
3.186
3.326
3.535
1.816
2.947
2.359
2.947
2.563
3.052
1.778
3.818
1.902
3.163
1.533
2.866
3.099
2.081
2.344
3.8
3.497
1.753
1.612
3.206
2.122
1.911
2.335
3.798
2.011
3.856
2.167
3.803
3.834
3.416
2.865
2.745
1.82
3.008
2.001
3.873
3.939
1.574
2.274
3.389
2.983
1.886
3.625
1.793
3.66
1.705
2.679
3.182
2.42
1.702
3.197
1.984
3.49
3.261
2.158
3.22
3.528
3.333
2.476
3.609
1.93
3.303
2.666
1.567
3.547
2.942
1.892
2.226
2.829
2.206
3.197
2.933
1.545
1.854
1.777
2.5
3.518
2.603
3.336
1.816
2.489
3.319
3.447
2.295
2.168
2.819
2.609
2.602
3.614
2.177
3.897
3.682
3.681
2.148
2.316
3.388
1.515
3.94
3.562
2.315
1.749
3.33
3.89
3.401
3.146
3.506
3.243
3.721
2.278
3.401
3.382
2.349
2.578
2.986
2.366
2.723
1.951
2.685
3.471
3.87
1.675
3.829
2.314
3.004
1.756
3.247
1.839
3.917
3.107
3.422
3.5
2.385
3.25
2.155
3.636
1.958
1.81
1.532
2.932
3.479
2.081
2.652
3.025
1.91
2.937
2.75
2.22
2.431
2.397
3.92
2.386
2.377
2.629
3.754
3.478
2.481
2.192
3.383
1.702
3.026
2.701
3.931
2.31
3.36
1.863
2.26
2.886
2.573
3.889
3.382
2.659
2.218
3.058
2.617
2.049
2.345
1.64
3.843
1.685
1.998
3.719
2.379
1.586
3.267
3.074
1.613
3.355
3.035
1.863
2.792
2.845
2.07
3.88
3.357
2.26
3.035
4.0
1.537
3.92
3.048
2.977
2.606
1.78
3.767
2.845
2.637
2.972
2.406
2.645
2.861
3.41
1.987
3.376
2.563
3.097
1.64
1.765
1.944
1.783
2.776
2.941
2.946
2.564
3.25
2.237
3.351
2.618
1.749
3.778
2.338
3.443
1.669
2.299
1.682
2.561
3.299
3.331
2.464
3.297
3.199
3.623
2.673
3.327
1.58
3.672
1.517
2.982
1.962
2.581
2.353
1.79
2.794
3.53
2.824
3.085
1.922
3.409
3.362
2.109
1.942
1.927
3.637
3.167
1.801
2.321
2.808
3.556
1.588
3.905
2.212
2.182
2.805
2.933
3.646
2.256
3.299
2.827
2.19
2.362
2.082
2.442
3.97
3.171
3.698
1.808
3.211
2.466
3.825
2.517
1.596
3.216
1.903
2.888
2.789
3.565
3.51
2.055
2.718
3.575
3.213
2.028
3.795
1.943
2.093
1.754
3.513
2.392
1.583
2.421
1.573
1.519
1.662
3.599
2.744
2.059
2.544
2.385
2.814
3.516
2.939
2.76
2.557
3.545
3.813
1.671
3.986
2.321
1.664
1.573
3.202
1.519
1.64
1.808
1.607
1.824
2.73
3.509
2.305
2.433
1.887
1.666
3.08
3.38
1.85
2.89
2.047
3.746
3.662
3.178
1.68
1.815
3.922
3.383
3.222
3.482
2.056
3.368
2.41
1.725
3.415
2.173
2.281
3.686
3.98
3.041
2.722
3.196
2.089
2.168
3.795
1.936
2.56
2.276
3.876
1.507
2.635
2.169
2.272
2.579
2.665
2.545
2.68
1.698
2.463
2.669
1.773
3.504
3.543
2.106
2.612
3.48
2.898
1.731
2.694
1.552
2.941
2.884
3.625
1.588
3.513
3.59
1.556
1.783
3.479
3.461
2.995
1.526
2.756
3.209
1.726
3.637
1.641
1.977
1.743
3.123
2.963
3.395
3.321
2.929
1.788
2.509
2.915
3.243
2.145
3.259
3.539
3.481
3.572
1.745
1.617
2.497
1.557
3.931
2.598
3.24
3.874
1.601
2.009
3.16
2.818
2.929
2.682
3.42
2.609
3.814
1.75
2.519
2.682
2.693
2.062
2.303
2.27
2.527
3.498
3.913
2.398
1.785
1.898
3.657
3.509
3.111
3.509
3.812
3.464
3.259
2.956
3.254
2.249
3.134
1.771
3.607
2.43
1.6
2.419
2.399
3.167
2.853
3.319
2.63
2.371
1.897
3.366
3.937
2.066
3.115
3.646
2.106
1.547
3.98
1.566
3.844
3.493
3.571
1.665
2.94
3.746
1.643
2.68
2.419
3.934
3.625
1.939
1.842
3.841
3.515
1.652
1.968
1.712
3.485
3.751
1.913
3.546
1.799
3.536
2.956
3.055
3.997
3.537
2.389
2.934
2.227
2.951
2.269
3.708
3.188
2.981
3.007
3.737
2.793
3.088
3.626
2.595
2.199
3.29
2.994
2.494
3.433
2.049
2.909
3.788
2.717
2.157
3.05
3.354
3.035
3.264
2.539
2.044
2.758
3.901
2.409
2.763
1.636
1.729
3.694
2.829
3.418
1.944
2.316
1.912
2.671
2.202
1.928
3.796
2.548
3.389
2.614
1.879
3.662
3.628
2.993
1.607
3.616
1.78
1.852
2.413
1.517
1.951
2.455
1.763
2.686
3.307
2.863
3.351
3.123
1.891
2.321
3.698
1.879
3.593
3.309
3.32
2.286
3.899
1.575
3.129
1.79
3.486
3.119
2.256
3.992
2.722
1.693
3.165
3.958
3.045
2.433
3.516
3.456
3.57
1.541
2.57
2.591
3.581
2.394
2.212
2.359
3.993
3.399
2.795
3.329
3.525
1.512
1.646
2.366
3.452
3.883
2.801
2.316
3.949
2.247
3.941
3.887
3.733
3.872
3.152
2.805
3.128
2.114
2.673
2.108
2.825
3.502
2.708
3.743
2.115
2.047
2.571
3.997
3.939
3.74
2.979
1.984
3.063
3.898
2.627
1.839
2.85
2.317
2.193
1.621
1.69
3.453
2.026
2.401
1.687
2.208
1.95
2.394
2.054
1.783
3.644
1.854
3.185
3.638
1.835
3.705
1.511
2.734
1.613
3.851
2.304
2.924
2.105
2.439
2.71
3.906
2.03
1.796
2.303
2.995
2.856
3.256
1.997
3.214
2.417
3.612
1.637
3.018
3.972
2.095
3.655
2.997
1.514
3.813
3.72
2.479
2.017
1.927
3.161
3.174
2.942
2.028
3.041
1.528
1.8
2.924
1.592
2.81
1.723
2.118
3.333
3.5
2.073
2.633
2.511
1.54
2.251
3.541
3.32
3.408
3.804
3.932
2.853
2.632
3.189
1.657
3.109
3.0
1.653
2.791
3.286
1.532
2.844
3.712
3.316
2.434
2.651
1.873
2.66
3.803
2.94
2.372
1.762
2.393
2.298
3.386
3.265
3.575
3.914
3.783
1.504
2.384
3.156
2.847
1.646
3.368
3.472
1.926
2.709
1.527
1.76
2.633
3.723
3.82
3.568
3.049
3.916
2.829
2.169
2.442
3.077
3.896
1.929
3.502
3.333
3.939
2.929
3.04
3.885
2.369
3.598
3.07
2.231
2.37
2.15
1.963
2.725
3.902
3.898
2.135
2.789
1.585
3.175
3.633
2.69
3.35
2.641
2.31
2.883
2.138
2.362
1.913
2.625
1.668
2.567
1.734
3.196
2.294
2.374
2.554
2.454
3.27
1.701
2.06
2.826
2.596
1.625
3.857
1.939
1.575
2.336
2.851
3.267
2.687
2.128
3.579
3.657
3.913
1.799
3.501
1.799
2.414
1.671
2.159
2.533
2.451
1.907
2.827
3.642
2.572
1.706
2.989
1.583
3.892
2.372
3.221
1.808
1.76
1.665
2.253
3.359
2.83
2.501
2.903
2.504
2.492
3.459
2.536
1.506
2.538
3.938
3.565
3.533
1.537
1.641
2.266
1.863
3.084
3.159
3.401
1.774
3.986
3.023
3.803
3.09
3.899
1.853
1.559
3.952
3.169
2.806
1.888
3.131
1.862
3.442
1.534
2.464
1.907
2.792
3.922
2.382
3.538
2.785
3.776
3.298
3.19
2.532
3.287
1.902
2.025
1.522
3.146
2.617
3.815
1.642
2.929
2.924
2.375
2.076
3.769
3.994
1.897
3.078
3.589
3.705
3.383
1.861
1.521
3.267
3.566
3.14
2.131
3.255
3.621
3.227
1.722
2.622
2.703
3.835
3.377
1.974
3.116
2.827
2.364
1.715
3.805
3.355
2.471
3.384
3.131
3.555
3.822
3.522
3.968
2.61
2.186
3.645
2.834
2.363
2.644
3.46
2.048
2.417
1.916
3.828
3.751
3.915
2.182
2.878
3.253
3.514
3.3
1.756
2.954
1.7
3.338
3.551
2.323
2.725
3.953
2.885
2.925
2.568
1.571
3.655
3.983
2.842
3.042
2.964
1.927
3.097
3.946
2.345
1.57
3.855
3.845
3.248
2.452
2.37
3.789
3.044
3.296
3.389
2.193
3.498
3.925
3.564
2.435
2.421
3.701
3.942
2.335
3.372
1.772
2.436
1.92
3.821
3.229
1.615
2.863
3.365
3.41
3.204
3.108
2.257
3.217
2.433
3.029
3.368
2.056
2.63
2.674
2.34
2.058
2.376
1.511
1.64
2.52
2.19
1.624
1.912
2.682
1.805
3.651
2.628
1.84
3.963
3.213
2.772
2.424
3.739
2.135
3.836
2.997
3.074
1.746
3.069
2.27
3.311
3.135
2.225
2.876
3.336
2.288
2.883
3.935
1.618
3.338
2.812
1.509
2.911
2.959
2.166
3.708
1.961
3.464
3.014
1.912
2.819
3.816
3.801
2.811
3.978
2.38
3.765
3.932
2.989
3.648
2.422
2.892
2.442
3.752
3.267
1.764
1.697
2.916
3.29
3.578
2.894
2.984
1.591
3.889
2.698
3.98
1.795
1.618
3.762
3.002
2.396
1.884
2.199
2.339
3.143
3.001
1.758
2.684
2.141
2.47
2.177
3.008
2.911
1.971
2.945
3.649
1.816
2.667
2.901
2.773
2.985
2.988
2.231
2.08
3.879
3.307
2.093
1.652
2.794
3.064
3.078
3.426
3.61
2.256
1.921
3.478
2.343
3.863
2.431
3.266
3.849
3.328
1.933
2.843
2.752
1.903
1.687
3.213
3.087
2.891
2.094
2.632
1.718
1.966
3.007
3.727
2.638
2.07
2.448
2.938
1.92
2.321
3.082
3.326
2.65
2.802
3.246
1.673
1.815
2.299
2.932
3.094
1.794
1.849
3.389
2.504
2.312
3.699
3.843
2.148
2.899
3.217
3.021
2.648
3.002
2.082
1.928
1.636
3.43
2.396
3.284
3.914
2.213
3.97
2.228
2.751
2.423
2.102
3.461
1.937
1.869
3.541
2.222
3.865
3.848
3.143
3.643
3.956
1.777
2.949
1.547
2.568
3.869
1.89
3.276
2.933
2.266
3.09
1.806
2.925
1.878
3.997
1.955
1.732
1.837
1.972
3.353
3.968
2.983
3.496
2.276
1.667
3.3
2.532
3.143
1.798
2.454
2.348
2.955
2.435
2.359
3.43
3.983
2.541
3.213
1.691
2.671
2.867
3.651
3.829
2.764
1.843
1.65
3.578
2.412
3.029
2.101
2.156
3.45
2.617
2.412
2.102
3.486
1.657
2.715
2.767
2.555
3.334
3.565
3.386
2.607
2.873
1.51
3.214
2.843
2.262
3.256
3.664
1.504
1.599
1.91
3.899
3.681
1.632
2.785
2.959
3.098
2.521
3.266
3.029
2.761
2.876
3.726
3.337
1.769
1.849
1.737
2.517
3.008
3.212
1.904
3.904
1.531
1.837
2.914
1.673
3.716
2.735
3.495
2.54
3.049
2.667
3.01
3.574
3.722
3.739
3.102
2.59
2.171
2.589
2.543
2.658
3.215
3.639
3.189
2.703
3.194
3.663
3.588
1.815
3.791
1.726
3.337
2.465
3.538
1.912
1.878
3.686
2.365
1.674
2.508
2.535
1.821
1.844
2.424
2.964
1.843
2.01
1.979
1.938
1.541
1.695
3.144
3.68
2.929
1.946
1.694
3.183
2.603
3.017
2.214
2.249
2.211
2.556
1.776
2.839
3.755
2.075
3.285
1.666
2.442
3.699
2.837
2.911
1.713
1.822
2.731
3.752
2.404
2.513
2.009
1.642
1.696
1.586
1.537
3.481
1.572
1.667
3.066
3.556
3.526
2.568
2.607
2.595
3.976
1.595
3.048
3.561
3.628
3.696
2.955
3.698
3.126
1.854
3.864
2.696
3.534
3.236
2.755
1.818
3.759
2.417
2.787
1.674
1.961
1.923
1.951
1.923
2.446
2.596
3.729
2.044
1.685
1.508
3.22
2.278
3.503
1.555
3.969
2.675
3.596
2.601
3.666
3.125
3.767
1.621
2.238
2.47
2.752
1.874
1.902
2.544
1.538
3.46
2.875
2.129
1.895
3.929
3.643
3.424
2.927
1.691
Error de lectura!!!
3.777
1.925
3.883
1.731
3.377
3.774
3.527
2.752
2.708
2.734
2.528
2.788
3.107
3.066
3.099
2.38
2.256
3.766
2.02
2.445
3.718
3.116
2.537
1.983
2.597
3.295
1.901
2.762
3.164
3.341
3.115
3.727
2.699
2.322
3.663
3.58
2.566
2.242
3.855
2.852
2.58
1.912
2.466
3.757
2.822
1.806
2.3
3.363
3.093
2.45
1.994
3.647
3.506
3.86
2.246
3.098
1.772
1.516
3.469
2.327
3.711
2.68
2.872
2.763
2.994
2.234
1.56
2.363
2.129
3.531
3.167
2.83
3.666
2.827
3.796
3.556
2.313
3.792
2.169
2.435
2.88
3.945
3.598
2.248
3.792
3.032
2.684
2.084
2.03
3.572
1.809
2.172
3.922
1.843
3.032
2.042
2.994
1.997
2.546
3.418
3.465
3.671
2.51
3.068
3.807
1.87
3.831
3.675
2.195
1.559
3.14
3.364
3.754
1.748
3.17
1.552
2.157
3.297
1.707
2.859
3.554
3.966
3.748
1.74
3.805
3.731
1.575
3.437
3.138
2.444
1.552
3.731
2.646
3.629
2.72
1.594
1.878
3.396
2.388
2.133
3.759
3.099
3.278
3.327
3.919
3.235
1.602
3.688
3.784
3.044
2.466
1.537
3.943
3.432
2.368
1.751
3.708
2.52
1.853
1.729
2.857
3.191
2.425
1.568
1.969
2.79
2.282
3.567
2.452
2.521
3.31
1.774
2.483
1.629
1.558
3.113
3.105
2.688
1.813
3.466
3.149
2.518
1.633
3.385
2.95
3.341
3.262
3.568
2.81
2.314
2.85
2.33
3.673
2.887
1.833
3.983
2.921
2.187
3.136
3.663
2.392
1.624
3.416
1.651
1.637
3.864
2.058
3.649
2.255
3.227
3.637
3.321
3.072
1.658
3.952
2.598
3.891
3.994
1.855
2.617
3.306
2.331
1.655
3.319
3.439
3.524
2.742
3.344
2.943
2.675
1.667
3.833
3.283
2.87
2.447
1.915
2.555
3.585
2.963
2.639
3.981
3.512
2.905
3.951
1.641
2.623
3.559
3.425
2.973
3.513
3.672
2.271
2.016
3.68
3.288
3.923
3.695
2.874
1.537
2.031
3.482
3.442
2.327
3.012
2.388
2.114
3.958
1.696
1.908
3.475
3.273
3.362
2.995
2.839
1.909
2.732
1.652
2.29
2.046
1.517
3.006
2.545
3.448
3.849
1.838
2.966
3.689
3.628
3.736
1.624
3.172
1.981
3.936
3.3
1.966
2.709
3.731
1.868
2.611
2.684
3.878
2.176
2.977
1.566
1.517
3.424
3.945
2.85
3.196
1.945
2.729
2.182
3.421
3.192
2.553
2.518
1.633
2.917
1.81
3.39
3.417
2.355
3.476
3.103
3.571
2.864
2.14
3.782
2.764
2.851
3.473
2.643
3.364
3.715
2.157
2.962
1.854
3.99
2.411
1.994
3.551
2.627
2.927
3.39
2.067
3.299
2.218
1.903
3.013
2.009
2.298
3.965
1.658
1.848
2.636
2.602
3.274
3.201
3.593
2.909
3.067
3.349
2.986
1.886
2.529
3.954
2.057
2.28
2.141
2.043
1.508
3.43
2.894
1.818
2.742
2.695
2.171
1.85
1.611
2.646
3.124
3.375
3.394
2.472
3.44
3.305
2.765
3.723
1.779
3.494
3.14
2.243
3.622
2.894
1.762
3.039
3.182
1.898
3.838
3.142
3.36
2.414
1.885
1.69
3.743
3.23
2.347
1.621
1.596
2.366
3.162
3.492
3.493
3.508
2.686
1.677
1.922
2.354
3.69
2.269
1.657
2.842
2.025
2.739
2.253
3.76
3.474
3.147
2.013
2.903
2.277
2.373
3.428
3.496
2.195
2.073
1.709
3.305
1.681
1.621
2.472
3.348
3.633
1.562
3.092
2.944
2.032
2.83
2.901
2.411
3.999
3.736
2.131
1.903
3.486
3.517
2.773
2.695
1.669
3.739
2.472
2.769
3.281
3.768
1.792
3.956
1.78
3.25
3.956
2.239
3.582
3.252
2.307
3.842
1.927
2.688
3.801
2.734
3.72
2.601
2.658
2.142
3.762
2.381
2.09
2.763
2.435
2.727
3.416
1.674
3.005
3.013
2.402
1.745
3.956
2.134
3.095
3.273
1.894
3.182
1.886
3.337
1.919
3.273
2.281
2.563
3.524
3.303
3.891
2.543
3.215
1.715
1.612
2.796
3.881
3.152
3.47
2.112
1.982
2.528
2.78
1.705
2.628
3.167
2.014
1.833
2.111
3.435
3.509
2.246
3.638
3.777
3.967
3.723
3.539
3.673
1.675
2.459
3.741
3.262
3.894
2.582
3.268
2.648
1.991
3.754
2.432
3.889
2.48
2.13
3.034
2.924
2.228
2.239
3.74
1.929
2.059
2.645
1.81
1.841
3.333
3.812
3.862
3.713
3.792
2.722
2.552
2.247
1.71
1.5
2.522
2.04
1.536
3.23
1.66
2.103
3.525
3.554
1.639
2.185
1.562
3.977
3.871
1.568
2.301
3.407
3.136
2.837
3.587
2.31
2.266
1.637
1.834
3.537
3.39
3.307
3.305
1.754
2.208
2.755
3.843
3.132
1.568
2.22
3.551
3.487
2.452
2.26
2.024
3.706
2.209
2.816
2.352
1.779
3.827
2.977
3.148
3.835
3.816
3.174
2.854
2.718
2.166
3.61
3.26
3.324
3.622
3.837
1.707
3.64
3.416
3.195
3.606
1.682
3.826
3.658
1.715
2.997
2.103
2.152
2.389
2.082
2.329
1.684
3.653
3.512
2.834
3.441
3.659
2.618
2.541
2.535
3.004
2.084
3.024
3.023
2.862
3.248
3.746
2.484
2.121
3.264
3.272
2.798
2.21
1.949
1.766
3.207
2.578
2.244
2.985
2.819
3.756
1.862
2.927
2.14
2.838
3.195
2.317
2.066
3.995
3.552
2.124
3.02
2.247
1.887
2.668
2.717
2.041
1.603
1.996
3.911
2.931
1.794
3.321
2.936
2.727
3.6
1.777
3.902
3.326
1.991
1.6
1.864
2.862
3.305
1.604
2.802
2.759
2.338
2.207
3.556
3.121
2.547
2.301
2.714
1.946
2.646
3.758
2.424
3.423
2.261
2.271
3.267
2.645
3.514
2.693
2.755
2.252
2.114
2.055
2.457
2.935
3.385
3.887
2.045
1.723
3.924
3.337
1.94
3.427
3.314
3.6
3.118
1.556
1.623
2.063
3.934
1.753
2.662
3.446
3.381
1.596
3.274
3.549
3.088
1.634
3.539
3.18
3.189
2.46
1.83
3.579
3.487
1.907
2.963
2.378
3.135
1.794
1.69
1.96
2.9
2.546
2.665
3.843
3.49
3.747
3.833
3.831
3.419
3.385
2.54
2.409
3.632
2.743
3.591
3.447
3.481
3.087
2.873
1.781
3.921
3.802
3.917
1.702
2.189
3.744
2.075
2.898
3.052
1.711
3.027
1.608
3.126
2.602
2.624
1.72
3.201
3.09
2.276
2.265
2.118
3.087
3.273
2.069
1.81
2.72
2.987
3.588
3.783
3.421
3.502
1.819
3.912
3.008
1.561
2.197
2.305
2.28
2.741
1.669
2.951
2.859
2.292
2.488
3.256
2.594
2.8
3.431
3.095
3.59
3.557
2.155
2.105
2.396
1.857
2.619
2.862
2.031
3.844
3.847
2.436
1.916
1.808
3.377
3.035
2.278
1.906
2.418
2.958
3.327
2.794
1.969
2.774
3.894
2.381
1.921
1.643
2.543
2.591
3.372
3.481
2.276
2.739
2.267
3.576
1.796
3.81
3.718
2.218
3.393
3.048
2.921
3.901
2.003
3.722
2.639
2.925
3.573
3.645
2.096
1.689
3.19
3.323
3.54
2.41
3.179
2.731
3.646
3.534
1.811
2.426
1.938
1.933
3.385
2.443
1.639
2.046
3.776
3.012
3.055
1.712
2.359
3.997
1.764
2.687
2.303
2.915
2.013
2.044
2.909
2.168
3.107
1.724
2.036
2.41
1.803
3.011
2.063
3.104
3.597
3.037
1.987
3.79
1.897
2.906
1.735
2.187
1.832
1.946
1.81
3.014
2.364
3.907
3.372
2.556
2.498
2.232
2.98
2.576
3.072
1.748
1.9
2.531
2.766
3.265
2.233
2.086
3.498
3.652
3.859
2.153
1.849
2.482
2.106
2.444
3.403
3.743
3.364
2.589
3.371
3.784
3.241
2.072
3.084
3.042
3.281
2.513
3.667
2.697
1.763
3.826
1.713
2.81
2.22
2.766
3.109
3.118
2.887
3.897
3.187
3.278
1.901
3.814
2.916
3.941
2.889
1.782
1.596
1.962
1.523
3.154
3.345
2.529
2.975
3.816
1.63
1.867
3.244
3.722
3.11
2.49
3.845
3.413
2.008
2.258
2.5
2.479
2.571
3.154
1.645
3.495
3.516
1.772
3.963
1.519
1.636
3.676
2.569
3.993
2.765
3.74
3.331
3.3
1.724
3.782
3.154
2.371
3.527
3.594
3.028
3.156
3.96
1.946
2.585
2.505
3.334
3.524
2.261
3.77
2.358
2.923
3.16
3.991
2.424
2.917
3.789
3.263
3.146
3.245
3.72
3.282
3.713
2.598
2.3
3.756
3.528
3.327
2.454
1.7
1.501
2.129
3.595
1.842
2.114
3.571
2.581
1.612
3.031
3.892
2.714
3.86
3.233
2.229
1.615
2.638
3.261
2.229
3.064
3.56
2.752
2.634
1.901
3.047
1.55
2.396
2.694
3.068
3.089
2.883
1.56
1.599
2.629
1.759
2.0
2.658
1.694
3.66
3.321
3.436
2.532
3.102
2.686
1.966
3.498
3.85
2.547
1.562
2.043
2.738
3.584
1.919
3.275
2.558
3.478
3.684
3.838
3.864
3.068
3.511
1.779
3.314
2.408
3.634
2.036
2.716
2.061
2.708
2.556
2.283
3.617
1.881
3.028
1.668
1.769
3.47
3.276
3.274
1.987
1.54
3.236
2.915
2.76
3.618
2.61
3.461
3.157
3.083
2.908
2.218
2.933
2.937
2.656
2.47
2.541
2.61
2.978
3.634
3.924
3.691
2.027
2.446
1.926
2.468
1.648
3.365
3.211
2.662
3.668
1.676
2.367
1.654
2.649
3.069
3.595
3.032
3.654
2.639
1.741
1.979
3.143
2.473
1.875
1.751
3.523
2.892
2.877
3.603
2.416
2.417
2.167
2.964
3.712
3.382
2.472
3.096
3.96
3.035
2.842
3.352
3.182
3.015
1.77
1.979
2.235
1.898
2.347
1.696
2.075
3.447
3.038
2.253
2.488
1.911
2.393
3.075
1.732
3.86
1.67
2.182
2.646
3.333
3.057
3.145
2.087
1.809
3.18
3.361
2.653
2.292
3.453
3.693
3.205
2.396
2.486
3.24
1.616
3.679
2.084
3.669
2.284
2.99
2.265
1.758
2.138
3.244
2.507
3.588
2.983
2.688
3.194
2.271
1.967
3.908
3.346
2.668
1.93
2.59
3.202
2.807
2.337
3.115
3.845
1.742
3.038
3.829
2.508
3.576
2.964
2.915
2.937
1.699
3.525
2.358
2.27
1.772
2.003
1.725
2.345
2.802
1.823
3.683
3.67
3.147
3.446
3.94
1.666
3.861
2.909
1.588
3.859
3.763
3.706
2.839
3.39
3.098
3.237
3.011
2.543
1.887
2.654
2.841
2.957
3.357
3.869
2.698
3.166
2.585
3.603
3.444
3.811
2.573
3.408
3.647
1.747
1.699
1.789
3.29
1.823
2.357
3.893
2.073
3.351
1.565
3.578
3.719
3.609
3.688
1.887
2.435
1.53
2.769
2.855
1.706
2.527
1.536
2.371
2.471
3.174
2.319
2.13
3.404
3.238
2.881
2.326
2.37
3.643
2.332
3.59
2.592
2.092
3.18
3.32
1.886
2.014
1.783
2.546
2.226
1.806
3.175
2.379
2.812
3.491
2.222
2.524
1.884
3.027
3.954
2.01
1.873
3.658
3.889
3.686
2.063
2.877
2.11
1.694
2.344
2.094
2.188
3.672
3.423
1.857
3.346
3.046
3.983
2.536
3.085
1.974
3.086
3.171
2.198
2.217
2.841
1.505
2.998
3.246
3.255
2.466
3.211
2.631
3.72
2.037
1.591
1.532
2.179
1.877
3.258
2.607
3.932
2.664
3.625
2.028
3.118
3.245
2.957
2.174
1.837
3.447
2.069
2.985
1.842
2.935
2.399
1.923
2.498
2.772
2.122
3.296
3.854
1.566
3.532
2.572
3.048
3.77
3.356
3.41
2.582
3.73
2.697
2.298
3.69
3.971
1.581
3.208
3.398
2.348
3.83
1.588
1.6
2.797
3.997
3.324
3.375
3.675
2.86
2.879
1.993
2.983
2.937
1.823
2.961
2.383
3.509
3.626
2.608
1.738
2.936
3.156
3.755
2.266
2.518
3.623
1.703
3.483
1.551
1.719
3.02
2.443
3.573
2.711
3.365
2.618
1.689
2.288
1.927
2.619
3.642
3.167
3.373
2.779
3.685
1.541
2.184
2.998
2.245
1.563
3.12
3.584
1.838
2.465
3.673
1.623
2.494
3.608
1.946
2.636
2.868
2.111
3.903
1.93
1.947
2.153
3.433
2.982
3.083
3.928
2.758
3.38
2.682
2.992
1.695
2.307
3.132
3.801
1.838
3.411
3.445
3.066
2.389
3.659
3.29
2.261
1.624
2.037
1.831
1.645
3.026
3.903
3.509
1.655
2.232
2.272
2.133
3.481
3.176
2.247
3.822
1.781
2.186
2.849
2.427
2.99
2.113
2.538
3.598
3.885
3.961
3.948
3.162
2.894
1.733
1.551
3.771
2.757
3.487
2.084
2.1
3.493
1.518
1.596
2.021
3.019
2.511
3.306
3.036
1.759
1.625
1.765
3.071
3.852
2.137
1.873
1.627
3.767
2.063
1.616
2.342
3.566
3.745
2.268
3.36
2.731
1.797
2.011
3.108
3.08
2.391
3.332
3.205
3.183
3.104
1.555
2.579
3.327
3.369
2.979
1.676
2.668
2.37
3.188
3.015
3.385
1.884
3.44
3.888
2.396
3.51
3.819
1.728
2.253
2.572
3.855
3.034
2.97
3.966
2.288
3.853
2.097
2.853
3.435
2.628
2.532
2.518
2.518
3.511
2.586
1.973
1.863
2.054
2.706
1.907
1.92
1.967
3.025
2.936
3.406
3.806
3.815
3.932
3.506
3.626
1.637
3.23
3.549
1.769
2.462
2.04
Error de lectura!!!
1.987
3.424
3.605
3.563
2.972
3.741
3.882
3.492
3.994
2.611
2.018
2.974
1.816
2.693
2.049
2.009
1.552
3.726
3.7
3.497
2.655
2.876
2.11
3.664
3.748
2.518
3.377
2.157
2.006
3.146
1.938
2.138
2.432
2.438
3.499
3.562
3.25
1.601
1.583
2.57
3.803
3.451
1.549
2.143
1.958
2.527
2.402
3.665
2.535
3.473
2.936
1.791
3.343
1.577
2.357
3.755
2.746
1.887
1.5
2.918
1.534
2.253
2.044
1.771
3.913
3.6
3.713
3.792
3.633
2.978
3.661
2.059
3.36
2.042
3.791
2.365
3.433
2.807
3.225
3.553
3.845
2.031
3.168
1.81
2.117
1.969
1.915
1.778
3.276
3.294
3.861
2.647
3.08
1.518
2.836
2.45
1.994
3.073
2.815
2.243
3.056
2.935
1.542
3.811
3.52
2.347
1.552
2.751
3.126
3.704
3.044
3.218
3.94
3.338
3.834
1.554
2.269
3.556
3.919
3.375
2.476
1.74
3.036
3.362
2.252
1.847
3.512
2.831
2.083
1.778
3.002
3.231
3.967
1.997
2.914
2.181
2.859
2.303
2.255
3.464
3.891
2.877
3.02
1.955
3.422
3.332
3.959
2.022
1.599
3.565
3.952
3.532
3.424
1.915
3.284
2.922
3.428
3.659
2.945
3.763
1.847
2.07
3.358
1.63
2.054
3.301
2.095
1.801
3.778
1.968
2.803
2.434
1.848
1.933
2.789
3.183
2.941
3.162
1.994
3.247
3.093
3.352
2.112
2.857
3.42
2.706
3.821
2.152
2.146
1.903
3.035
2.775
2.025
2.119
2.818
3.135
3.603
3.801
3.612
2.798
1.938
3.946
1.574
1.882
3.958
1.769
1.851
1.713
3.696
2.117
2.761
2.798
3.972
3.911
3.992
3.196
2.235
1.546
3.829
3.093
3.96
3.716
3.629
3.629
1.521
2.742
3.557
3.184
2.631
3.818
1.918
3.947
3.681
1.806
1.912
2.587
2.965
2.04
2.173
3.645
1.626
2.282
3.792
3.399
1.743
3.439
3.438
2.541
3.971
1.896
3.631
3.893
1.544
2.258
2.946
3.382
2.459
2.18
2.804
3.555
2.771
1.74
1.949
1.832
2.013
2.671
3.236
3.34
3.966
2.249
1.522
3.399
1.752
1.609
3.208
3.555
1.667
2.761
3.139
3.08
2.794
3.447
2.205
3.479
1.516
2.905
3.314
1.698
2.351
2.001
3.529
2.41
3.691
2.194
3.039
1.935
1.522
3.933
3.488
2.052
1.921
3.159
1.804
2.246
1.602
1.881
2.832
2.872
1.943
1.745
2.784
1.968
2.724
3.518
1.566
2.439
2.189
1.954
1.895
3.067
2.316
3.05
2.085
3.403
1.524
2.698
2.051
2.989
2.851
2.359
1.605
2.531
2.9
2.22
3.32
3.838
3.958
3.451
3.617
2.58
2.18
3.096
3.642
1.891
3.378
2.215
1.758
3.788
3.434
1.923
3.219
3.138
1.979
2.421
2.169
2.651
3.122
3.596
3.348
2.32
2.265
1.741
2.197
2.232
2.792
1.965
2.899
1.74
2.272
2.938
2.746
3.432
2.483
1.903
3.908
1.667
3.152
2.671
3.685
3.001
2.993
3.011
2.881
2.493
3.344
3.368
2.929
3.76
1.565
2.758
2.613
2.031
3.981
2.904
2.277
1.865
3.923
2.244
3.054
3.618
3.892
3.814
2.846
3.67
2.546
2.25
2.024
3.347
1.548
3.118
2.288
2.382
1.992
3.21
1.974
3.164
3.982
3.166
1.738
2.638
1.944
1.82
2.363
2.899
3.319
2.527
3.596
3.738
2.863
2.577
1.932
2.877
1.67
2.955
2.569
3.215
1.59
1.779
2.527
1.911
3.769
2.384
1.712
1.677
2.07
2.077
2.984
1.751
3.413
1.585
3.466
1.983
1.509
2.286
3.753
3.08
2.313
2.639
1.56
3.659
2.603
2.483
2.051
2.577
2.672
2.024
2.24
3.968
1.568
2.31
3.425
3.512
2.941
3.134
2.285
3.179
2.381
3.685
3.957
3.138
3.088
3.452
3.784
1.633
3.579
3.68
3.525
2.324
1.985
2.159
2.816
2.53
2.548
2.629
3.833
1.912
2.073
1.612
3.86
3.299
3.503
3.228
3.167
1.887
2.513
2.827
3.297
2.84
1.673
1.866
3.489
2.255
3.948
3.141
2.68
2.822
2.339
2.591
2.206
2.638
3.112
3.591
3.692
3.356
3.055
3.922
1.958
2.5
2.97
3.103
3.147
3.831
3.046
1.562
3.542
3.853
2.278
3.9
1.88
2.263
2.171
2.098
2.39
1.697
1.755
3.821
3.737
3.908
2.82
2.517
3.543
2.077
3.561
3.131
3.617
3.273
2.62
3.957
2.708
3.151
3.974
2.579
1.585
3.328
2.237
1.502
1.986
3.943
3.81
2.188
2.311
3.982
3.192
3.582
2.361
1.842
3.122
1.799
2.58
1.747
2.025
1.814
1.602
3.907
3.985
3.309
3.819
2.903
2.075
2.534
2.036
2.696
2.106
3.705
3.484
3.138
2.408
3.214
1.97
1.782
2.967
3.011
2.952
2.079
2.246
2.695
3.213
2.495
2.758
1.64
2.252
3.744
2.247
2.565
2.084
1.964
3.679
1.844
3.702
3.987
1.925
3.305
1.966
3.838
3.47
3.588
3.445
2.726
1.717
2.258
2.638
1.852
3.807
2.884
3.261
2.37
3.79
2.922
3.399
3.962
2.096
3.693
3.517
3.441
1.766
2.501
2.953
1.661
1.985
3.836
3.218
1.863
3.904
2.115
3.116
1.948
3.805
1.722
3.398
3.696
1.686
3.366
1.656
3.194
2.378
2.495
3.503
2.503
1.619
3.991
3.138
3.661
3.396
3.969
3.448
2.708
3.014
3.936
2.112
2.595
3.092
1.93
3.98
3.889
2.481
1.513
3.411
2.934
3.42
1.837
3.468
1.58
3.084
3.249
3.327
3.155
3.08
2.411
1.675
2.081
3.426
2.813
1.585
3.329
2.02
1.536
3.481
1.886
2.268
3.656
2.582
2.802
3.048
2.8
2.293
2.122
3.753
1.903
3.745
1.586
2.133
2.02
1.579
3.683
1.832
1.857
3.934
3.084
3.965
1.805
3.715
3.752
3.142
2.933
1.764
2.986
1.527
1.568
2.552
2.247
2.471
3.271
2.413
3.19
2.511
2.084
3.757
2.723
3.332
3.906
2.644
3.956
3.835
2.419
3.123
1.884
1.769
3.568
3.144
3.267
2.292
2.437
3.386
3.317
1.888
3.537
1.678
1.614
3.933
2.075
2.234
3.264
1.889
2.375
3.585
2.146
2.85
2.858
2.562
3.385
3.432
3.645
2.314
3.576
1.627
2.14
1.609
2.918
3.172
2.286
3.078
2.964
2.779
3.194
2.059
2.781
2.736
3.8
3.937
2.119
3.563
1.762
1.93
2.743
3.237
2.314
3.257
3.161
2.805
2.082
2.4
3.934
3.332
3.912
3.124
1.9
2.784
3.587
3.913
1.536
1.789
2.063
2.1
1.68
3.071
3.794
2.427
3.942
2.222
2.252
2.433
2.703
3.117
1.627
2.238
3.775
3.36
2.324
2.484
1.882
3.901
3.648
1.984
2.252
3.783
1.927
3.312
2.725
3.429
1.561
1.841
3.888
3.281
2.327
2.288
2.032
1.718
3.552
3.807
1.617
2.611
2.916
3.446
3.276
2.667
1.853
1.819
1.665
3.679
1.676
2.272
2.109
2.866
2.334
2.325
3.721
1.682
3.335
2.657
1.56
2.642
2.877
3.446
3.19
1.759
3.988
2.841
3.041
3.43
2.059
2.406
2.582
3.533
3.123
2.934
2.174
1.828
3.576
1.735
2.978
3.595
2.108
2.972
1.743
1.788
3.61
2.756
1.87
3.946
3.869
2.881
1.946
3.259
2.75
1.828
3.53
2.4
3.164
3.07
3.269
2.337
2.193
1.804
3.897
3.396
3.948
3.66
3.741
3.629
2.368
3.113
3.912
3.522
2.298
3.911
3.77
3.469
1.979
3.046
1.758
2.862
2.727
3.395
3.804
3.958
2.215
1.542
2.944
3.394
1.14
1.636
2.746
3.138
3.336
3.437
1.523
2.143
2.706
3.26
2.87
2.754
1.893
2.842
2.106
2.157
3.687
1.608
3.047
3.258
2.227
3.611
3.33
3.04
2.865
2.594
3.436
3.778
2.624
3.628
1.504
3.673
3.79
3.19
3.573
2.576
3.177
1.548
3.982
2.428
2.679
2.842
2.368
3.184
3.689
3.178
2.946
2.104
1.774
1.615
3.343
1.697
1.656
2.848
3.878
2.125
3.114
3.242
2.083
1.744
1.72
3.891
3.55
3.031
2.937
2.083
2.445
2.644
1.591
2.712
2.267
3.171
1.986
3.741
1.908
2.437
3.547
2.379
3.779
2.449
2.651
2.948
3.262
3.312
2.371
2.775
1.989
3.84
3.456
3.408
3.91
3.893
3.123
2.682
2.126
2.257
3.444
2.806
3.33
2.215
3.134
2.885
2.236
3.546
2.959
2.151
1.791
3.762
3.345
3.564
3.036
3.226
3.833
3.613
3.867
3.25
2.991
3.173
3.259
2.107
2.256
1.527
3.781
2.999
2.424
2.118
3.868
3.605
3.641
2.359
2.503
1.51
2.51
3.977
2.289
3.617
3.085
2.189
2.707
2.307
2.682
2.736
2.521
2.948
2.766
3.603
2.109
3.544
2.816
3.919
3.61
3.311
1.818
1.59
1.58
1.985
3.849
2.228
2.085
3.604
3.001
2.821
3.91
3.523
3.256
3.09
3.733
1.895
2.341
1.827
2.805
1.673
1.628
1.689
3.722
3.004
3.692
3.365
3.761
2.29
1.576
2.883
2.794
2.083
1.575
3.308
3.129
1.785
3.665
2.01
2.786
1.553
3.729
2.1
2.773
2.523
2.095
2.532
2.071
2.68
3.494
1.854
3.332
2.828
2.446
2.328
3.97
2.709
2.703
2.311
1.632
3.639
2.988
1.553
1.898
3.243
3.009
3.534
2.506
3.294
2.919
1.702
3.8
1.795
3.87
3.067
3.408
3.744
3.882
2.08
3.45
2.153
1.522
2.987
2.556
3.019
1.93
1.769
2.037
1.748
2.307
3.514
3.449
2.389
3.294
3.303
2.475
3.937
3.215
1.793
3.929
1.805
3.538
2.918
2.703
2.277
3.346
2.558
2.647
3.81
3.028
2.946
1.622
3.699
3.799
1.595
3.611
2.39
3.131
3.636
3.02
3.909
3.759
3.192
2.6
2.95
3.871
3.632
1.883
3.698
2.87
3.043
3.711
2.829
2.402
2.232
2.162
2.199
2.171
2.738
3.42
2.834
2.484
3.122
3.753
3.292
3.526
2.093
1.503
3.452
3.059
3.426
3.005
3.486
3.835
3.319
2.354
2.387
3.172
3.135
3.064
2.114
1.839
2.117
2.165
3.117
2.341
2.505
2.376
2.62
2.94
3.026
3.325
3.78
2.41
2.777
3.193
3.701
3.334
2.424
1.99
3.429
3.421
1.517
2.228
2.702
1.516
3.099
2.301
2.23
3.08
3.548
3.243
1.803
1.985
3.462
3.852
3.911
3.133
3.114
1.911
2.951
2.727
1.675
3.314
1.973
2.27
2.202
2.319
3.816
2.084
1.678
2.685
1.96
3.605
3.692
3.08
2.862
3.283
2.642
2.881
3.471
3.633
3.631
3.432
3.785
3.499
3.194
1.684
2.282
3.316
2.075
1.637
1.997
2.946
2.309
2.18
2.008
1.726
2.598
2.617
2.488
1.74
3.183
3.65
1.898
3.467
2.369
3.357
3.694
2.581
3.665
2.982
3.28
3.667
3.036
2.819
2.669
3.833
2.666
2.117
3.222
2.528
3.44
2.776
3.555
1.868
2.072
2.658
3.069
2.451
3.285
1.628
3.466
3.234
3.89
1.522
3.756
2.203
1.739
3.967
1.533
3.81
2.163
2.625
3.752
3.814
3.733
2.601
3.429
3.825
2.936
2.473
1.5
3.459
1.977
3.607
3.043
1.888
3.204
1.652
2.508
3.071
2.731
3.972
2.655
2.946
1.828
1.743
2.669
1.804
2.135
1.948
3.974
3.154
2.431
1.581
1.737
1.991
3.442
2.897
2.917
2.739
2.45
3.118
3.785
3.448
3.439
3.807
2.602
2.195
2.325
2.474
2.249
3.322
3.284
1.935
1.675
2.069
2.734
2.6
1.612
3.423
3.471
2.892
2.645
2.127
3.191
Error de lectura!!!
3.629
2.162
3.371
2.576
1.985
2.403
3.338
2.849
2.52
3.136
3.629
1.891
3.015
3.31
1.953
2.743
2.756
2.186
3.344
1.661
3.329
2.513
3.531
1.74
3.664
3.154
2.405
3.647
2.708
2.769
1.998
3.767
3.698
1.636
1.899
1.714
2.842
3.147
3.274
2.767
2.98
1.518
1.908
3.901
1.645
2.079
2.325
2.466
2.413
2.942
1.99
3.764
1.734
2.322
2.231
3.454
1.77
3.003
1.864
3.658
3.689
1.662
1.673
1.522
1.77
3.714
2.794
3.222
2.534
3.341
3.628
1.576
3.029
3.478
2.901
2.868
2.708
2.691
1.826
1.955
2.276
2.57
2.209
3.765
3.146
2.997
1.825
1.795
3.987
2.858
3.619
2.655
1.556
3.878
3.558
2.931
1.743
2.163
2.002
3.61
2.63
3.483
2.167
1.737
2.593
1.928
3.282
3.857
3.816
2.903
2.111
2.344
3.966
3.669
3.131
3.166
3.576
1.932
3.693
2.265
2.031
3.166
3.558
2.458
2.634
1.64
3.829
2.847
3.029
2.96
2.453
2.938
3.976
3.069
3.323
3.262
3.353
2.624
3.594
2.614
3.426
2.33
2.528
3.471
3.692
3.262
2.915
2.925
3.394
2.034
2.046
3.008
2.797
2.461
2.245
3.187
3.523
2.217
3.616
3.809
2.611
3.704
3.806
3.442
2.626
1.978
1.77
3.505
1.886
2.166
1.518
2.056
2.187
2.502
2.937
1.775
3.403
2.466
1.603
2.577
3.197
3.707
1.811
3.026
2.7
3.639
3.804
1.779
3.018
2.945
2.703
2.813
3.643
2.459
1.633
2.609
1.503
2.502
2.651
2.43
1.617
2.845
2.631
2.672
1.626
2.696
1.91
2.556
3.882
3.846
2.593
3.306
2.066
3.652
3.514
3.364
3.404
2.751
1.748
3.761
1.647
2.186
3.89
2.571
2.735
3.734
2.445
3.171
1.532
2.358
2.139
3.674
3.3
3.328
3.656
1.529
3.847
1.507
3.02
3.753
2.633
2.848
2.126
3.835
1.735
2.622
2.738
2.944
2.268
2.32
1.757
3.172
1.953
1.51
2.018
1.623
2.768
3.469
3.678
1.626
2.72
1.805
3.619
1.915
3.027
3.75
2.757
3.0
2.47
3.127
3.58
3.985
2.951
1.646
2.195
2.355
2.48
3.513
3.722
3.739
2.957
3.295
3.52
1.509
2.574
2.182
3.028
3.715
3.028
2.046
1.578
2.581
2.778
1.733
2.327
1.692
3.276
2.329
2.341
2.823
2.177
2.685
3.234
1.762
2.635
2.937
3.822
3.993
3.897
1.693
1.565
3.044
1.768
1.689
2.163
3.951
1.632
2.027
2.182
2.54
3.549
2.823
3.212
1.54
1.648
3.22
3.573
1.918
2.761
3.019
3.149
3.326
3.465
1.558
1.849
3.893
3.918
3.296
3.81
3.758
1.6
1.961
3.706
2.626
3.199
2.616
1.503
1.913
2.818
3.424
1.818
1.827
3.62
2.785
3.972
2.876
1.956
3.618
3.891
2.343
3.465
2.518
2.688
1.858
3.005
3.785
2.47
3.893
2.465
3.021
2.769
3.367
3.556
3.245
2.03
1.972
2.412
3.579
3.76
3.478
3.343
2.237
1.612
3.868
3.153
3.882
3.471
2.53
1.984
3.796
3.276
3.223
1.829
2.743
2.16
2.647
2.054
2.985
2.849
3.889
3.611
3.379
3.143
3.126
3.484
2.182
1.825
2.7
3.964
3.605
2.644
3.934
2.229
2.736
3.898
3.639
3.971
3.026
2.377
2.95
3.288
2.33
2.077
1.639
2.795
1.701
2.36
3.939
2.76
1.551
1.927
2.405
3.289
2.636
3.233
2.904
1.583
3.114
3.749
1.92
2.867
3.626
3.559
2.968
3.295
3.077
1.7
2.425
1.756
2.749
3.374
2.204
3.321
2.091
3.257
3.151
3.814
3.425
3.313
1.755
1.688
2.072
3.259
1.81
2.858
3.074
1.912
3.206
2.338
1.541
1.905
3.782
3.705
3.216
2.384
3.609
3.663
2.668
3.784
2.6
3.771
1.583
2.926
1.563
3.86
1.656
1.627
3.711
2.642
2.743
3.926
3.401
3.679
3.974
2.218
2.547
2.997
2.011
2.274
2.36
3.548
3.977
3.042
2.942
3.9
2.717
3.573
2.065
3.693
2.799
2.036
1.811
2.675
1.686
3.762
3.82
3.611
3.104
2.545
1.943
1.612
1.95
1.736
1.691
3.473
2.847
3.744
3.808
3.867
2.271
2.398
2.376
3.358
3.837
3.431
2.365
3.089
3.967
2.127
1.889
3.924
3.299
3.806
3.997
2.526
1.524
2.098
1.789
3.953
3.656
2.939
2.779
2.907
3.252
1.631
3.815
1.513
1.576
1.612
3.24
3.741
2.059
2.608
2.574
2.651
2.323
1.643
1.821
1.581
2.61
2.74
2.165
2.417
3.133
3.831
3.321
2.424
3.123
1.704
2.94
2.12
3.016
3.027
2.382
2.068
2.135
1.854
2.871
2.869
2.856
2.811
2.188
2.391
1.879
3.837
2.109
3.205
2.152
2.984
2.495
3.514
3.34
1.965
2.951
3.295
3.152
3.313
3.412
2.78
2.58
3.117
2.928
1.839
2.599
2.508
3.672
3.151
3.409
2.685
2.501
1.766
2.3
2.155
3.624
2.412
3.339
2.328
2.586
3.604
2.462
3.623
2.948
3.29
1.936
2.125
2.97
3.697
3.654
2.848
1.846
3.256
3.133
3.838
2.545
2.461
2.991
2.733
2.407
3.772
3.872
2.511
1.561
2.675
2.318
3.445
3.74
2.719
1.818
2.145
2.377
1.622
2.804
3.422
2.074
2.557
2.96
2.924
2.333
3.141
3.394
2.322
1.519
1.762
3.58
2.41
1.691
2.642
3.078
2.341
2.589
1.907
1.981
2.161
3.794
2.854
3.728
2.084
3.298
3.187
2.346
3.811
2.027
3.687
3.361
3.986
3.462
2.045
3.76
2.85
3.575
2.731
2.496
3.585
3.814
3.915
3.543
3.446
3.703
1.701
3.731
3.444
2.189
2.089
3.02
1.672
3.691
2.203
3.326
3.566
1.623
3.52
3.388
2.0
3.894
1.69
3.641
3.728
3.081
3.965
1.524
3.807
1.556
3.175
2.962
3.965
2.501
2.067
3.896
3.556
3.919
2.814
2.451
3.178
2.546
3.83
2.547
1.771
2.645
2.405
3.739
1.722
3.402
1.797
1.814
2.282
1.585
1.949
2.311
2.742
3.156
3.896
2.342
3.346
3.558
2.278
2.664
2.437
3.207
3.826
1.865
1.628
2.523
3.804
3.786
2.848
2.674
1.654
3.911
1.754
3.244
2.164
3.187
1.83
3.367
3.963
1.735
1.57
1.589
1.829
3.479
3.56
2.504
1.559
2.155
2.007
3.105
3.538
3.023
3.198
3.721
2.924
2.391
2.632
2.416
3.916
2.029
2.347
3.382
3.89
3.339
1.516
1.94
3.945
1.562
2.186
2.514
2.139
3.565
2.008
1.784
2.878
1.682
1.831
3.589
1.583
3.4
2.528
3.937
3.337
2.586
1.799
3.095
2.322
3.11
1.789
3.682
2.985
2.614
3.595
2.58
3.257
1.79
3.577
2.597
2.902
1.768
3.452
2.606
3.163
2.546
2.966
2.416
3.208
3.591
3.394
3.339
1.698
2.255
2.149
2.971
3.491
1.958
2.851
1.518
2.853
3.918
2.266
3.539
3.54
2.534
3.369
2.43
2.118
2.976
2.942
3.342
3.143
3.566
2.479
3.863
3.602
3.404
2.561
3.304
3.214
2.595
3.905
1.852
2.452
1.586
3.367
2.832
3.516
3.67
3.813
2.874
1.916
1.728
3.086
3.696
2.894
2.409
2.557
1.899
2.404
2.863
2.692
2.697
2.379
2.427
1.844
2.392
1.606
3.116
3.778
3.029
3.799
3.567
1.818
3.985
3.42
3.169
1.642
3.421
2.327
3.455
1.91
3.543
3.062
1.907
3.238
3.872
3.514
1.966
3.505
1.974
3.903
3.748
2.79
2.362
2.441
3.0
2.782
2.123
3.444
2.813
2.352
3.656
1.992
3.572
3.762
2.068
3.729
1.949
3.186
2.026
2.555
1.891
2.5
3.198
2.521
1.849
2.502
2.457
2.3
3.173
2.573
3.963
2.896
2.036
3.364
1.81
2.534
1.998
2.728
2.432
1.875
3.635
3.349
3.17
2.295
1.895
1.508
3.927
3.676
3.302
2.274
2.688
2.425
2.937
2.049
2.996
1.539
3.038
3.548
2.643
2.547
2.337
2.38
2.348
1.816
3.79
2.308
1.99
2.604
2.501
2.782
2.669
3.453
2.562
2.239
2.104
2.19
3.807
1.981
1.641
3.119
3.376
1.837
3.746
3.893
3.127
3.275
3.922
3.415
2.785
3.327
3.93
3.948
3.981
3.428
2.138
1.873
2.673
3.616
3.417
3.545
2.341
3.42
1.51
1.703
1.902
3.292
2.057
3.768
2.737
2.623
1.866
3.096
1.86
2.119
1.94
1.792
1.866
3.067
2.357
2.445
2.227
3.777
1.971
2.806
3.245
1.745
1.773
2.414
2.133
2.046
3.77
3.097
2.154
3.519
1.642
3.142
3.027
3.086
3.72
2.263
2.016
2.144
1.773
2.854
3.671
3.438
3.185
3.587
3.233
3.95
3.695
3.342
1.562
2.583
3.067
3.893
2.238
3.16
1.577
3.761
2.03
1.952
3.778
3.648
3.863
2.564
3.113
3.164
2.785
3.838
1.964
3.01
1.582
1.781
1.516
2.417
2.769
3.851
2.799
2.504
1.634
3.426
3.829
1.751
3.603
3.771
1.865
3.93
3.02
1.593
3.667
1.872
3.985
2.255
1.53
3.722
3.885
3.493
3.76
1.819
2.792
3.268
3.959
2.96
3.448
2.053
1.794
2.205
1.597
3.993
1.861
3.014
3.66
1.807
2.471
3.36
2.435
1.721
3.506
2.711
2.531
1.928
2.968
2.476
2.917
2.425
3.124
2.977
2.604
1.697
3.949
2.41
3.529
1.889
2.665
2.327
2.699
3.438
1.788
1.896
2.724
1.661
3.276
2.275
3.528
3.55
2.239
3.272
2.327
2.852
1.941
2.17
1.717
2.032
3.494
1.676
3.665
3.212
2.323
1.534
2.787
1.637
3.499
2.147
3.949
1.58
2.136
3.3
3.248
3.957
2.943
3.495
2.691
3.772
3.662
3.354
2.575
2.475
2.837
2.894
3.391
2.51
3.675
2.951
2.927
1.638
1.948
2.403
2.103
1.792
3.299
3.65
1.797
1.945
1.868
3.04
1.607
2.951
1.849
2.736
3.85
3.038
3.399
1.773
2.756
3.475
1.695
3.916
2.017
1.758
2.234
2.166
3.036
3.504
3.421
1.785
1.765
3.456
3.966
1.597
3.448
3.201
1.776
3.975
1.816
2.3
1.531
3.037
1.772
2.262
3.067
1.763
2.244
1.751
3.528
3.937
3.394
1.744
2.739
2.811
1.992
3.763
3.087
3.182
2.285
1.818
2.997
2.577
1.804
1.657
2.25
2.055
1.552
3.33
3.536
1.908
2.295
3.848
3.342
3.428
1.933
3.548
2.76
2.249
2.607
2.094
1.646
2.873
3.145
2.457
3.905
2.286
2.069
3.945
1.525
1.587
3.467
3.105
3.853
3.369
1.57
3.813
2.077
2.762
3.291
3.678
3.403
1.659
3.103
3.034
1.623
3.944
2.796
2.369
2.98
2.694
2.81
3.809
1.736
2.183
3.187
3.813
3.782
2.293
3.357
2.598
1.509
2.4
3.796
1.724
3.529
3.831
2.342
3.666
3.473
2.869
2.967
2.687
3.809
2.427
2.636
2.684
2.674
2.419
2.285
3.949
3.46
3.802
3.893
2.114
2.485
2.618
2.838
2.095
2.367
2.881
2.74
3.503
3.943
2.238
3.616
1.863
3.107
3.8
2.433
3.387
2.895
3.128
2.447
1.604
3.996
1.608
2.374
3.288
3.939
3.151
2.121
1.71
2.707
1.671
1.734
2.558
2.013
1.766
2.946
3.581
3.79
2.714
2.566
2.182
2.755
3.194
1.948
3.798
1.908
3.299
2.836
1.74
2.991
3.965
2.621
2.315
2.978
2.755
1.589
2.727
2.354
3.569
2.187
1.894
2.596
2.702
3.667
1.609
1.735
1.951
3.495
3.288
2.722
1.794
2.548
2.623
3.104
1.569
1.844
2.914
1.9
2.514
2.979
2.736
2.656
2.967
2.989
3.079
3.679
2.023
1.81
2.032
3.625
1.933
1.545
3.994
3.689
2.71
2.855
2.128
2.508
3.549
2.8
3.942
1.784
1.597
3.522
2.13
1.82
1.684
2.209
3.669
3.125
3.519
3.894
3.147
3.739
3.578
2.046
2.944
3.779
3.013
2.078
2.735
3.781
1.679
2.459
1.8
3.897
2.117
1.869
3.623
3.649
2.079
3.643
2.293
2.432
1.503
3.342
1.733
3.16
1.71
3.66
2.449
3.805
3.181
3.282
2.106
2.351
3.408
3.697
2.667
2.832
2.462
2.916
3.895
1.97
3.479
2.655
3.825
2.2
3.329
2.931
2.249
1.503
1.678
2.257
1.81
2.898
1.952
3.069
3.499
3.565
2.325
3.437
1.887
1.751
2.197
1.848
1.951
3.82
2.801
3.102
1.589
1.991
3.906
2.0
3.63
1.749
3.226
3.762
1.674
3.843
3.82
2.612
1.787
2.323
3.609
3.893
2.875
1.567
1.936
1.956
1.549
3.125
3.719
2.741
1.92
2.452
2.014
2.21
2.709
3.723
3.335
2.685
3.766
3.557
1.91
3.399
3.712
1.608
1.806
2.46
1.624
2.213
2.58
3.888
3.196
1.847
2.68
1.707
2.764
2.953
3.244
1.914
1.719
3.879
2.364
2.685
3.32
1.918
2.633
3.906
3.224
2.642
2.858
3.784
2.334
2.864
2.366
1.547
2.735
2.609
3.012
3.605
2.971
2.491
3.258
3.549
3.67
3.586
1.52
3.942
3.123
2.382
2.736
3.968
2.374
2.806
2.586
3.141
2.124
1.521
3.232
3.557
1.845
3.632
3.68
2.323
2.313
3.828
2.049
2.033
3.57
2.608
3.344
3.216
1.6
2.43
2.981
3.798
3.1
1.884
3.03
1.679
2.266
2.199
2.346
3.782
1.853
3.252
2.4
2.927
3.007
1.79
1.574
3.777
1.583
2.134
3.934
3.641
2.127
1.641
2.716
3.716
2.03
1.566
1.899
1.937
2.561
2.906
1.708
3.488
2.83
3.203
1.742
1.623
3.693
1.547
2.357
3.915
3.655
2.928
3.749
1.986
3.771
2.273
2.588
1.943
3.86
1.753
1.851
1.813
1.609
2.488
2.973
2.686
3.464
3.479
3.901
3.479
2.635
3.233
2.096
2.457
1.884
2.771
3.562
3.919
3.89
2.721
3.955
2.646
2.691
2.357
3.995
2.082
1.556
3.155
3.758
3.936
3.801
2.025
3.532
2.489
3.42
2.586
3.325
3.422
3.071
3.297
1.975
2.922
1.789
3.782
3.907
3.106
3.051
3.548
3.084
3.289
1.968
2.391
1.891
3.227
1.821
3.95
3.137
2.087
3.829
2.347
1.715
2.964
1.607
3.385
3.139
3.271
1.744
2.858
3.704
1.886
3.044
1.866
2.72
3.315
1.624
1.586
3.681
2.919
2.561
3.684
1.65
3.541
3.438
1.709
1.827
2.238
3.236
2.377
3.059
3.767
1.856
3.568
2.277
1.694
2.692
2.758
2.287
2.445
2.172
2.611
2.192
2.274
2.337
2.111
3.92
3.14
1.709
2.611
3.587
2.888
2.451
3.645
1.859
2.566
1.503
3.41
1.908
3.503
3.299
2.511
2.799
3.968
2.87
3.242
2.686
3.831
2.033
2.368
2.152
1.896
2.765
3.001
1.684
3.876
3.33
3.289
3.874
3.39
1.76
2.087
2.117
2.521
1.768
3.014
2.187
2.13
3.596
2.885
3.839
2.916
1.894
2.156
2.734
2.322
2.079
2.062
3.45
3.772
3.189
3.471
3.187
3.751
2.176
1.707
2.507
3.744
1.726
3.432
2.287
3.961
3.675
3.878
2.191
1.691
2.691
2.997
3.158
2.656
1.789
1.973
1.653
1.639
3.915
2.726
3.886
1.71
1.799
2.297
3.043
3.372
2.447
2.098
2.179
3.738
3.885
3.369
3.938
3.985
2.766
2.642
2.205
3.542
3.723
1.607
2.815
3.744
2.454
2.733
2.439
2.413
3.159
3.557
2.626
2.65
3.024
1.693
2.472
1.606
2.728
2.353
2.045
2.525
1.635
3.253
3.401
3.234
3.128
2.094
2.676
1.636
2.246
2.837
3.204
1.591
3.065
3.456
3.158
3.705
3.855
2.843
1.977
2.037
3.126
2.432
2.654
3.558
3.37
1.895
1.915
3.545
3.244
2.698
2.233
3.685
1.616
1.63
2.604
2.503
2.803
2.78
2.025
1.508
1.541
2.179
1.506
2.158
2.524
2.143
3.473
2.866
3.221
2.344
3.74
2.762
3.723
3.995
2.836
2.89
3.032
2.434
1.871
1.695
1.629
3.813
3.119
3.537
2.911
1.865
3.704
2.062
2.165
2.681
3.529
2.487
2.503
2.919
1.501
2.314
2.795
2.582
1.949
2.352
2.968
2.431
2.856
3.275
1.821
2.947
3.708
2.809
3.639
1.605
1.916
2.732
1.995
2.645
1.935
2.996
2.687
1.786
2.74
3.277
2.518
3.672
2.584
2.887
1.834
3.535
2.787
2.4
2.876
3.044
2.295
1.697
2.863
1.761
2.136
1.811
2.501
3.915
3.214
3.517
3.05
3.536
1.768
3.217
1.998
2.934
3.625
2.585
2.335
3.126
3.064
3.864
2.406
1.775
2.708
1.911
3.251
2.869
1.998
3.907
1.809
2.529
2.026
2.147
1.836
2.664
3.936
3.244
2.779
1.595
2.474
2.346
3.685
2.877
2.833
2.811
2.398
3.06
2.838
3.314
1.713
1.855
1.82
2.485
1.62
2.563
1.593
2.452
2.023
3.617
1.831
3.989
3.466
2.382
2.71
3.979
1.511
3.98
3.884
3.835
1.719
2.889
3.966
3.906
1.935
2.587
3.317
3.666
3.663
2.211
3.286
1.664
1.549
3.868
2.421
3.819
3.793
2.641
3.169
2.556
3.344
3.456
1.946
2.889
2.596
1.892
2.691
2.839
3.922
3.292
3.77
2.104
1.878
3.125
2.469
1.683
3.201
1.67
1.584
2.275
1.88
3.943
3.889
3.023
2.08
3.741
2.039
2.548
3.502
3.259
2.436
3.693
2.679
1.561
3.203
2.179
1.974
3.21
2.335
3.787
2.93
1.676
1.658
3.031
2.543
2.147
1.861
3.205
3.974
3.943
2.184
3.357
3.081
1.812
1.983
3.477
2.212
1.716
3.642
1.742
3.473
2.368
3.234
3.838
2.098
3.26
3.025
2.654
3.272
3.893
2.603
2.166
1.83
3.725
1.506
3.538
3.597
2.994
3.344
3.096
2.561
2.79
3.885
2.172
3.081
1.989
2.256
3.373
2.885
1.682
3.925
3.058
2.005
2.269
1.684
3.722
3.622
1.957
1.995
2.787
3.415
3.891
2.845
3.216
2.247
2.385
3.916
3.496
3.788
1.668
3.058
2.299
2.938
3.632
3.345
2.376
2.422
3.864
3.67
2.545
1.767
3.817
2.307
2.608
3.082
3.133
1.879
3.32
1.547
3.272
1.566
2.991
3.887
2.433
1.753
3.277
3.813
1.847
3.92
2.396
2.984
2.949
1.616
2.996
1.514
3.21
3.936
2.104
3.22
1.579
3.905
3.493
2.886
3.266
2.265
1.643
2.634
3.886
2.134
1.657
1.696
1.626
3.943
2.69
1.581
3.269
1.982
3.769
2.871
1.693
3.291
2.53
3.306
3.958
2.368
2.34
2.318
2.095
2.686
1.914
3.113
2.119
1.667
1.657
2.898
2.368
3.027
3.063
3.412
3.571
3.933
3.841
3.663
3.001
2.449
2.792
2.618
2.413
3.394
3.482
2.844
2.243
1.825
3.302
2.187
3.395
2.386
1.517
1.79
2.49
2.483
3.254
3.048
2.408
3.237
3.705
3.724
2.123
3.829
2.036
2.499
1.814
2.772
3.433
2.374
3.11
2.622
3.391
3.187
1.969
2.184
3.945
1.974
1.621
1.931
3.798
1.877
3.462
3.147
1.69
3.091
3.627
2.263
2.094
3.425
3.733
1.83
1.944
2.824
2.407
2.125
2.058
3.469
1.834
3.303
1.719
2.483
2.003
3.48
2.951
2.082
1.816
3.729
3.492
3.366
1.784
2.349
2.691
3.376
2.329
1.996
2.422
3.619
2.792
2.235
3.332
2.105
2.545
1.522
1.74
2.322
2.024
2.736
3.945
2.433
3.857
3.754
3.868
2.426
2.449
3.019
1.53
2.701
3.634
2.687
1.821
3.196
2.48
2.415
1.552
3.263
1.768
2.949
3.639
3.5
1.658
2.982
2.181
3.789
3.987
1.718
3.602
1.726
2.132
3.758
2.025
3.645
3.157
2.025
3.355
2.655
3.84
3.565
3.944
3.761
2.586
3.349
3.683
3.672
3.935
2.536
3.659
2.103
1.831
1.92
1.709
2.715
1.532
2.086
1.769
3.134
1.627
3.6
2.119
2.778
2.036
1.984
2.445
3.043
3.046
3.33
2.838
2.903
1.797
1.66
3.882
2.844
2.661
2.571
2.18
3.007
3.184
1.709
3.441
3.146
1.964
1.835
1.981
3.447
2.093
3.329
3.587
1.506
1.641
3.125
2.663
3.478
2.583
1.816
2.719
2.432
3.787
3.478
3.176
3.206
2.056
2.046
2.952
2.753
2.042
2.774
2.636
2.707
2.387
2.341
2.899
3.2
2.432
3.678
3.946
3.189
1.825
2.106
2.886
3.193
2.54
2.153
2.059
3.429
2.038
2.988
3.099
3.132
2.948
3.017
2.301
2.437
3.228
2.215
3.216
2.603
2.016
3.484
1.771
3.416
3.641
2.386
2.628
3.067
1.859
2.174
3.018
3.81
3.979
2.32
1.888
2.238
2.14
3.05
3.91
1.973
3.518
1.808
1.731
3.532
1.991
3.828
2.167
2.229
3.819
3.728
2.126
2.315
1.964
3.908
3.57
3.486
3.278
2.882
3.351
2.228
1.756
3.895
2.146
2.232
2.812
3.023
3.223
2.069
2.138
3.563
3.422
1.796
2.531
3.828
1.941
2.203
1.54
3.303
2.606
3.441
3.987
3.339
3.064
3.271
3.184
2.163
3.707
2.229
3.794
3.706
2.219
2.815
2.293
2.826
2.479
3.353
2.092
2.607
3.716
2.426
2.348
2.646
3.392
3.075
3.468
2.607
3.776
2.055
1.581
1.763
2.805
3.897
2.298
2.047
3.767
1.89
2.36
1.538
2.056
3.267
2.121
2.736
3.64
1.993
1.913
1.852
3.595
3.887
2.083
3.406
2.04
3.812
2.218
2.174
3.658
3.681
2.948
2.25
2.709
3.152
2.612
2.328
2.191
1.699
2.202
3.85
2.647
2.955
1.922
3.775
3.453
2.393
2.131
2.519
1.875
1.867
3.305
1.855
1.628
3.663
1.921
1.72
2.699
2.355
2.826
2.021
Error de lectura!!!
2.908
2.97
1.708
2.689
2.028
2.482
3.861
2.988
3.322
3.255
1.753
2.624
1.562
3.178
3.404
3.388
3.013
3.907
1.563
2.07
2.85
3.131
1.816
3.93
3.173
3.454
2.784
2.838
3.315
3.23
2.711
1.602
2.491
1.831
3.312
2.517
2.076
1.734
3.643
2.586
3.95
3.829
2.514
2.49
1.533
1.784
1.965
2.576
1.862
2.205
2.541
3.407
2.127
3.416
3.488
3.047
2.85
2.341
3.681
1.661
3.45
2.587
1.799
1.813
2.83
2.025
2.406
2.534
2.098
2.943
3.687
2.891
1.578
3.978
1.774
2.744
2.886
2.708
2.926
2.759
3.669
3.338
2.697
2.649
3.267
3.831
1.815
2.235
2.692
3.914
2.591
3.592
3.62
3.846
3.246
3.894
1.604
1.581
3.756
1.873
3.439
2.085
2.763
3.443
2.647
2.802
2.57
2.021
2.908
2.11
2.509
3.507
2.543
1.776
2.093
2.324
2.751
2.4
3.642
2.55
2.263
2.324
1.639
2.267
1.936
2.413
1.647
3.153
2.678
3.556
3.417
2.393
1.924
3.566
3.779
3.911
3.918
3.623
2.33
1.744
3.88
1.584
3.845
3.014
3.54
3.209
1.984
3.165
2.985
3.641
1.643
3.231
1.765
3.904
3.402
2.113
3.549
2.291
2.098
3.654
3.799
3.019
2.366
3.499
2.709
3.475
2.778
2.496
2.637
3.174
2.664
3.54
3.99
2.676
3.209
3.428
3.641
2.028
2.625
3.795
2.721
1.94
3.071
1.507
2.381
3.286
1.677
2.825
2.267
1.549
2.48
1.604
3.889
3.955
2.289
2.399
3.494
3.708
1.747
1.962
1.578
1.912
2.694
3.755
3.996
2.765
2.008
3.343
1.508
1.776
3.533
3.305
2.497
1.752
3.435
2.949
2.527
2.808
3.271
0.352
3.944
1.507
1.912
3.06
2.242
2.164
1.909
3.148
1.909
3.692
3.201
2.338
1.689
3.543
1.977
1.981
3.726
1.585
3.805
2.463
3.939
3.33
3.767
2.434
2.556
1.671
2.538
1.684
3.405
2.508
2.885
2.467
3.215
2.655
2.594
3.677
1.558
2.262
3.807
3.94
3.259
3.811
1.878
2.134
2.722
3.906
3.686
1.957
3.765
2.013
3.189
2.034
1.583
3.89
2.29
1.993
3.012
2.303
3.79
1.786
3.288
3.2
2.42
1.951
3.621
2.064
2.864
2.89
3.956
2.399
1.975
2.536
2.913
2.289
3.891
2.862
3.705
1.616
3.351
2.653
3.654
2.118
3.436
2.065
1.998
2.061
2.802
3.17
3.422
2.825
1.687
1.913
2.884
3.162
1.966
2.275
3.838
2.834
2.904
3.92
2.888
2.409
2.789
2.655
3.423
2.69
3.599
3.238
3.963
1.719
1.67
2.096
3.4
1.587
3.047
3.886
3.886
1.883
2.194
1.667
3.486
2.814
2.588
1.83
2.629
2.857
3.765
3.664
2.142
1.916
2.484
3.264
2.786
2.841
3.061
3.806
2.753
2.07
1.901
3.441
3.271
2.245
2.733
3.793
3.598
3.403
3.97
3.536
1.684
2.05
2.432
3.704
2.217
2.905
3.671
2.133
3.418
3.322
2.913
3.375
2.302
3.61
3.855
2.76
2.706
2.448
3.651
1.821
2.707
3.778
2.975
3.215
2.896
3.495
2.8
3.325
3.473
2.587
3.456
1.816
1.516
2.188
3.897
2.303
3.684
2.304
2.847
2.32
3.542
2.641
3.266
1.771
3.794
1.69
1.636
3.672
3.585
1.622
3.142
2.388
2.272
3.106
3.281
3.298
2.591
3.469
2.014
3.342
3.444
2.419
3.944
2.484
3.131
3.665
3.55
1.685
1.746
1.817
3.008
1.963
3.551
2.08
2.54
3.771
3.625
3.876
2.001
2.089
1.773
2.547
1.982
3.751
1.987
2.33
3.202
1.654
2.496
3.622
1.9
3.61
3.744
1.975
3.345
1.676
1.869
3.574
1.954
3.404
1.887
2.319
2.067
2.944
2.243
2.731
1.82
1.941
2.491
3.655
2.092
2.918
1.661
2.896
2.076
3.645
1.576
3.339
3.189
3.401
1.835
3.706
3.868
3.268
2.108
3.472
3.225
1.687
3.85
1.573
2.88
2.903
2.755
3.839
3.138
2.298
3.55
1.905
2.583
1.815
3.307
3.103
1.762
2.855
2.475
1.704
3.805
2.625
3.262
2.243
1.886
3.554
3.857
2.913
2.082
1.853
2.638
3.154
2.284
2.785
1.57
2.782
2.65
1.613
3.111
2.322
2.678
2.058
2.118
3.96
2.755
3.292
2.015
2.899
2.608
1.929
3.584
3.509
1.955
2.668
3.603
1.935
2.208
1.983
3.242
1.858
1.837
1.96
1.576
2.594
2.629
3.619
2.448
3.968
2.284
3.06
2.825
3.17
3.704
2.565
2.748
2.93
3.711
1.617
3.553
2.822
1.604
3.768
3.986
3.946
3.938
2.825
2.53
3.697
3.975
2.926
3.073
3.475
2.998
2.821
3.379
3.626
3.696
3.626
3.988
1.71
2.079
2.596
3.015
3.429
3.937
3.18
1.803
3.238
1.756
2.567
3.071
2.98
3.248
3.464
3.555
2.518
3.186
3.225
1.764
3.121
2.213
1.672
3.349
1.902
3.592
2.252
1.539
2.232
2.001
2.189
3.871
3.29
3.592
3.525
2.403
3.705
1.825
3.779
3.832
1.786
2.688
3.625
2.942
3.223
3.75
3.971
2.403
3.07
3.315
2.671
2.999
2.823
3.064
3.819
2.066
3.348
3.49
3.953
1.94
3.732
2.697
1.636
2.63
3.21
1.625
2.491
3.14
3.109
2.081
2.477
3.546
3.011
2.378
1.795
3.502
2.823
3.602
3.449
1.502
1.704
2.64
1.864
3.128
2.688
2.325
3.627
3.285
2.056
3.262
3.451
3.91
3.315
3.683
2.443
3.861
3.103
3.82
2.897
3.328
3.65
1.955
3.579
3.838
2.86
1.757
3.227
2.02
2.669
2.905
3.044
3.855
2.883
3.307
1.682
2.418
1.835
3.647
3.793
1.51
3.608
3.65
2.428
3.146
1.644
1.724
2.945
2.865
2.213
3.034
2.177
2.079
2.841
2.742
2.472
1.779
2.916
1.742
1.775
2.437
2.35
2.064
2.335
3.594
2.2
3.238
2.17
2.713
3.06
2.386
2.121
2.456
1.989
3.086
3.542
3.564
2.042
2.596
3.569
2.052
3.359
3.559
3.47
2.859
1.862
3.895
2.169
1.862
2.175
1.606
3.994
2.396
3.179
2.455
2.585
3.541
2.142
2.59
3.272
3.48
1.821
1.652
3.64
1.509
2.185
1.604
3.347
1.884
2.062
1.588
3.645
1.697
2.629
2.868
3.224
3.318
3.16
2.923
3.537
2.56
3.888
2.685
3.08
1.566
2.865
3.995
2.319
2.599
2.988
2.706
2.195
2.231
2.721
2.445
2.319
1.771
2.184
3.981
3.142
2.566
1.61
2.928
1.534
3.423
2.207
3.158
3.606
2.073
3.034
2.524
2.096
3.309
3.902
3.483
2.968
3.449
1.762
1.658
3.245
2.922
3.429
2.213
1.969
2.467
3.743
2.075
1.646
2.474
2.065
2.833
2.928
3.805
2.033
3.826
2.623
3.708
3.465
1.606
3.459
3.499
3.578
3.782
2.768
1.75
2.694
2.396
2.897
3.511
2.196
3.773
3.213
3.173
2.375
2.058
2.439
1.907
2.343
2.177
3.387
2.521
2.193
1.785
3.963
1.814
3.061
1.7
2.332
1.724
1.779
3.241
2.364
1.865
2.055
3.309
1.735
2.126
3.368
3.853
2.937
2.119
2.842
3.269
3.601
2.52
2.27
2.715
2.472
2.732
3.874
3.61
2.139
3.101
2.474
2.19
3.728
2.529
1.861
3.99
3.957
2.657
3.389
2.405
1.915
3.23
2.42
3.398
3.983
3.578
2.801
1.737
2.884
2.42
3.446
3.805
2.94
2.135
1.857
3.539
2.547
2.424
2.16
2.376
1.506
2.84
2.891
2.192
3.674
2.511
2.694
3.627
2.966
3.765
1.921
2.063
2.474
3.545
2.107
3.106
2.036
3.02
2.916
1.575
2.797
2.825
3.299
2.266
3.688
3.062
1.681
1.746
2.333
3.487
1.899
2.562
3.169
1.621
2.325
2.94
3.293
3.894
2.219
1.682
3.924
2.715
1.537
2.955
2.869
3.825
3.272
2.329
3.567
3.998
1.721
2.564
2.187
3.393
2.616
3.609
1.533
2.929
2.732
3.248
1.602
2.042
3.572
1.614
2.253
3.569
2.015
3.5
3.973
2.939
1.714
2.715
1.68
2.314
3.549
2.62
3.087
2.059
3.262
3.37
2.511
2.364
1.939
1.61
3.22
1.843
2.457
2.3
2.864
2.806
3.001
2.633
2.725
3.732
3.487
2.16
2.859
2.926
3.387
2.405
1.723
2.051
2.489
2.453
2.101
2.515
3.754
2.363
2.286
2.641
3.684
3.058
3.168
1.832
3.591
1.749
3.807
3.842
2.17
2.303
1.957
3.241
3.273
3.848
1.948
1.547
2.338
2.012
2.538
2.878
2.788
3.889
3.821
1.584
3.187
3.1
1.692
2.698
1.869
2.669
3.523
2.659
2.146
1.573
3.762
3.679
2.491
1.533
2.553
2.326
2.264
1.892
3.922
3.718
1.896
3.312
1.705
2.189
3.991
2.109
3.448
3.31
3.706
1.77
1.93
3.663
3.278
2.976
1.598
3.961
3.522
2.55
3.127
3.39
2.08
2.412
2.224
2.471
2.494
2.773
2.128
1.793
3.67
3.624
1.975
3.052
2.908
2.349
3.047
3.432
1.78
1.921
3.26
3.541
3.722
3.644
3.6
1.752
3.7
2.875
1.814
1.64
3.395
1.673
3.159
2.763
3.406
2.004
3.364
2.421
3.765
2.87
1.857
3.952
2.927
2.93
1.581
2.414
3.024
3.473
2.776
1.999
3.678
1.749
1.524
2.635
1.626
1.97
1.582
3.528
2.022
3.256
3.363
2.776
3.981
1.814
2.34
2.541
1.754
1.783
3.997
2.036
2.533
3.847
3.239
3.511
2.324
3.506
3.655
3.443
3.517
3.609
1.692
3.122
2.31
2.136
2.015
1.651
1.63
2.919
3.578
3.106
3.396
2.599
2.948
3.857
3.372
2.816
3.017
1.698
2.083
2.196
3.651
2.442
3.705
3.529
3.894
3.346
3.469
3.017
2.233
2.484
3.219
Error de lectura!!!
2.011
2.545
1.589
3.792
3.782
2.77
1.858
2.146
2.79
1.882
1.829
2.225
2.752
2.326
1.915
3.111
3.133
2.782
2.285
2.245
3.43
1.846
3.031
3.509
3.574
2.008
2.071
1.509
2.384
3.504
1.839
2.053
3.682
2.833
3.529
2.383
2.087
3.766
3.04
1.563
3.974
1.978
3.653
3.768
3.426
3.653
1.786
2.062
2.78
3.898
3.413
1.666
1.827
2.793
2.68
2.486
2.338
2.952
3.764
3.95
3.876
3.874
2.848
2.958
2.685
1.818
2.126
2.133
3.219
3.264
2.745
3.787
2.994
3.308
2.274
2.09
2.219
2.962
2.014
2.594
3.12
2.73
2.566
1.574
3.337
2.381
3.671
3.579
1.826
2.769
2.593
3.338
2.178
2.984
2.472
1.945
1.702
3.501
2.359
2.528
2.931
1.541
3.117
2.04
1.677
2.63
3.87
2.593
1.503
1.631
2.73
2.576
2.141
3.808
3.435
3.553
3.241
1.784
3.405
3.529
3.093
2.622
3.896
3.691
2.027
1.549
3.398
3.14
2.723
1.913
3.505
1.967
2.039
1.664
3.825
3.036
2.265
3.171
2.573
3.592
2.173
1.843
2.627
3.562
1.54
3.924
2.959
2.761
2.896
1.69
2.623
3.68
3.811
1.52
2.433
2.165
3.83
3.246
3.535
2.063
3.377
2.063
3.528
1.551
1.695
2.143
1.914
2.709
1.631
3.873
2.737
3.215
1.664
1.789
2.219
1.929
2.514
2.082
2.419
2.647
3.199
3.341
3.438
1.851
3.457
2.049
3.829
1.693
1.982
3.591
3.296
3.866
2.623
2.149
2.261
3.326
3.329
1.873
2.496
1.514
3.677
3.031
2.416
2.105
3.388
3.132
2.109
2.533
2.204
1.873
2.869
2.895
1.698
3.192
2.81
3.865
2.188
3.821
3.868
1.741
2.407
3.562
2.696
2.496
2.264
2.232
3.353
2.027
2.471
3.194
2.232
1.852
3.891
2.386
3.563
3.102
3.843
3.838
2.059
1.828
2.1
3.8
2.23
2.707
2.699
1.635
3.316
2.099
3.032
2.503
1.561
3.278
3.176
3.94
1.996
2.969
1.759
3.886
2.632
3.023
1.503
1.611
1.926
2.593
2.43
2.185
2.799
3.363
3.758
3.64
3.745
2.846
3.826
2.704
1.749
3.969
2.03
1.788
2.278
2.003
2.005
3.395
1.681
3.248
2.708
1.645
1.929
3.556
3.769
3.005
3.849
1.524
1.938
2.539
2.089
3.853
3.85
1.64
2.43
2.545
3.694
3.717
3.355
2.212
3.074
2.164
2.975
3.598
2.886
2.592
2.758
3.693
2.267
3.254
2.182
3.993
3.733
3.057
1.923
2.019
3.112
3.158
3.979
1.647
2.77
1.637
1.649
2.713
1.68
3.826
2.383
2.676
2.714
2.889
3.699
3.507
2.17
1.556
3.987
2.58
1.868
1.767
3.153
2.317
1.51
2.733
2.353
3.592
3.142
2.924
2.509
2.654
2.467
2.28
2.233
2.873
2.553
2.017
2.897
3.244
3.4
2.924
3.872
2.899
2.646
1.675
2.781
3.173
3.297
1.565
2.423
3.876
3.931
3.691
2.181
3.415
2.255
2.307
2.56
2.376
2.52
1.838
3.737
3.27
1.987
3.478
2.966
3.132
1.506
1.972
2.304
1.877
2.023
3.221
2.263
2.891
3.108
2.071
2.573
3.915
2.581
2.201
2.305
3.974
2.743
3.764
3.596
3.866
2.406
1.569
3.57
36.579
3.598
3.586
3.657
1.651
1.722
3.819
2.449
2.117
2.669
2.554
1.819
3.863
3.342
3.949
2.4
2.12
2.3
3.444
1.573
1.628
2.011
3.008
3.825
3.909
2.426
3.108
2.732
2.871
3.666
3.835
3.495
2.504
3.961
3.935
1.712
3.02
3.944
2.356
3.147
2.072
2.605
2.622
3.597
2.932
2.409
1.904
3.336
3.864
2.17
3.708
3.019
1.693
2.916
1.515
2.532
2.821
2.482
2.724
3.088
2.844
2.96
2.185
2.935
3.629
2.692
1.945
2.439
1.851
2.2
2.649
2.994
1.799
2.812
3.321
1.79
1.514
1.729
1.513
2.783
1.639
1.775
2.579
3.891
1.862
2.015
2.172
2.457
3.576
3.833
3.698
3.425
3.899
3.26
1.619
3.313
3.755
3.271
3.194
2.468
2.054
3.634
3.897
2.014
1.824
1.957
1.811
1.883
2.382
3.282
3.352
2.283
3.982
2.182
2.501
3.429
3.992
1.883
2.546
3.216
2.487
1.981
3.379
3.236
3.628
3.512
2.446
3.432
2.008
2.941
3.226
1.99
2.048
3.568
2.887
2.824
2.772
3.67
2.842
3.522
1.656
3.666
2.813
3.597
1.587
1.805
2.294
2.166
3.143
3.617
3.922
2.633
2.081
2.77
2.413
1.555
2.084
1.563
2.715
3.612
3.207
2.534
3.952
3.726
3.138
2.729
1.827
3.552
1.958
2.256
3.233
2.784
3.456
3.077
3.003
2.229
1.5
2.259
3.811
2.8
2.387
3.452
1.72
1.713
2.413
2.628
2.101
3.548
3.41
2.782
1.725
3.047
3.867
1.899
2.83
2.145
3.114
2.895
1.652
3.941
3.062
2.563
2.282
2.822
1.578
3.11
2.988
3.549
1.933
3.767
2.571
2.648
2.314
3.406
3.436
2.461
2.342
3.339
2.976
2.677
2.259
2.295
2.735
2.251
2.613
3.513
2.41
3.854
2.075
2.109
1.826
3.852
3.193
1.929
1.858
2.012
3.31
3.102
2.427
2.598
2.204
3.264
3.956
3.474
3.524
2.709
2.15
1.955
3.659
2.184
2.327
3.903
3.713
2.776
3.827
2.909
3.727
2.538
1.654
2.495
1.891
2.937
3.583
3.264
1.881
2.894
1.715
2.956
3.301
3.262
2.366
1.539
3.557
1.857
1.814
3.148
2.181
2.598
1.857
3.496
2.349
2.592
3.221
3.437
2.615
3.554
3.261
2.042
2.523
2.361
1.513
1.548
3.034
1.567
2.225
1.732
2.035
1.512
2.509
2.597
2.363
2.441
2.9
3.813
1.754
3.71
1.53
1.59
1.569
3.516
3.626
3.423
2.603
2.409
3.752
2.572
3.849
2.55
2.754
2.96
2.045
2.223
3.844
1.731
1.928
3.312
2.264
3.924
2.741
2.276
1.99
3.204
3.465
3.814
2.598
1.979
2.929
3.509
3.942
1.862
3.551
3.565
1.706
1.884
3.66
2.609
3.504
2.217
1.853
2.515
3.463
3.07
1.853
2.645
2.052
2.045
2.736
1.703
3.908
3.901
2.758
3.965
3.179
2.069
2.62
2.24
1.915
3.671
3.689
3.262
3.979
1.782
3.013
3.401
2.983
2.597
1.536
3.626
3.349
2.33
1.903
