3.018
2.488
3.34
3.374
1.659
2.59
3.49
1.82
2.732
1.61
3.596
2.884
2.994
2.178
1.786
3.472
3.819
2.198
3.903
2.352
1.981
2.218
2.746
3.994
2.857
2.287
3.382
3.717
2.467
3.143
2.475
2.494
2.67
3.931
3.146
3.532
1.714
3.361
2.61
2.708
3.933
1.75
3.27
1.887
3.282
4.0
2.666
3.167
2.028
3.191
2.722
2.862
3.936
2.723
2.903
2.017
2.219
2.407
2.618
2.866
3.019
2.64
2.792
2.596
2.401
2.8
1.732
3.236
3.316
1.887
3.889
3.264
1.692
1.675
2.895
1.748
3.575
2.236
3.076
2.589
2.075
2.295
2.761
3.467
3.442
3.814
3.11
2.464
2.993
3.749
3.098
3.841
1.968
2.294
3.647
3.53
2.547
2.814
2.036
3.753
2.498
2.431
3.401
2.261
3.24
2.373
3.353
3.294
2.489
2.975
3.825
2.545
3.163
1.748
1.615
3.825
2.61
2.15
1.787
2.318
2.144
2.95
3.846
2.423
2.957
1.986
2.647
2.98
2.676
2.198
1.839
2.854
3.174
1.929
2.523
2.534
3.1
2.337
2.619
3.089
3.076
2.323
3.978
3.468
3.514
2.097
1.718
1.572
2.121
3.448
3.355
3.216
1.696
2.126
3.643
2.966
3.146
3.287
3.406
2.235
2.087
2.176
3.226
1.755
2.207
2.073
2.723
2.836
3.822
3.233
3.166
3.99
3.706
1.56
3.659
2.983
2.844
3.323
2.441
3.897
2.405
3.807
1.897
3.74
3.506
1.879
3.025
2.564
2.643
2.834
1.96
2.708
3.05
2.716
3.334
2.741
3.409
2.505
3.66
1.981
3.701
3.158
1.759
2.272
1.725
2.358
3.425
3.945
3.475
3.211
3.776
3.112
3.539
1.646
3.873
1.966
3.011
3.065
3.503
3.921
2.44
2.676
2.185
2.128
2.935
2.529
1.623
2.93
3.617
2.326
3.41
3.913
3.64
2.467
2.585
2.945
3.709
1.704
3.98
2.076
3.892
2.693
3.243
3.293
2.821
2.315
2.827
2.53
1.875
3.928
2.47
1.583
2.288
2.994
2.069
3.355
2.857
3.638
3.74
3.402
3.274
3.673
2.215
3.76
3.506
1.503
2.218
2.484
3.394
3.664
2.343
3.369
3.867
3.625
1.822
2.937
2.191
1.672
1.54
3.165
3.718
3.551
3.824
2.483
3.216
2.06
3.111
3.938
2.7
3.511
3.799
3.441
2.736
2.416
3.033
3.289
3.783
2.949
2.526
3.865
3.825
1.586
2.021
2.43
3.217
3.82
3.177
1.645
3.875
3.048
1.936
1.664
3.606
3.596
1.977
2.371
2.888
1.747
2.207
3.687
3.353
3.716
1.621
2.999
1.703
2.888
3.875
1.882
3.808
2.608
2.517
2.831
2.229
3.629
2.867
1.762
2.672
3.878
2.891
2.236
3.943
3.263
2.627
2.531
3.058
3.459
2.674
3.303
3.526
1.892
3.401
3.516
2.75
2.446
3.884
2.656
2.183
3.435
3.557
1.523
2.656
3.708
3.563
3.983
1.891
3.592
3.179
1.648
2.2
3.938
3.759
3.766
2.61
3.858
3.812
3.22
1.759
3.215
1.828
3.304
1.75
3.016
1.752
3.924
2.214
2.836
3.239
1.942
3.558
3.534
3.588
1.861
2.799
3.041
2.89
2.815
2.341
3.606
1.831
3.038
3.456
1.986
1.521
2.34
3.296
2.477
1.66
1.58
2.344
1.555
2.632
3.412
3.11
3.486
2.402
2.505
2.438
2.409
3.848
2.4
2.144
3.301
2.984
3.208
2.142
2.117
1.77
1.625
3.132
1.796
3.179
3.921
2.615
2.182
3.664
3.387
2.412
2.81
1.574
1.947
2.95
3.57
2.799
3.821
3.027
3.969
3.56
3.622
3.146
3.492
1.909
2.775
3.456
2.401
3.893
3.934
2.902
2.733
2.804
2.305
3.481
2.233
1.842
1.63
1.953
3.061
2.917
3.189
3.914
2.89
1.647
3.836
2.431
2.911
1.993
3.801
3.947
1.632
3.5
1.778
1.701
3.183
2.773
2.812
3.292
2.696
1.586
2.753
3.079
2.272
1.584
2.308
3.123
2.884
2.418
3.296
3.613
1.66
3.116
2.363
1.6
3.909
3.724
1.509
3.544
2.24
3.82
3.966
1.601
1.872
2.061
2.627
3.356
2.472
1.62
2.797
3.253
2.345
3.796
2.863
2.051
1.656
2.332
3.26
3.203
1.976
2.968
3.367
3.054
3.839
1.967
2.963
2.586
3.847
2.532
2.338
2.264
1.814
2.825
2.189
1.715
1.524
2.763
2.692
2.205
3.429
2.866
2.569
3.538
3.262
2.821
3.914
1.53
3.367
2.348
2.452
3.086
1.661
2.513
2.655
1.624
1.536
2.986
2.576
1.961
2.602
2.96
2.409
1.935
1.531
3.482
2.917
3.682
3.566
2.43
3.939
3.565
2.882
2.311
2.306
2.585
3.235
2.179
1.933
2.632
2.318
2.193
1.668
2.002
2.125
3.009
1.723
3.75
3.379
2.447
3.458
1.685
2.907
2.378
2.922
2.215
3.684
2.128
2.395
3.532
1.87
2.638
3.516
2.552
1.666
2.115
1.883
3.039
2.848
3.353
3.256
3.438
3.616
2.806
3.684
2.05
2.047
3.882
3.129
3.151
1.937
3.242
3.243
3.704
3.873
2.606
3.57
3.318
3.611
3.511
2.439
2.632
1.689
2.809
1.853
3.443
3.179
1.87
3.35
3.834
2.006
1.62
2.88
3.058
3.313
3.477
2.983
3.014
2.308
1.576
1.711
1.846
3.852
2.89
3.804
3.728
3.241
1.83
1.5
2.393
3.756
2.621
3.55
3.417
3.248
2.255
1.811
3.476
1.781
1.748
3.99
1.533
2.449
2.75
3.169
3.646
1.829
1.995
1.739
3.895
3.845
2.427
3.014
2.877
2.876
3.308
3.577
2.116
3.432
2.283
1.77
1.836
2.461
1.686
2.505
3.578
2.809
3.379
3.151
3.857
2.324
3.075
1.659
3.884
3.29
3.763
1.694
2.038
2.832
3.001
1.693
2.63
3.015
3.962
3.382
2.913
2.923
2.582
2.012
3.595
2.655
1.877
1.951
1.931
2.822
2.357
1.892
3.648
2.068
3.529
1.789
2.725
3.528
2.052
3.432
3.658
3.512
Error de lectura!!!
1.576
1.648
1.649
3.702
1.686
3.283
2.38
3.927
3.497
3.766
2.61
2.016
3.386
3.814
1.6
2.874
2.931
1.886
2.163
3.94
2.266
3.046
3.654
1.981
1.589
3.763
2.129
3.41
2.652
2.121
1.585
3.888
2.269
1.579
1.701
2.518
3.399
2.818
3.931
2.323
1.702
1.937
1.703
1.749
1.791
2.167
2.395
3.143
2.886
3.813
3.974
3.34
1.99
2.574
2.566
2.796
3.272
2.441
2.946
3.437
1.549
3.764
2.977
3.64
1.868
3.926
3.87
2.114
2.034
1.733
2.342
2.764
1.75
3.54
3.538
1.5
1.764
1.767
3.985
1.85
2.094
2.206
3.259
2.272
3.471
2.774
2.475
3.067
1.726
2.025
1.718
2.287
1.569
3.518
2.993
3.396
1.985
2.164
3.237
2.406
1.596
3.114
2.682
3.079
2.246
1.661
1.817
3.521
3.518
3.659
2.233
3.389
1.631
1.996
2.862
2.745
1.934
3.621
3.719
2.86
3.607
2.532
3.659
1.692
2.163
1.924
1.539
3.26
3.81
2.59
2.573
3.916
3.273
3.408
1.951
2.308
3.522
2.562
3.061
3.907
2.055
3.608
3.761
2.071
3.187
3.612
1.889
2.244
1.735
2.22
1.972
2.898
3.286
3.968
3.651
2.328
2.099
2.924
2.002
1.574
3.001
3.692
3.879
3.343
3.024
3.699
2.043
1.727
3.917
2.939
2.94
2.987
3.754
2.202
1.773
2.37
1.644
2.918
3.397
2.296
2.59
2.344
3.973
2.897
2.009
2.227
2.231
3.782
3.209
3.62
3.472
2.184
1.861
3.563
3.069
1.959
2.504
1.561
2.895
1.979
2.618
1.98
2.77
3.287
3.354
2.45
2.195
2.235
3.85
3.833
1.704
3.247
2.793
2.524
2.131
2.687
3.839
2.419
1.602
1.685
2.381
1.543
1.527
2.467
1.577
3.857
1.536
2.195
2.114
1.968
1.72
3.532
3.674
3.842
1.861
3.214
2.479
2.272
3.821
2.119
1.91
3.9
3.954
2.159
2.711
2.228
2.666
2.997
3.953
3.748
3.114
3.554
2.022
3.843
3.073
2.928
3.55
3.168
1.523
1.788
2.079
2.553
2.73
1.57
3.543
1.546
2.732
1.578
2.669
2.909
3.647
2.242
1.86
3.955
2.963
2.64
3.322
2.523
3.412
1.904
2.803
3.175
2.905
3.802
2.14
3.818
2.036
1.975
3.538
1.96
1.529
3.859
1.736
2.729
3.515
2.607
3.212
1.938
3.639
3.663
3.275
2.872
2.051
1.947
1.611
1.692
2.403
2.892
2.668
1.699
2.685
3.22
2.479
2.138
2.458
2.627
2.781
1.961
1.512
2.834
1.795
1.509
3.344
2.937
3.683
2.899
3.039
3.904
2.713
2.439
1.906
1.503
2.4
1.603
3.794
3.289
1.955
3.665
3.517
3.377
3.618
3.754
3.105
3.934
3.769
2.891
3.94
1.532
2.038
3.274
3.351
3.496
2.211
2.062
3.746
2.978
2.031
3.508
2.747
2.958
3.26
2.205
2.39
3.237
3.215
2.88
1.79
2.628
1.738
2.605
3.341
2.599
2.689
2.749
3.636
2.759
2.683
3.991
2.825
1.5
3.944
3.806
3.213
2.318
3.196
3.743
2.258
2.836
2.602
1.576
3.643
2.951
3.976
1.842
2.79
3.055
3.372
2.399
2.106
1.618
3.742
2.385
1.586
3.205
2.51
2.772
2.739
3.583
3.275
3.726
3.384
2.974
2.591
1.703
2.317
1.914
3.527
2.198
1.988
1.829
1.763
2.03
3.676
2.935
2.039
1.894
2.718
2.309
2.274
3.857
2.944
3.292
2.813
3.689
2.814
3.252
2.242
3.621
3.48
3.591
1.601
2.391
3.416
2.99
3.014
3.654
3.489
2.089
3.79
1.944
1.68
2.017
1.98
1.568
2.359
3.494
2.481
2.187
2.144
3.208
2.335
3.805
1.885
2.749
1.94
2.397
4.0
2.172
2.641
1.818
2.364
3.233
2.374
2.918
1.891
2.108
2.594
1.874
3.756
2.478
2.13
2.705
1.62
2.739
3.07
3.003
2.583
1.917
3.328
2.827
1.851
1.642
1.738
2.539
1.838
2.529
3.595
1.746
2.17
1.579
1.731
2.723
3.446
1.544
1.709
2.406
3.632
2.065
3.378
3.586
3.844
2.651
2.379
2.178
2.185
2.241
2.886
3.183
3.729
3.091
3.166
3.026
2.878
3.595
3.895
3.624
2.981
3.243
2.376
3.532
3.414
3.317
2.025
2.484
2.491
3.762
3.166
3.635
3.975
1.709
2.127
2.859
2.94
2.254
2.011
2.805
2.354
3.373
3.418
2.226
2.375
1.997
2.874
3.713
3.881
2.821
1.969
2.099
2.161
3.574
1.769
2.766
2.095
2.631
2.478
2.514
2.68
2.211
2.554
3.33
2.585
3.005
1.917
2.008
3.467
3.489
1.682
3.105
2.538
2.402
3.876
1.684
2.554
2.205
1.558
2.47
2.341
2.698
2.425
3.688
2.29
2.308
2.011
2.718
1.724
2.601
2.54
2.669
2.646
2.292
1.848
1.611
3.502
1.966
2.04
1.65
3.002
2.793
2.459
2.403
1.669
1.813
2.949
3.153
1.872
2.192
1.632
2.243
1.612
2.56
3.94
1.61
1.82
3.08
3.92
1.539
3.529
3.043
3.745
3.206
3.68
3.559
3.268
2.691
2.515
2.971
2.031
2.023
3.48
1.504
3.619
2.539
3.682
3.462
2.95
1.523
1.946
3.425
2.754
3.403
2.595
3.243
2.552
2.622
1.703
1.921
2.313
2.237
2.575
2.591
2.958
3.09
3.343
3.288
3.625
1.655
1.759
2.845
2.967
3.575
1.837
3.744
3.107
2.142
2.907
3.547
2.791
1.535
1.642
2.664
1.683
1.52
3.993
3.982
2.3
3.716
2.327
3.242
3.121
1.747
2.853
2.04
3.399
3.882
2.715
1.634
1.979
2.151
2.741
2.675
2.732
1.658
2.071
2.163
1.824
3.225
3.499
1.538
1.603
3.207
3.371
1.601
2.135
3.908
2.831
3.556
1.965
3.819
2.864
1.888
3.078
1.901
3.306
2.528
3.832
2.537
2.237
3.117
2.216
2.86
3.946
2.364
2.272
3.719
3.933
2.249
2.701
2.781
3.129
3.482
2.336
2.571
2.095
1.821
2.076
3.939
1.774
3.187
3.346
2.027
3.443
2.902
2.059
2.978
2.956
3.52
2.035
3.094
2.282
2.801
3.554
2.955
3.648
2.63
3.336
2.15
2.052
3.533
2.238
3.695
3.984
2.038
2.324
2.168
1.867
3.994
3.557
2.763
1.702
3.519
2.46
3.674
1.807
2.202
2.94
3.52
2.041
3.675
2.135
3.578
2.931
2.186
3.028
2.302
2.518
1.718
1.686
1.685
2.146
1.764
3.259
2.902
2.876
2.185
3.065
3.322
3.029
3.882
2.286
2.584
1.849
2.262
2.346
3.685
2.337
2.021
3.82
3.573
3.832
3.449
2.12
2.914
2.737
3.845
2.453
2.328
3.892
1.696
3.583
3.113
3.363
1.986
2.602
2.983
2.922
3.231
3.0
2.206
3.921
3.705
2.03
1.713
1.609
3.051
3.67
2.293
1.887
2.412
3.968
2.598
1.633
3.768
2.717
1.735
2.341
1.715
3.284
1.595
2.331
3.508
3.056
2.254
3.122
3.926
2.558
1.688
3.464
3.2
2.097
1.561
3.141
3.822
3.054
3.949
3.945
2.229
2.464
3.208
1.896
3.722
3.263
3.335
2.404
2.051
1.72
2.417
1.746
3.066
2.447
2.191
2.952
3.431
1.611
2.826
1.912
2.873
2.349
1.865
2.679
3.817
3.157
2.105
3.679
1.886
1.803
2.844
2.1
3.304
3.492
3.047
2.551
1.956
1.608
3.096
1.911
3.287
3.242
3.48
3.609
2.453
2.709
2.55
2.058
3.119
3.704
3.577
2.022
3.958
1.623
1.908
3.788
2.996
2.824
2.577
1.689
2.401
2.002
2.793
3.85
1.91
1.971
1.71
2.01
3.443
2.246
3.567
1.723
3.694
2.225
3.398
3.296
2.344
3.264
3.734
3.321
3.431
2.628
1.78
3.041
3.656
2.125
2.929
2.13
3.638
3.985
1.588
2.945
1.941
3.668
3.044
3.684
3.832
2.04
3.028
2.312
2.969
2.722
2.161
1.872
3.834
3.477
3.106
3.553
2.055
3.108
2.161
1.577
2.479
3.436
2.604
1.623
2.859
3.687
1.608
3.092
2.93
2.704
3.063
3.233
3.028
3.935
2.641
2.649
3.254
3.086
2.838
2.021
1.828
3.314
3.616
3.874
1.846
3.69
2.9
3.826
2.448
3.362
3.664
2.31
3.109
2.615
3.923
3.025
3.344
3.409
2.43
2.604
1.583
2.884
3.502
1.856
3.554
3.513
1.818
2.716
3.024
3.599
1.627
1.861
3.275
3.871
3.495
2.099
2.673
1.932
2.677
3.666
1.788
3.794
3.575
2.137
3.525
3.241
2.204
2.544
2.136
1.761
2.211
3.689
3.962
1.619
3.188
1.777
2.22
3.312
2.107
3.964
3.52
2.53
3.18
3.465
1.77
3.158
2.621
2.69
2.744
3.567
1.813
1.875
3.586
2.57
3.04
1.593
1.74
1.88
2.801
3.515
2.025
3.371
2.881
2.688
2.901
3.871
3.955
1.848
2.964
2.91
3.292
3.87
2.61
2.336
3.887
2.465
2.298
1.554
2.913
2.949
3.558
3.17
3.751
1.546
2.034
3.987
2.466
3.454
2.736
3.525
3.489
2.195
3.566
3.209
3.823
3.048
3.444
3.172
1.88
3.262
2.723
1.872
3.71
2.049
3.27
3.446
1.865
3.101
2.582
1.614
2.356
2.837
2.769
3.107
2.858
2.84
2.859
3.011
2.388
3.749
3.608
3.099
2.202
2.675
1.805
1.912
3.518
3.916
2.074
1.685
1.838
2.582
1.805
2.935
2.45
1.619
2.569
3.539
2.815
3.967
3.789
1.873
3.096
3.323
2.822
2.771
3.761
3.618
2.842
3.847
2.284
3.643
1.607
2.215
2.128
3.151
3.906
3.141
2.452
2.317
3.121
1.741
1.781
3.521
2.397
2.182
3.825
2.818
2.085
3.901
2.848
1.889
2.62
2.622
3.368
3.178
2.96
3.788
2.124
1.79
2.18
2.081
3.907
2.974
1.707
3.384
3.128
3.023
3.389
2.363
1.985
2.955
2.583
1.77
1.825
2.712
3.637
2.104
2.731
3.669
1.656
2.547
3.661
3.354
3.53
3.21
2.188
3.941
2.631
3.817
3.598
2.711
3.789
2.351
2.782
3.987
3.078
3.135
3.177
2.649
3.053
1.773
2.261
3.306
3.114
3.735
3.327
1.979
3.175
2.352
1.933
1.67
3.205
1.647
2.462
3.887
3.95
2.788
3.643
1.826
2.396
3.227
2.237
2.401
3.834
2.531
3.051
3.421
3.611
2.666
2.724
2.904
3.371
2.43
3.38
3.431
3.127
1.899
1.705
1.817
2.968
1.687
2.861
1.569
1.679
2.337
3.14
3.434
2.807
3.191
3.687
1.601
2.47
3.276
3.414
2.061
3.546
3.485
2.599
3.485
3.862
3.547
2.682
1.985
3.449
3.419
2.019
3.073
2.978
1.657
2.879
2.241
2.113
2.115
3.066
3.632
3.291
2.812
2.762
3.287
1.689
2.176
1.626
1.943
2.122
3.538
3.755
3.016
1.824
1.576
1.792
3.841
3.631
2.125
3.182
3.27
2.603
2.52
3.316
2.471
2.195
3.525
3.136
2.233
1.644
3.942
2.285
3.815
1.554
2.624
2.658
2.154
3.678
2.709
2.793
1.523
3.971
2.407
3.363
3.339
2.319
3.461
3.086
3.307
2.839
3.256
2.678
2.224
3.953
2.413
3.118
2.749
3.713
2.281
2.51
3.09
3.929
1.5
1.69
2.807
3.115
3.363
3.498
1.684
3.39
3.191
2.13
2.361
3.643
2.78
2.239
3.436
2.338
2.615
2.163
3.743
1.745
1.899
3.737
1.804
3.433
3.318
2.767
1.529
2.859
3.21
2.836
2.331
1.832
3.955
3.091
3.127
3.968
3.316
2.708
2.312
2.699
3.348
3.081
3.05
3.803
2.909
2.513
2.932
2.167
2.527
2.385
3.996
3.82
1.718
3.742
3.178
2.797
2.737
1.916
2.485
1.922
3.483
3.853
3.978
1.923
1.747
2.936
2.955
1.965
3.796
3.849
1.601
2.993
3.115
3.86
3.48
3.537
3.185
3.557
1.597
3.201
1.761
2.579
3.736
1.683
2.855
3.071
1.965
2.964
3.674
3.742
3.125
1.703
2.464
1.623
2.963
1.924
2.223
3.337
2.222
3.6
2.764
2.762
2.275
2.126
2.172
3.71
3.681
3.837
1.946
2.902
2.648
3.194
3.162
3.731
2.088
1.993
2.249
3.551
3.324
3.664
1.512
2.791
3.378
3.004
3.6
2.668
2.487
2.6
2.333
3.767
3.733
3.913
2.18
2.023
3.198
2.639
2.178
2.269
3.633
3.886
3.27
2.385
3.381
1.653
3.975
1.6
2.568
2.618
1.539
1.834
3.932
3.065
3.09
3.554
3.496
2.398
3.256
1.912
2.547
3.517
2.869
3.626
1.706
3.629
2.042
3.184
3.717
2.578
2.54
2.683
3.406
2.508
3.794
2.311
1.869
2.214
2.85
2.293
3.478
1.592
2.241
2.567
3.504
2.945
3.963
1.76
2.177
2.476
2.689
1.838
2.998
2.536
2.44
3.447
2.468
3.094
2.315
2.313
3.012
2.315
3.373
3.738
1.514
2.881
2.023
1.967
1.833
1.536
3.171
1.884
1.645
3.762
2.629
1.84
3.27
2.777
3.416
2.811
2.153
2.524
3.644
2.556
1.816
3.995
3.838
2.311
3.033
1.575
3.136
1.621
3.972
1.696
1.621
2.324
3.483
2.1
3.126
1.559
1.742
3.379
2.358
2.131
2.594
3.996
1.536
1.506
2.518
3.575
1.839
3.923
3.336
2.206
3.737
2.923
3.37
3.067
2.595
3.012
2.717
2.717
1.65
3.836
3.163
1.577
2.95
1.923
3.666
3.671
3.409
2.224
2.692
3.367
2.458
3.713
1.764
3.773
1.925
1.614
1.8
3.564
1.943
3.254
1.527
1.861
2.215
3.576
2.068
3.446
2.175
1.746
3.54
2.047
3.205
2.074
2.017
3.752
2.811
2.882
1.601
3.988
1.568
1.989
3.809
3.08
2.193
2.956
3.657
2.111
2.597
2.347
2.186
3.915
3.064
1.562
1.886
3.067
3.405
3.546
1.819
3.107
2.163
2.885
2.738
3.497
3.83
2.909
3.591
3.37
3.404
2.53
3.564
2.557
3.367
1.598
2.911
3.413
1.531
2.817
3.772
1.938
3.408
2.008
2.562
2.104
3.919
3.405
3.337
2.579
2.93
3.771
2.748
3.567
1.688
3.065
2.753
2.995
1.819
3.874
2.047
3.095
3.4
2.614
2.937
3.309
1.79
1.822
2.121
3.632
2.184
1.919
2.578
3.315
2.739
2.351
2.898
1.66
2.642
2.773
2.598
2.489
2.586
1.729
1.73
1.55
2.7
3.04
3.915
2.058
3.59
2.246
2.048
3.963
3.752
3.99
2.877
3.48
2.813
3.159
3.894
1.631
2.659
2.34
1.674
2.521
3.438
2.488
1.715
3.874
2.369
3.715
3.932
2.527
2.088
2.602
1.904
2.442
1.792
3.328
1.877
1.975
2.4
3.774
3.579
3.741
1.547
3.919
2.788
2.956
2.825
2.96
1.624
2.098
2.583
2.733
3.435
3.787
1.81
2.175
2.843
1.84
2.529
3.37
3.806
3.692
3.111
2.76
2.276
3.842
3.668
3.804
3.413
1.867
3.937
1.69
2.822
3.079
1.805
2.11
2.135
1.6
2.524
1.8
2.773
1.624
1.725
1.614
2.598
2.106
2.719
2.474
3.015
1.733
2.559
3.799
2.371
1.947
3.707
3.122
1.528
2.68
2.071
1.507
3.581
1.577
2.977
2.406
1.575
3.495
2.522
2.989
2.252
1.589
2.717
1.585
1.55
3.833
2.441
2.868
2.479
3.218
2.768
2.733
2.292
1.797
3.301
2.514
3.076
3.295
3.715
3.376
2.052
3.058
1.844
2.564
3.289
1.77
2.343
1.659
3.809
2.257
1.934
2.003
2.241
2.016
3.051
2.983
2.564
1.933
2.482
2.707
2.345
2.638
3.465
3.553
3.972
3.974
3.483
2.149
1.985
2.683
3.28
2.462
3.187
3.679
1.998
2.077
3.688
2.419
3.775
2.408
2.957
2.006
3.846
2.062
1.926
3.264
3.691
2.323
3.997
2.92
2.862
3.979
3.335
3.235
2.12
3.152
2.915
1.737
2.229
3.51
3.726
3.33
1.874
1.713
2.974
1.909
2.569
2.908
3.282
3.908
2.848
2.573
3.065
3.46
2.823
2.103
3.906
3.583
2.888
1.697
1.616
3.156
3.334
2.289
3.15
2.968
1.854
2.399
1.681
3.852
2.082
1.566
3.621
2.452
2.719
2.716
1.968
3.378
1.678
2.44
1.909
2.862
2.365
3.0
3.51
3.927
1.733
1.733
3.045
2.368
4.0
3.343
2.823
3.112
2.949
3.103
3.113
1.627
3.454
2.644
3.596
1.579
2.496
3.87
1.757
3.113
1.891
3.694
1.566
1.802
3.723
1.668
1.71
1.805
1.752
3.323
3.61
1.764
3.702
2.995
2.555
1.507
2.52
1.947
3.365
3.074
1.998
2.676
3.263
3.265
1.532
3.079
2.227
3.402
2.336
2.525
3.959
2.467
3.692
2.888
1.555
2.363
3.497
2.464
3.152
2.54
2.331
3.548
3.142
3.555
1.73
3.701
2.288
3.138
1.736
2.774
1.79
2.032
2.46
1.737
2.965
3.801
2.533
2.452
3.963
2.234
1.591
1.653
3.625
1.787
2.577
1.617
2.511
1.676
2.075
2.283
3.841
1.559
2.989
2.015
2.739
1.678
2.054
2.993
2.58
3.402
3.976
2.355
1.564
1.856
2.934
2.291
3.67
1.812
2.915
3.826
3.185
3.5
3.537
2.082
3.638
2.495
1.632
3.072
3.553
2.426
1.663
2.285
1.905
1.875
2.223
3.605
3.786
3.01
3.889
3.272
1.63
3.405
2.754
3.251
2.057
3.006
3.302
1.597
1.642
1.673
3.143
1.66
2.279
1.92
1.939
3.534
3.547
3.594
3.177
1.908
2.633
2.695
1.741
3.538
3.064
3.406
2.873
3.199
1.982
3.295
3.325
2.902
1.627
2.489
2.612
1.578
2.031
2.99
3.124
3.464
1.89
2.473
3.64
3.901
1.919
1.803
3.829
2.93
3.136
3.948
3.164
2.643
3.645
2.269
1.975
1.816
3.429
2.936
1.727
3.482
3.046
1.843
1.816
2.645
2.352
2.355
3.403
3.781
3.704
1.639
2.604
3.107
2.388
3.204
3.002
2.62
3.11
2.203
1.891
3.158
3.117
3.814
3.077
1.727
3.969
3.232
1.753
2.185
2.844
1.807
2.402
2.572
3.696
1.987
3.231
1.917
3.291
2.659
2.637
1.62
2.394
3.347
2.501
1.877
2.692
1.908
3.946
1.813
3.761
2.294
2.216
3.437
3.41
3.994
2.339
2.27
2.856
2.854
2.566
3.208
2.582
1.91
2.557
3.161
1.503
2.776
3.112
2.162
3.908
1.908
2.019
3.373
3.28
2.785
3.502
3.922
3.593
3.825
2.52
2.152
3.244
3.824
3.337
3.752
2.949
3.372
1.91
3.624
1.989
3.27
1.756
2.9
3.456
1.831
3.08
2.365
3.824
3.097
1.576
1.935
3.69
3.194
2.599
3.59
2.461
1.955
3.297
3.244
3.518
3.727
3.075
3.411
3.832
2.526
1.574
2.642
3.667
3.513
2.757
2.675
2.705
1.811
3.286
2.892
1.913
2.322
2.795
2.566
3.692
2.186
3.523
2.177
2.267
2.841
2.423
3.051
3.286
1.539
3.904
3.837
3.818
3.062
2.441
2.403
2.498
3.943
2.378
3.122
3.052
3.164
2.691
3.597
1.574
3.946
3.487
2.269
3.839
1.533
3.469
3.365
2.694
3.065
3.422
3.888
2.91
2.825
3.837
2.359
3.373
1.544
3.265
3.23
2.994
1.844
3.396
2.13
1.967
3.724
2.266
1.681
1.965
3.876
2.027
3.278
3.664
2.198
3.498
3.161
2.431
3.016
3.696
3.168
2.533
3.592
1.66
2.388
2.396
3.674
3.275
1.81
3.97
1.961
3.063
1.894
3.882
3.878
1.901
1.977
2.057
3.505
1.922
3.272
2.258
2.267
2.964
3.425
2.706
3.978
1.923
3.904
2.333
2.206
3.135
2.407
3.09
1.831
3.468
3.083
3.758
2.372
3.557
2.206
2.484
3.119
1.766
3.109
3.83
1.801
3.626
1.565
2.253
2.796
3.96
3.532
3.82
3.732
1.665
3.483
2.841
2.156
3.678
2.316
2.172
3.188
2.023
1.862
3.245
3.433
1.59
2.54
2.384
2.021
3.994
3.35
3.911
3.699
2.121
1.956
2.706
1.852
2.821
2.52
1.674
1.853
2.808
3.357
2.226
2.671
1.876
2.987
2.143
2.072
2.26
1.778
3.9
2.635
2.946
3.466
2.59
2.643
2.251
3.171
2.643
3.981
2.836
2.428
2.157
3.386
3.925
2.153
3.913
3.925
2.927
3.677
3.174
2.907
2.32
2.195
2.916
3.687
2.38
1.998
2.843
2.219
3.367
3.211
3.42
2.077
1.725
2.376
3.608
2.251
2.862
3.693
2.942
1.556
3.313
3.805
2.14
2.986
2.529
2.004
1.526
3.638
2.76
2.196
3.274
2.606
2.487
2.378
1.899
3.909
3.667
1.929
1.832
3.177
2.019
1.863
2.113
1.984
1.86
2.237
1.756
1.56
1.871
1.77
1.948
3.884
3.955
1.715
3.366
2.509
2.88
2.326
2.593
2.349
3.522
2.809
3.684
3.17
3.855
3.734
3.356
1.626
1.625
2.186
2.607
3.04
1.531
1.673
3.29
1.633
1.974
3.103
3.003
2.756
2.923
3.271
2.037
1.811
3.217
3.0
3.926
3.358
1.591
3.958
1.996
1.844
3.3
2.038
3.007
3.416
2.35
1.712
1.904
3.106
1.53
2.825
2.417
2.959
3.534
2.363
1.858
2.409
3.606
3.439
2.01
2.086
1.589
1.94
2.837
3.361
3.236
3.088
3.996
2.971
2.064
2.283
1.633
3.638
2.818
2.395
2.941
2.782
2.27
3.756
2.716
2.87
3.739
3.516
1.883
2.255
3.407
2.462
2.348
1.589
3.418
2.599
3.033
3.879
2.024
2.394
3.438
3.831
3.259
3.137
1.875
2.44
3.434
2.877
3.387
1.726
3.26
2.726
2.891
3.85
2.407
3.005
3.717
1.738
1.693
2.12
2.026
1.819
3.607
3.665
2.065
3.797
2.504
1.725
1.967
1.882
1.52
3.283
3.742
1.82
3.589
3.222
3.673
2.339
2.151
3.858
3.938
2.371
3.701
1.747
2.727
3.436
2.429
3.882
2.234
3.21
2.925
3.833
3.284
2.096
3.186
2.025
1.708
2.354
1.729
2.274
3.304
3.492
1.958
1.812
3.482
3.664
2.267
3.956
2.212
3.715
1.638
3.821
3.266
2.688
2.497
2.999
3.462
3.018
3.645
2.418
2.854
2.085
2.612
2.299
2.069
2.36
3.781
2.096
2.444
1.67
2.643
3.91
2.624
1.861
2.584
1.864
2.321
2.916
2.969
1.68
3.518
2.769
2.781
2.208
2.745
3.645
3.49
1.588
3.526
2.243
1.72
3.902
3.864
3.579
2.25
3.815
2.754
3.041
2.739
1.848
3.338
3.361
3.228
1.564
1.69
2.177
3.435
3.931
1.695
3.525
3.353
2.137
3.988
1.644
3.512
3.425
1.629
2.499
1.759
1.859
2.982
3.91
1.708
2.797
3.03
2.679
3.37
3.946
3.132
2.908
3.261
3.588
3.234
3.699
2.05
2.258
2.984
3.831
2.564
3.657
2.859
2.267
3.011
3.364
2.143
3.592
3.284
3.929
1.662
3.754
2.333
1.804
2.426
2.416
3.329
3.445
3.725
2.456
2.752
3.128
1.868
3.118
2.181
3.202
3.533
2.5
2.459
3.986
3.899
2.501
1.883
3.843
2.853
1.767
2.67
1.632
3.727
3.109
2.154
1.645
2.179
1.892
2.017
2.319
3.47
3.367
2.827
3.373
3.644
1.596
2.927
3.133
2.736
3.139
2.086
3.96
3.719
3.115
3.275
3.32
3.411
3.821
3.538
1.532
2.335
2.867
2.862
2.32
1.859
3.158
2.276
2.411
3.947
1.999
2.876
3.394
3.955
3.018
2.765
2.333
2.278
2.236
2.63
2.994
3.533
2.628
3.871
1.815
3.145
2.159
2.538
3.879
3.606
1.618
2.34
3.593
1.594
2.684
2.954
3.137
2.435
2.214
3.228
1.831
2.323
2.217
3.686
1.694
2.254
2.817
3.902
3.286
2.961
2.241
2.152
1.629
2.085
2.48
2.779
2.93
3.314
3.641
3.218
2.867
1.662
1.578
3.5
3.686
1.569
1.848
3.706
2.413
1.928
3.943
3.845
2.976
2.188
3.212
3.625
3.046
2.5
2.744
3.668
3.47
2.085
3.829
3.046
2.292
2.229
3.51
1.53
2.512
1.683
1.504
3.775
2.184
2.613
3.685
1.583
3.871
2.889
2.078
3.624
2.344
3.45
3.622
2.272
3.1
2.961
3.3
3.611
2.128
3.442
2.198
2.414
1.753
3.004
1.786
3.439
3.608
3.2
2.753
2.643
1.749
3.597
2.582
3.283
3.681
3.608
2.49
2.738
1.846
3.005
2.674
3.701
1.729
2.583
3.23
1.605
2.124
3.709
3.297
3.97
2.002
1.836
3.395
2.026
2.706
2.379
2.043
3.758
2.667
3.737
3.192
3.457
3.092
2.202
3.692
3.661
2.271
2.405
3.664
3.778
2.556
2.206
2.155
3.429
2.422
3.587
1.695
3.92
2.635
1.573
3.342
3.062
3.57
3.925
3.265
3.413
3.615
2.455
3.44
1.511
2.052
3.326
3.421
2.46
2.426
3.733
2.245
2.713
2.555
3.686
2.388
2.017
2.436
3.844
2.604
1.801
2.277
2.387
3.815
3.804
3.065
2.781
2.304
3.256
3.435
3.889
3.258
2.206
1.685
3.229
2.505
2.043
2.294
3.002
3.278
3.476
3.372
1.661
2.113
2.015
1.545
2.294
3.925
3.356
1.822
1.511
2.835
3.43
2.502
2.862
3.491
3.609
1.56
2.833
2.214
3.832
3.939
3.699
2.666
2.212
3.08
1.682
3.61
1.943
2.292
2.989
3.965
2.375
2.955
3.206
3.7
2.8
2.524
1.989
3.799
2.962
3.693
3.997
2.995
3.921
2.171
2.384
2.195
2.162
3.043
3.618
2.759
3.841
2.44
3.139
3.592
2.003
1.638
1.545
2.294
3.82
3.31
3.207
2.047
3.818
3.079
2.865
2.859
3.701
1.987
1.768
2.077
2.918
1.902
2.048
3.214
2.183
2.046
2.964
2.79
1.922
3.56
1.844
1.567
3.25
3.555
2.027
3.096
2.253
1.563
3.148
2.594
1.573
3.34
3.559
3.825
3.777
3.469
2.912
3.161
1.898
2.89
3.537
3.657
1.76
3.043
3.218
3.471
2.758
2.267
3.025
2.547
2.314
3.946
2.743
1.621
2.639
3.971
2.784
1.588
1.951
2.441
1.639
3.914
3.175
2.724
2.615
2.872
2.131
2.614
2.866
1.955
2.474
3.611
2.914
2.637
3.547
3.577
3.013
2.559
2.351
2.72
3.098
1.596
2.215
2.514
3.634
1.77
3.661
3.737
3.335
3.955
2.512
3.052
3.766
2.345
2.901
1.922
2.458
2.314
3.995
1.578
1.538
2.265
2.585
3.761
2.745
3.634
1.94
1.532
1.68
2.783
2.217
3.511
1.568
3.35
2.199
2.477
1.547
2.01
3.698
2.319
1.637
1.554
3.375
2.93
2.172
3.356
2.778
2.238
2.887
3.151
2.182
3.321
3.514
3.253
2.255
2.957
3.859
2.551
2.329
2.2
3.002
3.104
2.291
1.617
2.184
3.889
2.192
2.984
3.064
3.166
2.378
2.93
3.07
3.581
3.855
3.437
2.6
2.51
2.462
3.362
1.784
2.965
1.551
3.898
3.847
2.412
3.68
3.906
3.634
2.283
3.189
3.27
3.01
3.574
3.55
1.641
3.814
1.911
1.816
2.606
3.323
3.781
2.517
2.885
3.713
3.184
3.78
3.116
1.611
3.8
2.842
2.133
3.637
3.033
3.385
3.13
1.834
2.445
2.103
1.597
2.626
3.381
2.118
2.79
1.966
2.676
2.475
1.73
3.1
2.185
2.591
3.823
3.351
1.865
2.937
2.59
1.565
2.701
2.309
1.952
3.332
2.299
2.693
2.381
2.635
2.283
2.2
2.434
3.135
2.334
1.903
2.475
1.746
3.541
3.891
2.964
3.415
3.178
3.372
3.614
3.194
2.05
3.269
1.534
2.959
2.267
3.558
3.298
2.707
2.538
3.636
3.378
3.608
3.513
3.568
3.875
3.342
3.938
3.462
2.32
3.869
1.884
2.439
2.534
3.059
1.976
1.555
3.683
3.669
1.542
1.602
2.32
3.32
1.98
2.138
3.993
2.067
1.507
2.463
2.664
2.462
2.697
3.499
1.793
3.605
3.517
1.546
3.122
1.597
3.784
3.998
1.929
3.874
3.182
3.611
3.027
2.862
3.146
1.617
1.835
3.809
2.191
1.986
2.226
3.19
3.539
3.666
3.718
2.473
3.07
3.428
3.215
2.646
1.843
1.925
1.599
1.536
3.48
3.876
3.825
2.044
1.545
2.916
3.44
3.588
2.62
2.311
2.994
2.551
3.287
2.488
3.647
3.713
1.964
1.839
3.061
3.716
2.698
2.161
2.449
1.896
1.661
1.665
3.989
1.954
2.577
2.59
1.854
3.031
3.804
3.543
2.952
1.539
2.456
1.816
2.71
3.352
2.981
1.643
2.717
2.036
2.782
1.708
3.177
1.895
2.114
1.743
3.914
1.827
1.599
3.028
2.638
2.32
1.572
1.692
3.448
1.767
3.157
2.989
2.661
3.186
3.932
2.289
1.576
2.984
2.202
3.771
2.388
3.347
2.756
3.42
2.256
2.699
2.398
3.672
2.211
3.899
2.845
3.875
3.653
3.327
1.597
2.096
2.076
2.282
3.744
2.827
1.789
2.228
2.622
1.817
2.406
3.176
3.299
3.589
3.285
2.025
3.126
1.839
1.644
2.715
2.673
2.742
2.076
1.865
2.7
2.835
3.324
2.266
3.981
2.165
1.891
2.163
2.911
3.175
1.821
3.272
3.866
2.999
3.182
3.596
3.572
3.369
3.179
2.924
3.378
3.479
3.994
1.665
2.032
2.425
3.656
3.139
2.484
3.169
3.613
2.684
3.711
3.202
3.437
1.953
3.349
3.368
3.191
2.027
3.609
3.536
3.279
2.852
3.418
3.595
3.64
2.785
3.846
2.831
3.589
2.786
3.293
2.421
2.356
1.947
3.097
3.248
2.945
2.121
1.535
1.597
3.809
1.602
2.647
3.236
2.396
3.844
3.682
3.983
1.585
2.365
2.093
3.857
3.696
1.606
3.537
1.716
3.107
3.691
2.282
1.598
2.564
2.881
2.193
2.951
1.55
3.264
1.779
3.391
2.092
1.725
3.26
2.971
3.053
2.634
3.534
2.726
3.796
1.609
2.277
2.666
3.694
3.73
3.486
3.496
2.629
1.576
3.814
2.1
2.667
3.17
2.109
1.633
1.914
2.803
1.971
3.2
2.057
2.892
3.214
1.818
1.792
2.717
3.038
3.692
2.551
3.655
1.702
3.154
3.369
2.981
2.813
2.3
1.596
2.802
2.063
3.702
2.405
1.948
3.926
1.914
2.225
1.888
3.446
1.876
1.541
3.659
2.454
3.567
2.523
3.505
2.781
3.72
2.746
2.793
3.991
3.334
1.587
2.827
2.9
3.072
3.698
2.945
2.173
3.412
1.736
2.946
1.648
3.237
3.877
3.84
3.388
3.298
3.54
1.733
3.53
1.775
2.791
3.354
2.697
2.778
1.658
2.961
3.082
2.396
1.659
3.472
1.884
3.402
3.718
3.292
2.476
1.959
1.994
1.663
3.784
1.632
2.201
3.226
2.473
2.206
2.506
2.087
1.823
1.717
2.551
3.504
3.985
3.576
2.073
3.777
3.469
3.55
2.405
3.487
1.528
2.907
3.581
2.679
1.694
1.661
1.783
2.042
3.539
3.682
2.569
2.073
1.737
2.49
3.542
3.861
3.648
3.724
3.045
1.584
2.95
1.891
2.031
2.348
3.771
2.558
2.501
4.0
3.29
2.084
2.655
3.134
2.846
1.678
1.569
3.049
3.576
2.813
3.737
1.573
2.016
1.711
2.774
3.366
1.654
1.54
1.925
3.947
2.703
3.043
1.798
2.426
2.781
3.106
2.911
3.747
1.701
1.56
1.657
3.119
3.638
1.531
1.76
2.85
1.743
1.853
3.041
3.988
3.282
1.954
2.245
2.903
1.732
3.911
2.86
3.213
3.984
3.103
2.627
3.273
2.441
3.188
3.655
2.877
3.7
2.005
2.306
1.848
3.629
2.505
2.482
2.539
2.266
3.238
2.379
2.064
1.598
1.596
3.686
2.593
2.885
2.514
2.736
2.234
3.901
2.173
2.313
3.437
2.582
3.051
3.647
3.904
3.776
3.479
2.223
1.807
3.074
2.064
2.713
2.742
3.408
1.791
3.368
1.721
3.428
2.325
2.438
3.409
3.002
1.711
2.309
3.577
2.822
1.507
3.059
3.388
2.731
1.972
1.924
3.0
1.934
2.334
3.31
3.399
3.406
3.618
3.454
3.09
1.832
3.934
3.839
3.054
3.781
3.06
1.511
1.519
3.812
2.302
2.351
3.814
1.633
2.843
2.666
1.5
2.982
2.877
2.406
2.647
3.625
3.513
3.67
2.653
2.575
1.524
3.761
1.972
3.789
1.91
2.98
2.851
2.886
2.396
1.535
1.54
2.543
3.252
3.501
3.928
2.376
2.174
3.613
3.176
2.759
3.912
1.752
1.559
2.341
3.043
2.302
3.04
3.589
3.287
1.943
3.844
2.486
3.94
3.236
1.976
3.161
3.404
3.724
3.784
1.854
2.03
3.209
3.471
2.797
2.568
2.514
1.731
3.512
2.167
3.483
1.975
3.336
2.736
2.648
1.979
3.342
3.707
3.429
3.527
2.674
3.993
1.977
3.294
1.979
1.709
2.428
3.394
3.41
2.752
3.788
3.441
2.352
1.928
2.743
1.822
2.512
3.904
1.642
2.228
3.344
2.812
3.386
2.805
3.723
3.396
3.61
3.296
3.914
2.881
3.048
2.946
2.694
2.161
2.861
1.534
3.844
3.002
3.674
3.751
3.051
2.763
3.244
2.777
2.274
2.712
2.674
3.441
2.168
1.865
3.762
2.671
1.802
2.883
2.666
2.675
3.283
1.544
2.272
1.819
2.221
1.837
2.712
3.178
1.797
2.16
2.858
1.918
2.824
2.621
3.404
2.057
2.754
3.709
1.888
2.639
3.752
2.986
1.883
3.687
3.171
2.79
2.681
2.752
2.074
3.352
2.717
2.649
2.812
2.385
3.211
3.222
2.249
3.97
3.874
3.757
1.96
2.362
2.386
3.072
1.761
3.809
2.457
2.674
3.09
3.779
2.045
3.582
3.73
3.482
2.066
3.123
2.449
3.882
1.62
2.908
3.855
2.082
1.692
2.336
2.826
2.955
3.669
3.288
2.581
3.681
2.901
2.727
1.717
3.88
1.75
2.979
1.617
3.959
3.499
2.104
3.169
3.81
1.891
3.6
1.825
2.39
2.876
3.04
2.214
3.798
1.57
2.507
3.302
1.851
1.579
3.731
2.294
3.914
1.785
1.972
2.479
2.297
2.911
1.953
2.214
3.126
3.36
3.084
3.372
2.278
3.813
2.274
1.847
1.874
1.61
1.843
2.387
3.863
3.252
3.254
2.234
2.361
2.547
2.943
2.173
1.836
2.39
2.085
3.499
2.119
3.431
2.68
3.555
2.583
3.953
3.356
2.099
1.676
3.7
1.655
3.033
3.629
2.011
3.854
3.13
1.561
2.309
2.178
2.367
3.813
3.193
3.574
3.781
3.955
3.791
2.187
3.89
2.175
2.192
2.13
3.099
1.898
2.511
3.233
3.721
3.254
2.659
2.714
2.111
3.876
1.846
2.735
1.541
2.719
2.125
2.905
2.387
3.461
3.34
1.711
3.904
2.719
3.793
3.056
2.521
2.728
1.716
3.608
2.558
2.704
3.087
3.673
2.942
3.498
2.497
3.117
1.842
2.826
3.9
2.212
3.681
2.816
1.905
3.604
2.476
3.742
3.7
2.868
2.187
3.396
1.733
3.364
2.012
2.627
3.027
3.761
3.131
1.91
3.243
1.81
3.367
3.675
1.591
3.277
3.749
1.689
1.625
3.899
2.145
3.38
1.782
3.349
2.738
3.835
2.389
3.344
2.088
3.542
3.725
2.089
2.295
2.96
2.641
2.862
2.091
2.318
3.168
3.403
2.022
2.487
3.594
2.872
1.678
1.925
2.979
3.036
2.758
1.761
3.367
3.223
2.067
2.477
3.125
2.68
1.884
3.226
3.842
2.237
2.502
2.573
3.004
3.641
3.203
1.645
2.641
2.118
2.76
2.299
1.858
3.377
3.74
3.46
2.579
3.423
3.416
3.387
2.38
2.973
2.115
3.736
1.594
1.581
2.38
3.758
2.218
3.014
1.682
3.071
2.857
2.959
3.634
3.261
3.367
3.589
3.765
1.984
1.673
3.756
3.068
2.626
3.691
3.679
2.735
1.814
2.868
2.739
3.911
2.814
2.847
3.977
3.679
2.151
3.69
3.389
2.757
3.61
2.458
3.564
3.449
2.86
1.621
3.405
2.422
1.695
2.248
3.846
1.648
3.065
1.618
3.837
2.226
3.099
2.571
2.947
2.954
3.37
1.765
3.306
3.484
2.384
2.511
2.852
2.121
1.637
1.955
2.74
3.721
3.216
2.647
3.948
2.23
1.513
1.659
2.09
3.29
1.672
3.235
3.467
3.694
3.136
1.574
3.134
1.81
3.624
3.878
1.622
3.236
2.509
1.781
2.915
1.593
2.808
3.745
3.503
1.742
3.38
3.294
2.089
3.905
2.169
1.674
2.89
2.421
3.241
2.694
2.833
2.188
3.576
3.905
3.093
3.301
3.057
2.988
2.971
2.374
2.256
2.183
2.341
2.236
2.888
3.267
3.446
3.439
1.734
1.85
2.048
3.748
3.598
1.578
3.157
3.054
1.902
3.749
1.696
3.33
2.249
2.02
2.366
3.844
1.658
3.155
2.902
2.138
3.411
3.886
3.536
2.508
4.0
1.844
2.799
3.404
3.28
1.605
3.051
3.497
2.33
3.691
3.128
3.547
3.681
1.782
3.51
2.28
1.827
1.88
2.844
1.728
3.515
2.73
1.956
1.697
1.816
3.38
2.965
3.652
3.014
3.47
1.644
3.461
3.873
3.118
3.962
1.901
3.414
1.735
3.669
2.496
1.84
2.833
2.483
2.28
2.843
3.047
1.93
2.156
2.083
3.393
1.772
1.562
1.776
3.944
2.913
3.616
2.869
2.402
3.038
3.139
3.307
3.733
2.976
1.922
3.588
3.764
1.741
1.884
1.693
2.376
1.755
2.405
2.631
1.514
2.407
2.481
3.757
3.776
3.851
2.727
1.973
1.985
3.923
3.224
2.609
1.518
2.916
3.549
3.874
2.794
1.894
3.288
3.051
3.302
3.542
2.627
3.514
3.181
2.235
2.185
1.592
1.567
2.635
2.485
2.369
3.571
3.953
1.886
1.753
1.645
2.519
3.406
2.37
3.589
3.277
3.729
3.703
2.852
2.36
2.671
1.749
2.147
3.589
1.62
2.624
3.869
2.725
2.227
1.831
3.851
1.723
2.348
2.715
1.62
2.598
3.609
1.814
3.363
2.4
2.552
3.112
1.917
3.53
3.405
2.666
3.253
2.969
3.702
3.667
2.094
2.701
2.467
1.708
1.93
3.962
2.895
2.569
3.864
2.696
2.603
1.702
2.668
2.915
3.231
1.844
3.966
1.754
2.411
3.91
2.054
3.294
1.698
3.593
3.861
3.347
3.536
3.166
1.707
2.817
3.369
2.463
3.262
3.784
3.242
2.17
3.782
3.334
3.291
2.491
2.069
1.883
3.172
1.657
3.235
2.296
3.548
2.156
1.501
2.662
3.149
2.373
2.418
3.555
3.951
2.934
3.997
2.92
3.722
2.829
3.033
3.393
2.256
1.763
1.829
1.742
1.537
1.753
2.336
2.559
3.616
2.521
3.58
2.528
3.034
2.238
3.632
3.816
2.522
3.717
3.582
3.154
3.601
2.391
2.995
1.836
3.027
2.25
3.988
3.624
3.821
2.708
1.843
2.788
3.959
2.002
2.679
2.205
3.22
1.72
2.68
3.154
2.097
3.422
3.64
2.908
3.707
1.855
3.896
3.069
3.078
3.315
1.587
3.472
3.035
1.661
2.203
3.481
3.095
3.268
2.796
2.92
2.465
2.15
3.191
2.265
3.761
3.306
2.293
1.775
2.873
3.786
2.556
1.766
3.382
3.833
1.946
3.384
3.874
2.559
2.411
2.119
3.977
3.723
1.731
3.785
2.1
3.217
3.383
1.851
3.648
3.816
1.918
2.346
2.452
1.577
1.826
2.685
2.396
1.636
1.69
1.78
2.943
2.474
3.467
1.643
3.554
2.743
3.111
3.642
3.071
3.002
3.367
2.633
2.464
1.629
3.008
3.761
3.451
2.251
1.545
2.192
2.55
2.712
3.3
3.976
2.227
3.251
2.469
2.484
3.654
2.887
3.313
2.372
1.644
2.841
3.718
2.864
3.877
1.744
3.978
3.086
3.026
3.899
1.978
2.792
3.857
2.063
1.64
2.919
3.198
2.592
2.42
2.401
3.819
3.716
3.978
3.715
2.279
2.988
3.735
3.834
3.979
2.155
2.947
2.435
3.574
1.731
2.129
2.822
1.536
3.852
2.009
3.729
3.796
1.797
2.642
3.698
3.668
3.933
1.856
3.397
2.957
2.785
3.986
2.568
3.933
3.664
3.855
3.913
3.771
3.78
2.18
3.331
2.349
1.616
3.518
1.697
3.117
1.777
2.886
2.671
3.513
1.982
3.2
1.544
2.586
3.543
2.304
2.901
1.599
2.302
3.625
2.637
2.003
1.784
2.235
2.935
3.768
3.805
2.315
2.238
3.226
2.445
1.632
2.282
3.533
2.491
3.748
3.941
3.186
2.292
3.053
2.828
2.179
2.54
2.038
3.149
1.981
2.639
1.55
3.786
2.201
1.881
2.839
1.978
2.432
2.863
1.904
2.941
3.052
3.309
1.737
2.029
3.555
3.12
2.268
3.044
3.208
3.732
3.495
1.632
2.755
1.819
2.558
1.793
2.34
2.389
1.59
1.872
3.457
3.215
2.027
2.924
3.252
3.32
2.421
2.012
2.195
1.81
3.59
3.684
3.629
2.715
1.678
1.843
2.863
2.397
2.157
2.905
2.395
3.636
2.023
2.471
2.353
3.003
2.481
3.523
2.916
1.75
2.223
1.577
1.737
3.968
2.465
3.323
3.465
3.964
3.325
2.162
2.73
2.4
2.321
3.686
2.758
3.745
2.947
1.841
3.376
2.21
3.375
1.84
3.158
3.557
2.508
1.645
2.155
2.131
2.764
3.075
2.856
1.624
3.706
1.818
3.297
2.801
3.261
1.878
3.717
3.571
3.514
1.514
3.739
3.772
3.426
3.725
3.475
3.255
3.575
3.727
3.52
1.931
2.963
1.709
3.797
3.576
1.759
2.62
1.532
1.697
2.674
2.326
2.584
2.793
1.825
2.746
3.518
1.967
2.598
2.811
2.897
3.708
2.505
1.861
3.956
3.456
2.712
3.072
1.753
3.654
1.95
1.64
2.626
2.216
3.566
1.504
3.076
2.776
3.704
3.963
1.954
1.924
2.818
3.652
3.969
2.488
1.736
2.447
3.692
3.025
3.293
2.163
1.929
2.861
2.229
3.779
3.397
3.264
2.157
3.43
2.126
2.38
2.227
1.685
3.888
2.401
3.855
1.784
2.561
3.148
2.491
3.781
2.534
3.041
3.29
2.268
2.897
3.617
3.098
2.572
1.945
1.85
3.219
3.527
2.835
2.005
3.95
3.199
3.619
2.478
3.871
1.943
3.002
3.791
2.834
1.724
3.22
3.009
3.831
1.503
3.306
2.584
2.322
2.063
2.507
3.047
2.933
3.44
3.236
3.307
1.684
1.602
3.445
2.641
1.67
2.393
3.668
3.669
3.096
1.834
2.254
2.604
3.194
2.897
2.356
1.998
2.957
1.599
2.611
3.253
3.239
2.772
2.05
2.122
2.662
2.055
2.963
2.629
2.783
2.103
3.651
3.62
2.184
3.487
2.78
1.814
3.251
3.706
2.122
1.673
2.729
2.341
2.574
1.846
2.45
2.436
2.958
2.571
3.472
1.996
1.681
1.536
2.59
3.179
3.526
2.623
2.955
3.409
1.58
1.836
1.584
3.281
3.054
2.745
2.493
1.972
2.376
3.489
2.934
2.342
1.789
3.611
3.454
3.201
2.014
2.675
3.039
1.525
2.39
2.15
3.313
2.362
3.076
1.935
1.919
1.991
2.874
3.007
2.939
2.533
2.121
2.334
3.125
2.447
1.977
2.469
3.232
2.687
3.214
1.787
3.804
3.654
1.558
2.459
1.697
3.142
2.147
2.981
2.085
2.269
3.747
3.463
2.026
3.501
3.139
2.391
3.417
3.259
2.522
3.329
3.98
3.144
2.008
3.058
3.305
3.072
3.567
2.59
3.0
2.39
1.679
2.658
2.918
1.547
2.213
3.94
2.93
1.891
2.583
1.539
3.56
3.339
3.923
3.6
1.811
2.194
3.266
1.833
2.577
2.107
3.564
2.966
3.479
3.757
3.92
3.395
3.071
3.441
3.8
1.552
2.73
1.815
3.08
1.869
1.631
2.739
3.865
3.307
2.37
1.819
1.933
2.289
1.785
1.814
3.823
2.349
3.027
1.606
3.796
1.505
3.803
3.986
1.905
2.718
3.268
1.521
3.969
2.939
2.821
3.525
2.242
3.555
1.609
1.775
3.221
1.724
1.825
3.293
3.123
3.383
2.85
2.96
1.695
1.734
2.05
2.348
3.632
2.172
3.221
2.976
2.846
3.963
3.942
3.233
3.979
2.085
3.674
2.704
2.178
2.55
2.11
3.496
3.613
3.171
3.287
2.291
2.489
2.38
3.669
2.18
2.147
2.713
2.138
2.297
1.593
1.532
3.64
3.416
2.063
3.805
2.42
2.872
3.216
3.082
3.151
1.637
1.571
2.995
3.065
3.438
2.091
2.189
2.527
2.734
2.4
2.24
2.429
3.84
3.225
1.86
2.67
3.746
1.571
1.688
1.582
3.771
2.033
2.321
3.664
3.79
2.979
3.068
1.955
1.926
2.785
3.252
3.413
3.783
2.926
1.756
2.825
3.499
2.595
2.484
3.529
3.179
2.592
1.722
2.507
2.359
2.677
1.626
3.088
2.598
2.846
1.766
3.334
1.601
3.908
2.035
3.116
2.571
2.748
2.968
3.948
1.978
3.26
2.613
3.911
2.017
3.038
1.624
1.594
2.982
3.386
3.963
2.153
3.193
3.219
3.018
2.415
2.223
3.486
1.838
3.456
1.803
2.063
2.613
2.955
2.52
3.132
2.933
2.737
1.638
1.834
3.128
1.512
2.333
3.12
2.326
3.694
3.129
1.945
1.605
2.542
2.18
2.316
2.647
1.802
2.029
3.918
3.843
2.61
2.499
3.217
1.678
1.584
1.846
2.005
3.687
3.47
2.189
1.871
1.655
1.99
3.967
0.614
2.196
2.633
2.086
3.989
1.804
3.851
2.034
1.813
2.259
1.784
2.479
3.673
1.756
2.796
3.027
3.602
3.165
3.643
3.612
2.303
1.977
2.821
2.412
3.325
2.158
2.303
2.009
3.495
1.689
2.481
3.088
2.807
2.898
2.55
3.018
2.908
2.233
2.749
2.595
3.538
2.278
3.199
3.036
3.724
3.583
3.811
1.611
3.961
3.519
3.563
1.966
1.807
2.076
3.151
2.164
3.813
3.482
3.865
3.905
2.923
3.243
1.995
1.868
2.048
1.929
3.214
1.784
1.672
3.717
3.526
3.565
3.991
2.141
2.73
3.23
2.078
1.659
2.224
1.911
1.856
3.489
2.104
3.652
2.177
3.684
3.294
2.939
1.572
2.507
2.408
3.182
2.62
2.159
2.968
2.225
3.09
2.632
2.713
1.582
2.906
3.559
2.661
2.15
3.817
2.435
3.755
2.437
2.325
2.79
2.555
1.678
2.196
2.171
3.716
2.216
2.025
3.168
3.495
2.252
1.779
1.959
3.184
2.205
2.806
3.138
3.018
1.887
1.527
2.754
3.902
2.111
3.904
2.723
2.996
2.224
2.576
3.224
1.899
2.96
3.351
2.56
3.082
2.963
2.602
2.463
3.302
1.793
3.124
1.976
1.524
2.477
3.561
1.683
2.539
2.245
2.275
3.323
3.073
2.84
2.591
1.86
1.954
3.252
2.438
2.509
1.98
2.032
1.824
2.296
2.121
1.753
1.641
1.784
3.208
2.673
1.887
2.324
2.418
2.464
3.221
2.497
3.359
2.351
2.263
2.363
2.736
2.103
3.885
2.122
3.836
3.84
3.97
3.858
2.185
2.651
1.615
3.292
3.476
2.031
1.804
3.268
3.495
3.023
3.3
2.146
2.385
3.286
3.287
2.823
3.196
3.932
3.699
2.717
3.139
2.62
2.626
3.69
2.195
2.284
1.683
2.384
3.803
1.526
2.512
2.866
2.972
2.672
2.605
3.917
3.754
2.105
3.836
3.29
3.014
3.287
1.957
1.776
2.438
2.046
2.454
1.88
1.564
1.68
2.788
2.295
1.885
2.17
2.498
3.37
1.63
3.634
2.327
2.328
2.255
1.679
3.826
2.006
3.316
2.528
3.703
3.755
2.749
2.734
3.053
1.991
3.33
2.293
2.129
2.416
2.65
3.498
3.431
2.446
2.925
1.619
2.609
3.027
2.019
2.368
3.127
2.296
3.644
3.981
1.833
2.681
1.791
2.433
2.171
3.728
1.977
1.772
2.385
2.727
1.509
2.347
3.954
2.034
3.692
3.041
3.736
3.275
3.951
1.681
3.171
2.115
1.672
3.231
3.841
2.356
2.185
1.906
3.264
3.059
1.524
1.551
3.315
3.932
2.956
2.603
2.758
2.718
3.849
2.045
3.91
1.654
3.491
1.845
1.946
1.874
2.121
3.647
2.388
1.733
1.735
3.837
2.626
2.042
1.673
2.17
1.813
3.687
2.925
2.792
1.816
3.613
2.923
3.44
3.012
3.026
3.494
1.929
3.114
3.042
3.762
1.84
3.461
2.772
2.813
2.434
3.301
1.525
3.215
3.361
2.785
1.562
3.807
1.988
1.641
3.4
2.342
2.645
3.433
2.766
1.504
3.076
2.62
3.924
3.858
2.032
1.665
1.783
1.575
2.336
2.137
3.946
3.812
1.516
3.918
1.518
1.706
3.68
2.227
1.962
2.609
2.11
3.349
2.069
3.566
3.022
2.608
3.837
2.372
3.508
3.118
1.918
2.13
2.403
2.259
3.81
1.595
2.017
3.149
2.687
3.934
1.639
3.896
2.187
1.985
3.98
3.997
3.638
3.05
1.756
2.541
2.085
3.972
3.779
2.281
1.73
2.358
3.754
3.021
2.287
3.275
3.641
2.737
1.542
2.41
2.005
3.157
3.258
3.14
3.515
2.984
2.155
2.926
2.384
1.803
3.6
2.386
1.773
2.476
1.168
2.676
3.438
3.003
2.381
3.345
2.613
2.338
2.366
2.804
1.768
1.525
3.677
1.782
3.377
2.991
1.638
2.216
3.438
2.52
2.922
1.577
2.046
2.496
2.004
3.141
2.262
1.553
3.272
2.401
2.44
3.605
3.917
1.822
3.722
2.383
2.4
1.516
2.973
3.446
3.223
2.33
2.218
3.019
2.355
1.979
3.786
3.425
1.849
2.014
3.199
1.782
2.809
3.482
1.69
3.215
2.446
2.099
3.322
2.961
1.536
3.258
1.789
2.458
3.027
1.639
2.298
3.857
3.925
2.038
2.073
1.648
1.858
1.967
2.281
1.53
2.241
2.131
2.573
2.67
1.531
2.26
2.253
2.574
2.436
3.672
2.191
3.652
2.714
3.568
1.773
2.448
1.8
2.596
2.155
3.369
2.46
1.587
3.176
3.261
3.472
3.682
2.02
2.248
2.925
3.487
3.936
3.906
3.602
1.702
3.535
3.621
3.64
3.553
3.815
1.869
2.711
3.255
3.172
2.16
1.955
1.914
3.059
3.161
3.341
3.77
2.212
2.75
2.951
3.959
1.672
3.701
1.935
3.693
2.044
1.604
1.537
2.238
3.851
1.943
2.662
2.811
2.044
3.281
3.337
3.762
1.778
2.051
2.061
3.165
3.446
2.104
1.694
1.892
3.817
3.597
2.623
2.041
3.601
2.38
3.917
2.205
1.579
2.606
3.665
1.706
3.05
1.681
1.938
3.418
2.206
1.959
2.83
2.157
1.689
3.61
2.324
1.793
3.074
2.645
1.753
2.128
2.435
2.381
1.837
3.839
2.204
3.06
2.495
1.945
2.853
1.979
3.753
1.546
2.153
1.957
1.618
2.404
2.091
3.967
1.939
2.683
2.747
3.831
3.715
3.739
3.607
2.323
2.009
2.814
2.613
3.703
3.706
3.109
1.792
2.998
2.469
2.824
3.327
2.761
2.555
3.132
3.532
3.013
1.832
3.626
2.8
1.842
3.547
1.864
3.859
3.724
2.488
1.846
1.671
3.204
1.726
2.343
2.366
1.977
1.947
3.581
2.559
3.415
2.91
3.928
2.017
3.761
3.725
3.703
3.684
3.426
3.595
2.207
2.299
2.265
2.018
3.746
2.488
3.059
2.867
1.69
3.308
2.348
3.596
2.013
3.396
2.958
2.242
2.655
3.674
1.929
3.435
3.731
3.284
2.068
1.607
2.499
3.665
1.82
3.455
2.262
1.825
2.877
2.582
2.123
3.014
3.174
3.015
3.421
3.983
2.775
3.142
3.526
2.549
3.562
3.056
2.436
3.476
3.064
2.731
3.425
3.31
3.704
2.98
2.15
3.095
3.755
3.009
1.781
2.163
3.547
1.836
3.449
3.649
3.289
3.85
3.412
2.721
1.506
2.177
1.723
3.691
3.46
3.659
2.63
3.7
2.963
2.36
2.209
2.193
1.805
3.096
2.654
2.239
3.366
3.648
3.388
2.738
1.666
2.853
2.961
2.577
1.689
2.218
3.84
2.621
2.226
1.684
1.71
3.441
1.857
2.279
2.799
2.121
3.698
2.821
3.98
2.804
3.846
1.736
2.117
2.446
3.114
2.336
1.526
3.182
3.164
2.836
2.136
1.829
2.028
2.514
3.487
1.965
3.973
3.699
3.715
1.515
3.784
2.998
1.716
3.864
1.582
3.431
3.239
2.621
2.929
2.993
2.745
3.807
3.399
1.506
3.415
1.789
2.544
2.348
3.897
2.074
2.724
2.873
2.437
1.903
3.15
3.017
3.16
2.839
2.926
1.579
1.882
2.583
1.646
2.917
2.419
2.864
2.056
2.025
3.334
3.802
1.534
3.715
3.376
2.933
1.954
2.823
2.019
2.68
3.82
1.548
2.347
2.089
2.142
2.789
2.125
2.809
1.679
2.567
2.422
3.121
1.808
3.026
2.497
1.887
3.95
3.38
2.548
3.326
1.927
2.035
2.572
3.662
1.72
1.552
3.312
1.728
2.954
3.83
2.478
2.114
3.934
2.718
2.841
3.06
3.917
2.775
1.615
3.029
2.964
2.458
2.754
3.239
3.949
3.817
1.732
3.708
2.732
1.72
2.39
3.977
2.805
2.85
2.581
3.802
2.428
1.562
2.126
Error de lectura!!!
2.388
1.892
3.096
2.12
3.188
3.784
1.788
3.298
3.359
3.022
1.961
3.269
1.716
3.913
1.687
3.686
2.047
3.344
3.052
1.717
2.053
3.236
1.829
3.277
2.941
2.562
1.594
1.775
3.042
2.244
2.982
3.428
1.662
3.224
3.26
2.946
3.497
1.942
3.821
3.09
1.612
2.002
2.218
2.856
3.943
2.253
3.907
3.527
3.018
3.08
2.905
3.936
3.45
3.078
3.417
2.117
3.957
2.405
2.901
1.773
3.738
2.58
2.048
3.468
2.633
2.234
2.939
3.835
1.988
2.363
2.458
3.044
3.973
1.697
2.488
1.689
2.947
2.506
2.795
3.545
2.653
3.189
2.215
1.725
2.708
2.876
2.932
3.09
1.739
2.015
3.036
1.789
3.502
3.969
3.594
2.812
1.975
1.659
3.231
3.663
3.097
1.627
4.0
1.953
1.866
3.868
3.629
1.536
2.996
2.554
3.706
2.915
2.393
3.413
3.544
1.889
2.95
1.927
3.349
3.516
3.845
2.135
2.374
2.626
1.686
3.165
2.607
1.819
1.76
3.689
2.571
2.38
2.619
2.974
1.995
2.61
3.84
3.299
3.967
2.528
2.373
3.085
3.765
3.089
2.853
2.132
2.564
2.288
2.791
2.508
2.779
1.703
3.355
2.444
3.486
2.741
2.41
2.513
3.299
2.652
3.74
2.969
2.172
3.312
3.664
3.514
3.102
2.083
2.652
2.956
1.718
2.36
2.237
3.729
3.907
2.222
3.965
2.566
2.4
2.143
3.161
2.779
3.674
3.189
3.958
2.131
2.718
2.994
2.43
2.302
1.647
2.463
1.503
3.155
3.98
3.545
1.864
3.975
2.431
1.93
2.773
3.638
3.251
2.061
2.751
1.937
3.103
2.582
3.39
1.525
2.902
3.079
2.15
2.939
2.475
2.304
1.658
3.277
3.579
3.493
2.076
2.599
2.103
2.503
2.61
2.593
2.245
1.994
3.282
3.495
2.321
1.842
2.179
3.959
1.937
3.05
1.839
2.211
2.598
3.42
3.216
2.123
2.917
3.71
3.653
3.99
3.242
2.985
2.827
1.856
3.06
2.095
3.471
3.204
3.985
2.66
3.521
3.54
3.031
1.871
2.722
3.078
2.283
2.983
3.388
3.942
2.525
1.619
1.746
2.778
2.505
1.573
2.81
2.371
2.877
2.454
3.733
1.954
2.995
2.634
3.704
2.926
3.108
2.633
3.594
1.726
2.09
3.144
1.754
3.217
2.584
12.123
1.744
2.505
1.556
3.155
3.583
3.406
1.624
1.887
3.491
3.702
1.849
3.065
3.128
2.54
2.009
1.664
1.96
3.542
1.502
2.617
3.797
1.572
1.74
3.044
1.895
2.163
2.047
3.023
3.332
2.478
1.714
3.279
3.197
1.78
2.208
1.892
3.263
3.503
3.085
2.053
2.269
1.751
3.72
2.549
2.496
3.622
2.901
2.44
1.758
1.869
2.881
2.929
2.064
1.995
3.374
2.126
3.663
2.874
3.2
2.713
1.942
3.416
2.275
3.266
1.758
1.847
3.379
2.461
2.433
2.948
3.397
2.94
2.375
2.354
2.493
2.595
2.662
3.842
2.295
2.268
2.195
2.69
3.806
3.075
3.032
3.367
3.929
2.975
3.94
2.94
1.985
2.651
2.517
2.83
2.267
3.771
1.605
1.661
3.251
1.907
3.141
3.816
3.618
1.948
2.975
2.838
3.896
2.38
2.642
1.525
3.424
2.087
2.924
3.7
1.693
3.157
3.895
3.558
2.66
3.741
2.911
3.883
1.826
2.54
2.457
3.641
1.863
3.473
3.475
3.065
3.917
2.391
2.799
3.552
2.951
3.616
3.5
3.606
2.574
2.222
2.367
3.598
2.276
Error de lectura!!!
2.366
2.004
1.729
1.859
1.893
2.936
2.941
1.726
3.743
2.079
3.562
2.36
3.224
1.627
1.983
1.684
3.65
1.907
3.222
2.342
3.489
3.395
1.767
2.203
3.781
2.953
2.64
2.85
3.68
3.659
1.988
3.84
2.904
1.523
3.613
1.557
3.611
2.678
3.718
3.29
3.553
1.936
1.664
3.296
1.545
2.594
2.397
3.114
2.462
3.211
3.035
2.756
1.642
2.755
2.7
2.393
3.607
3.309
1.993
3.541
3.837
3.141
3.086
3.263
2.746
1.725
1.541
2.781
3.689
1.925
3.686
3.602
1.956
1.951
3.488
2.686
2.486
1.69
2.95
2.622
2.216
2.346
3.472
3.908
2.714
2.312
2.091
1.965
3.979
1.973
3.062
2.073
3.394
3.927
1.692
2.581
3.865
1.726
3.521
1.684
2.261
3.388
1.781
1.836
3.887
1.644
2.371
3.172
3.225
2.066
2.536
3.606
3.018
2.222
1.784
2.566
2.63
2.131
3.966
2.716
1.726
3.417
2.433
3.102
3.876
1.624
3.306
3.387
2.444
3.692
1.782
3.287
3.926
2.331
2.227
2.637
2.779
3.806
2.381
3.521
1.694
2.434
2.428
2.645
2.006
1.665
2.347
1.826
3.553
2.451
2.667
3.811
1.815
2.161
3.505
2.771
3.761
2.73
2.915
2.544
1.994
3.01
2.197
2.131
2.994
1.8
3.333
3.362
2.093
3.963
1.843
3.407
3.125
2.848
1.703
2.048
3.295
3.036
1.843
3.496
3.363
2.423
3.853
2.583
3.867
2.799
2.803
3.625
1.584
2.766
3.639
1.884
2.806
3.979
3.338
1.902
3.721
2.088
2.178
3.824
2.653
3.412
3.777
1.942
3.141
2.396
1.675
2.829
3.943
3.429
3.686
3.319
3.462
2.052
1.563
3.966
2.321
3.059
3.889
2.886
2.337
2.24
3.772
1.616
3.327
1.525
3.473
3.897
2.762
3.694
3.767
1.862
3.206
2.703
2.832
3.439
3.307
2.378
2.353
3.47
3.476
3.464
3.892
1.851
2.533
2.877
2.105
2.244
1.945
2.016
3.862
3.882
2.176
1.519
2.035
2.908
3.163
3.736
3.346
3.889
2.577
1.99
3.905
2.867
2.645
1.986
1.752
2.346
2.716
2.807
1.917
3.307
3.51
2.143
3.419
2.049
3.0
2.906
2.876
3.311
3.252
2.445
3.377
3.176
3.666
3.927
2.105
3.202
2.695
2.455
2.289
3.335
2.214
3.864
3.991
3.477
3.764
3.527
2.213
3.293
1.538
1.92
1.596
2.877
2.524
2.426
2.789
3.304
3.199
3.882
2.486
2.564
1.702
3.363
3.313
3.088
2.054
3.894
3.811
1.811
1.569
2.551
3.88
2.663
2.365
2.529
2.761
3.113
3.469
1.84
3.392
2.517
3.79
2.109
2.421
3.187
2.136
2.75
3.573
3.988
2.461
2.622
2.477
3.301
2.475
1.729
2.838
3.798
1.677
3.343
2.039
3.799
3.748
3.98
2.315
2.259
2.301
2.061
2.632
3.107
2.166
3.067
3.113
1.965
3.813
1.888
3.009
3.155
1.798
3.143
3.877
1.798
2.819
2.066
2.28
2.527
3.214
2.017
1.65
2.635
1.679
1.78
2.496
2.854
2.55
2.782
2.682
3.464
2.007
2.448
2.119
3.956
3.365
1.972
2.048
2.377
2.926
3.072
1.574
2.861
1.535
1.867
3.783
1.691
1.743
1.758
1.809
2.955
2.339
2.716
2.415
2.577
2.423
3.491
2.256
3.365
3.582
3.411
1.914
3.839
3.129
3.456
2.108
3.85
3.413
2.25
2.91
3.094
1.807
2.781
2.202
3.13
3.088
3.018
1.914
3.315
2.466
1.676
1.686
3.722
3.118
3.015
2.552
2.134
1.522
1.522
3.761
2.465
3.747
2.467
3.776
3.555
2.547
2.688
1.833
2.06
3.32
3.923
3.581
1.577
1.67
3.368
1.883
2.911
3.703
3.565
2.208
1.629
1.515
1.939
3.151
2.908
3.376
1.865
1.887
2.064
3.546
3.899
1.68
3.894
3.441
2.336
3.577
2.759
3.598
1.51
2.284
2.04
2.302
3.637
1.679
2.987
3.969
2.182
3.015
3.679
3.737
3.695
2.027
2.105
2.099
3.939
1.501
2.714
3.444
2.518
1.744
3.423
1.55
3.737
2.18
1.712
2.198
2.74
3.874
1.52
3.3
1.947
3.156
3.129
1.858
3.68
1.623
3.97
3.591
3.343
3.973
2.503
2.264
2.433
2.427
2.301
3.594
3.452
2.603
3.578
1.817
3.152
2.477
2.847
3.425
3.973
1.928
1.956
1.547
3.261
2.714
3.821
3.337
1.825
1.777
1.816
2.1
2.73
3.24
3.582
3.53
1.575
2.782
3.738
3.94
2.471
2.516
1.973
2.981
2.554
3.907
3.129
2.083
3.891
3.758
1.645
1.957
1.975
3.453
2.734
2.696
3.083
1.509
2.121
3.476
3.672
3.894
3.183
2.927
3.816
2.37
3.918
3.452
2.201
3.512
2.067
2.586
2.63
3.443
3.392
1.895
2.905
1.786
2.685
2.548
2.889
1.649
2.021
2.847
1.891
2.799
3.052
3.537
1.676
3.939
3.047
2.518
3.957
3.949
3.798
2.906
1.54
1.81
2.313
1.723
1.77
3.286
2.416
2.009
2.099
2.803
2.166
3.678
1.517
3.39
2.883
3.509
2.897
3.837
1.878
3.009
3.6
3.745
3.913
1.882
2.289
1.593
3.557
1.626
3.946
3.817
1.692
3.569
2.558
2.028
1.743
1.773
3.175
1.573
1.814
2.11
3.982
3.986
1.984
1.692
1.819
2.714
3.359
2.086
2.4
2.257
2.325
1.993
1.816
3.013
2.444
1.65
2.004
3.421
3.325
1.991
3.564
2.422
1.512
3.488
2.85
3.27
2.036
2.708
3.473
3.872
1.536
3.864
3.316
3.1
2.455
1.657
2.069
3.659
3.312
2.625
3.232
2.655
2.987
1.939
3.99
2.589
3.718
3.517
3.671
3.379
1.965
2.251
2.783
2.117
3.088
2.168
3.166
1.654
3.927
2.008
3.671
3.187
3.633
1.711
1.702
2.031
2.557
3.478
1.51
1.693
2.518
3.679
2.298
3.768
1.718
2.584
2.734
3.985
3.316
2.76
1.586
3.368
1.771
3.29
1.997
3.052
3.953
1.794
1.587
2.479
2.125
3.484
1.758
3.269
3.108
2.736
2.255
3.726
1.81
3.465
3.085
1.522
1.72
3.052
3.216
3.788
3.35
1.704
3.237
2.724
2.856
2.572
3.269
2.273
3.009
1.805
3.083
3.038
2.241
3.134
2.622
3.099
1.865
3.066
3.576
2.427
3.494
2.201
2.415
3.432
3.622
3.881
1.683
3.946
1.793
1.652
2.371
2.824
2.347
2.51
3.253
2.177
3.008
3.777
2.123
3.884
3.426
1.562
1.644
3.224
3.285
2.134
3.319
3.461
1.989
3.877
2.29
3.549
1.828
3.852
3.864
1.568
3.035
2.808
2.94
1.678
2.792
3.136
1.649
2.318
2.186
3.502
2.325
2.147
1.663
3.57
3.081
3.111
2.548
3.397
2.335
2.664
2.799
2.254
2.898
2.975
2.844
2.361
3.627
3.773
3.388
2.882
3.615
3.596
3.546
1.602
1.87
3.633
2.256
2.613
1.527
3.442
1.771
2.855
2.083
3.951
3.371
2.95
2.492
2.082
3.445
1.877
1.818
3.456
1.868
3.174
3.02
2.089
2.8
2.376
1.863
3.466
2.107
3.731
3.682
3.032
1.643
2.823
1.624
3.025
1.599
3.243
1.694
3.412
2.814
2.263
1.532
1.79
2.838
1.555
2.0
3.646
2.998
3.593
3.25
2.264
3.0
3.905
3.916
1.844
1.937
1.919
3.424
2.671
3.248
3.9
3.678
2.752
2.33
2.622
3.419
1.556
2.836
2.251
3.97
2.189
2.753
1.529
2.653
3.824
3.656
1.74
3.294
3.572
2.374
1.603
3.463
2.41
1.908
2.7
3.976
1.91
3.81
3.712
2.8
2.276
2.533
3.536
2.529
3.567
1.59
3.474
2.828
2.124
1.644
3.287
2.159
3.607
3.75
3.817
2.176
1.772
3.923
2.829
2.744
2.747
2.962
3.149
2.858
3.846
3.678
1.907
1.759
1.729
2.16
3.991
1.703
2.199
3.497
3.661
2.204
2.01
2.198
3.127
3.702
3.161
1.867
2.469
2.678
2.524
3.895
3.094
3.29
2.592
1.942
3.704
1.924
2.349
2.731
3.644
2.473
2.344
3.4
3.673
3.748
2.229
3.005
3.4
3.244
3.326
2.276
2.311
2.341
3.743
2.615
3.468
2.462
1.857
3.686
2.717
2.779
3.946
1.92
1.683
3.728
3.924
1.838
3.976
3.033
3.79
3.666
2.665
2.054
3.684
3.671
3.144
1.553
3.223
2.362
3.429
2.325
2.794
2.828
2.519
2.346
3.975
2.979
2.324
3.108
3.356
1.82
3.799
2.492
3.576
2.106
3.35
1.815
3.034
3.939
2.593
1.894
1.507
2.839
1.748
2.205
3.554
2.819
2.727
3.377
3.323
3.587
2.417
3.793
1.606
1.677
3.033
2.729
2.796
3.372
2.225
2.621
2.455
3.325
2.604
3.891
3.273
2.735
1.936
3.959
1.965
1.873
2.259
3.409
2.222
2.743
3.476
3.533
3.853
2.766
3.887
2.349
2.532
1.568
3.319
3.803
2.946
3.586
2.897
3.767
1.984
2.457
3.667
3.469
3.52
1.741
2.998
2.946
3.286
2.818
3.357
2.993
3.371
3.115
1.736
3.891
3.256
1.722
3.808
3.306
3.712
3.625
1.841
3.293
3.623
3.88
3.235
2.769
1.636
3.232
3.993
2.168
1.831
2.977
2.61
2.549
3.452
3.068
1.762
1.992
3.371
3.705
2.797
2.582
2.424
2.058
2.876
2.679
3.374
2.476
1.818
1.92
3.716
1.575
3.096
3.422
1.66
2.005
3.374
2.672
3.53
1.574
3.96
3.292
1.708
1.949
2.676
2.518
3.283
3.03
2.914
3.58
3.899
2.363
3.6
3.364
3.069
2.708
1.811
1.928
1.752
3.846
1.614
3.574
1.872
2.691
2.369
2.944
2.775
3.0
3.546
1.863
2.518
3.31
1.64
3.291
2.073
3.368
1.641
1.946
2.495
1.927
3.631
3.679
2.293
1.982
2.888
2.337
3.64
3.656
1.558
3.285
2.411
1.645
3.72
2.801
2.699
2.417
2.947
2.372
3.516
2.558
3.979
1.905
3.023
1.803
1.584
3.176
2.876
1.732
2.589
1.546
3.811
1.643
2.71
1.67
2.94
2.052
3.959
1.676
3.522
2.733
3.23
2.093
1.572
2.188
1.757
1.527
2.793
2.878
2.519
2.908
3.006
2.189
2.936
3.579
2.408
2.782
2.762
2.825
2.737
1.931
3.628
3.31
3.359
2.216
2.699
2.112
3.931
2.416
2.792
1.765
2.942
3.611
1.896
2.456
2.479
3.381
3.69
2.066
3.841
1.804
3.596
1.854
1.703
2.922
2.424
2.91
2.6
1.629
2.398
2.391
3.248
3.489
3.252
1.569
2.44
1.715
3.519
3.121
3.424
2.098
1.841
2.021
3.447
3.886
2.535
3.204
2.636
2.857
3.7
2.377
1.986
3.693
1.841
2.13
2.317
3.375
3.387
2.742
2.706
3.231
2.054
3.677
2.079
2.14
3.744
2.385
3.807
1.84
2.393
2.044
3.68
3.916
3.251
2.486
2.729
1.753
2.27
2.527
2.515
3.888
3.45
1.712
2.107
2.316
2.858
1.774
2.347
2.595
3.357
2.97
2.211
3.16
1.622
2.97
2.661
2.651
2.709
2.083
1.894
1.585
2.321
3.1
2.212
1.691
3.354
1.565
1.855
2.992
2.936
1.775
2.032
3.06
1.667
3.345
3.883
3.716
2.795
3.668
3.627
1.922
3.604
2.436
3.632
3.721
1.898
3.169
3.458
2.925
2.861
1.722
2.17
2.904
3.747
3.467
3.002
3.796
1.577
3.309
1.861
2.231
2.813
2.554
1.87
2.537
3.991
4.0
1.611
3.436
2.407
1.534
2.399
3.134
2.218
3.509
2.976
3.45
1.829
3.538
3.346
3.152
2.143
2.247
2.276
1.785
2.294
3.943
2.271
3.569
3.478
3.248
3.715
1.924
3.556
1.748
2.386
2.208
2.08
3.386
3.075
1.574
2.973
1.958
1.671
2.648
3.885
2.329
3.569
3.196
2.082
1.626
3.919
1.759
2.447
2.282
2.975
2.185
2.288
3.456
2.669
1.814
1.588
2.82
3.3
2.499
2.622
2.076
2.024
3.521
3.92
3.898
3.454
3.405
2.158
3.774
3.59
3.385
2.755
2.555
2.399
3.115
2.262
1.896
2.137
3.081
2.908
3.811
3.8
3.568
2.767
2.223
2.968
2.225
3.399
2.162
3.211
3.175
2.048
2.004
1.586
2.72
2.807
3.488
3.462
3.533
1.502
1.538
3.798
3.804
2.265
2.8
2.197
2.679
1.991
3.363
3.63
1.731
2.904
1.742
2.883
2.89
3.556
3.234
1.77
2.429
3.595
3.202
2.448
2.484
1.671
3.669
2.875
1.909
2.609
3.087
2.466
1.533
2.188
1.738
1.897
3.547
1.628
2.556
3.012
3.591
2.118
1.991
2.451
1.913
1.617
2.656
2.254
2.63
1.923
2.055
3.117
2.931
2.812
2.106
2.716
3.296
2.227
3.714
3.91
2.907
2.119
2.502
3.726
3.93
2.569
2.151
2.09
1.945
3.48
2.348
3.321
2.893
1.99
3.558
1.597
1.835
3.229
3.581
2.629
3.978
2.24
1.91
1.573
2.296
1.846
3.66
2.751
2.605
2.251
3.142
3.144
1.923
2.879
2.742
3.092
1.928
3.972
2.624
3.205
3.769
2.241
2.556
1.714
3.016
2.508
2.376
3.776
3.86
3.74
2.096
2.377
1.541
1.762
1.696
3.978
2.287
2.785
2.955
2.273
2.866
3.138
2.169
2.427
3.869
2.0
1.654
3.848
3.696
3.092
1.546
3.513
3.637
3.586
2.035
2.949
3.861
3.386
3.988
