3.669
1.757
3.303
3.858
2.725
2.447
3.791
3.609
3.711
3.742
3.776
3.472
2.585
2.075
2.217
1.966
3.207
3.932
1.824
2.515
2.232
3.127
3.621
3.192
2.311
1.726
3.948
2.485
2.112
1.917
1.701
3.878
1.74
3.602
3.315
3.946
2.02
1.809
3.968
1.938
2.493
3.004
3.778
3.471
2.74
1.519
2.356
1.87
3.073
3.733
2.223
3.427
3.575
2.518
2.521
3.944
3.527
2.188
2.533
2.636
1.827
3.342
3.459
2.013
3.4
3.947
1.616
2.72
1.819
1.672
2.559
3.877
1.752
3.809
2.82
1.925
3.507
1.962
2.345
3.404
2.859
1.623
2.769
1.896
3.336
1.544
2.883
2.569
2.168
2.05
2.951
2.669
3.764
1.939
2.508
3.291
2.817
3.174
2.135
1.518
1.767
2.096
3.034
3.992
2.091
1.749
1.996
2.999
1.801
3.402
3.683
2.76
3.295
2.667
3.502
1.548
3.153
1.698
1.513
3.649
3.77
3.424
2.927
2.603
2.398
3.37
3.43
3.284
3.087
1.676
2.875
3.366
3.945
3.674
2.964
1.969
3.922
2.911
2.161
3.159
3.888
3.708
3.292
2.239
1.556
3.14
3.157
3.595
1.787
3.645
2.055
3.214
2.528
3.81
2.877
1.536
3.741
2.786
2.399
3.093
3.951
2.702
1.864
2.042
2.209
3.755
2.435
3.142
3.368
1.706
1.631
3.302
3.5
1.633
2.312
3.738
2.278
1.849
1.518
2.277
2.355
2.571
3.036
1.695
2.562
2.356
3.881
2.123
2.621
3.145
1.516
2.69
2.198
3.675
2.177
2.7
3.052
3.132
2.793
1.518
1.825
2.937
2.661
2.081
1.94
1.908
3.061
3.486
3.532
2.383
3.802
3.862
3.071
3.55
1.745
1.554
2.388
3.926
3.851
3.321
2.768
1.564
1.833
3.758
1.967
2.8
2.537
3.74
3.833
2.618
3.927
2.679
3.644
2.923
1.782
1.936
2.03
3.706
1.562
3.435
1.635
3.759
3.569
3.513
3.011
2.98
3.571
3.944
2.854
3.218
1.575
2.566
2.731
3.744
3.256
2.753
3.208
3.021
3.852
3.056
2.032
2.623
2.352
2.684
1.731
2.256
1.672
2.31
3.304
2.414
2.732
2.126
3.069
3.737
2.79
3.566
1.764
3.236
3.248
3.73
1.58
2.331
2.75
2.115
3.777
2.477
3.811
2.547
3.758
3.515
3.007
2.471
3.389
3.275
3.908
2.275
2.438
3.974
3.549
3.461
3.218
3.424
2.005
3.282
1.78
1.607
1.631
1.929
3.409
1.762
2.95
1.53
2.13
3.431
1.708
2.981
1.681
2.749
3.129
2.257
3.046
2.358
3.174
3.036
3.745
1.55
3.957
1.994
3.062
3.728
2.806
1.775
2.714
3.72
3.202
1.625
2.86
1.632
3.268
3.934
3.688
3.907
3.568
1.886
3.841
2.437
2.624
3.322
3.652
3.591
3.5
2.027
2.734
2.378
1.851
2.909
2.5
1.869
2.297
3.793
1.591
2.658
1.733
1.854
2.978
2.998
2.75
2.517
1.895
1.675
1.718
2.32
3.403
3.75
2.342
2.075
1.548
3.876
1.61
3.569
2.319
3.701
2.932
3.28
2.351
2.738
2.07
3.194
3.854
3.364
3.239
3.867
3.99
2.78
3.586
2.027
2.009
1.627
2.364
3.442
3.187
3.458
1.769
2.737
3.362
3.979
3.691
3.834
1.7
1.523
1.803
2.201
2.62
3.228
2.837
1.739
2.856
2.451
3.277
3.754
3.909
2.933
2.44
2.487
2.652
1.684
2.881
3.693
2.66
1.785
1.835
2.007
2.975
2.295
1.609
2.002
3.432
2.016
2.914
2.143
2.68
3.858
2.646
2.248
3.26
3.916
2.366
1.604
3.827
1.845
1.993
2.953
1.767
3.539
2.865
2.772
2.463
2.06
3.394
3.167
3.599
2.185
1.804
2.363
3.309
2.726
1.904
3.567
2.486
2.127
1.62
2.708
1.886
3.645
3.944
2.522
2.176
2.881
3.627
2.119
2.435
1.555
1.975
2.271
1.958
1.591
3.011
1.541
2.737
1.725
1.502
2.14
1.782
3.458
1.569
3.076
2.747
1.706
3.377
2.68
3.89
3.455
3.997
3.846
1.593
3.2
3.481
2.132
2.29
3.847
2.432
3.452
2.651
1.74
3.298
2.365
2.42
1.581
3.079
3.43
3.054
2.327
2.659
2.148
3.19
2.495
3.924
3.338
3.77
2.128
3.855
1.66
3.666
3.642
2.578
2.372
3.443
3.848
3.724
3.164
1.893
1.536
3.621
2.01
2.431
1.671
2.489
2.444
3.809
3.146
3.795
3.3
3.142
2.083
2.644
2.694
1.548
1.816
3.844
2.908
1.684
3.215
1.574
3.226
3.401
1.507
2.128
3.327
2.059
3.009
3.666
1.672
3.303
3.16
3.119
3.708
1.583
3.877
3.615
2.825
2.876
2.144
3.681
2.052
2.122
3.723
1.934
2.272
2.819
3.973
3.724
3.22
3.684
2.053
2.849
3.63
1.757
2.016
2.79
2.978
2.818
1.679
2.269
2.009
3.269
3.17
1.925
2.333
2.408
1.759
3.311
2.876
2.529
3.321
1.988
2.57
2.922
3.595
2.613
2.567
2.929
2.251
1.755
3.059
2.856
1.56
2.28
2.649
3.247
3.817
2.697
2.547
3.13
1.921
2.187
3.342
3.664
3.766
2.027
3.288
2.631
2.438
3.562
1.85
2.817
3.654
3.69
2.443
3.858
3.417
3.449
2.589
1.806
2.679
3.949
3.719
1.908
1.958
3.141
1.901
3.748
2.607
2.589
3.094
2.06
2.602
1.631
1.964
2.22
2.16
3.637
1.745
1.795
3.871
2.532
3.408
2.552
3.958
2.696
3.078
3.805
3.688
3.676
1.925
3.939
2.914
3.912
3.466
2.956
1.908
2.07
2.679
2.376
3.65
3.7
3.672
2.707
2.896
3.231
1.524
3.52
1.741
3.104
2.347
2.307
3.05
1.74
3.672
1.939
2.908
2.147
2.516
3.669
1.868
2.734
3.631
2.172
3.801
2.919
3.982
2.579
3.612
2.543
3.125
2.484
2.455
2.982
3.425
3.955
2.22
3.982
2.708
3.43
3.706
2.47
2.511
3.791
3.959
2.27
1.852
2.222
2.103
2.094
2.137
2.937
2.22
1.902
3.005
3.896
3.33
2.185
2.373
2.407
2.19
1.855
1.997
3.092
3.033
3.195
2.901
3.961
1.959
3.171
2.099
3.016
3.519
3.745
2.307
2.73
2.699
2.848
2.174
1.943
1.861
2.007
3.675
3.882
1.724
1.792
2.421
1.583
2.538
3.969
2.261
3.475
1.708
3.963
3.719
3.377
2.016
1.728
2.161
3.734
3.638
1.607
2.488
2.885
3.3
3.508
3.276
1.955
3.966
2.546
3.428
1.919
2.389
1.79
2.172
2.642
3.758
1.904
3.465
2.278
2.099
1.519
3.115
1.826
3.727
2.579
1.856
2.896
2.528
1.534
1.587
3.117
2.259
1.521
3.146
3.559
3.767
2.708
1.509
2.043
3.75
3.787
3.656
2.771
3.973
1.844
3.815
1.988
1.894
3.59
3.658
2.283
2.982
3.36
2.15
3.882
3.716
3.647
3.002
2.519
2.79
3.205
2.936
2.061
2.868
2.652
3.123
1.723
3.437
2.545
3.816
3.426
Error de lectura!!!
3.013
1.716
2.815
2.909
3.515
1.742
2.223
2.774
2.644
2.164
2.421
2.41
3.114
3.763
1.866
2.913
1.613
2.684
3.04
2.56
2.435
1.942
2.722
3.178
3.64
3.724
3.144
2.433
1.74
1.686
3.717
3.904
2.618
2.393
2.994
2.238
3.669
3.793
2.131
3.398
3.063
2.541
1.597
2.695
3.054
1.643
2.73
3.658
3.848
3.604
2.403
2.668
2.822
2.345
2.258
2.261
1.887
2.27
2.211
1.936
1.594
2.78
2.487
3.442
1.614
3.319
2.147
2.021
2.856
3.906
3.207
3.361
2.699
2.641
2.698
1.583
2.707
3.164
3.149
2.976
1.877
3.128
2.914
2.207
1.594
2.578
3.939
2.241
3.673
3.711
3.329
1.937
3.6
2.394
3.517
3.246
1.54
2.503
1.997
2.933
3.908
3.236
1.765
1.949
1.749
2.525
2.303
1.817
3.645
3.281
3.518
1.76
3.584
1.56
2.16
3.106
3.299
3.528
3.725
2.425
2.197
1.924
2.396
2.385
3.931
2.911
3.864
3.614
2.426
2.579
1.929
2.215
2.835
3.111
1.679
3.139
1.862
2.908
1.621
2.567
1.526
1.942
3.797
3.704
3.135
2.451
3.673
2.573
3.88
1.598
1.94
2.559
3.766
1.527
3.412
2.229
3.117
1.785
2.367
2.769
3.182
3.765
3.394
3.529
2.424
1.691
2.431
3.601
1.93
1.807
2.387
1.687
3.938
3.071
2.989
2.124
3.622
2.442
3.371
2.795
3.805
3.116
2.418
3.139
1.978
1.53
2.123
3.099
2.919
3.214
3.827
3.527
2.11
1.832
2.155
1.626
3.708
2.424
3.646
1.707
3.42
1.744
3.733
1.742
2.49
2.802
2.913
1.511
3.833
2.305
3.431
2.965
3.19
3.172
2.336
2.869
3.646
2.106
2.335
3.751
3.762
2.576
1.932
1.511
2.76
2.779
2.51
3.405
2.526
2.769
3.634
2.823
2.029
3.692
3.98
2.98
3.527
3.165
2.398
3.569
1.549
3.212
3.343
2.534
2.789
2.824
2.539
2.92
3.619
3.26
3.457
1.895
3.286
3.579
3.461
2.595
1.961
3.777
3.788
1.734
3.213
3.707
1.993
3.702
2.326
3.227
3.216
2.753
3.718
2.873
3.794
2.878
2.567
3.687
2.44
2.571
2.013
1.789
3.379
1.762
2.706
3.673
3.724
3.579
3.273
2.088
3.335
2.072
2.214
2.39
3.122
2.266
2.215
3.578
3.317
3.433
3.92
3.985
2.843
2.356
3.987
1.911
3.607
3.217
3.313
1.907
2.313
2.186
2.323
3.025
2.103
3.99
2.256
3.983
2.488
2.604
1.582
2.972
1.861
3.678
2.323
3.182
2.832
2.806
3.74
2.727
3.952
1.636
1.987
3.811
2.281
3.873
3.141
2.195
3.672
1.97
1.737
1.533
3.949
3.377
2.063
2.147
2.191
3.672
2.457
3.345
3.968
3.628
3.221
3.713
2.22
1.545
2.398
3.383
2.091
3.992
1.617
3.358
3.861
2.879
2.922
3.21
1.602
2.69
1.687
3.625
2.054
3.411
1.944
2.866
1.892
3.555
1.568
2.492
3.048
3.757
2.435
3.444
3.508
2.992
3.712
3.108
3.857
2.476
2.088
3.091
2.793
2.014
2.064
3.259
1.674
3.167
3.875
2.326
2.397
3.574
3.651
2.529
3.385
1.778
3.673
3.823
3.248
2.893
3.161
2.541
2.475
3.779
2.487
3.662
1.616
3.339
2.063
2.997
3.659
3.053
2.495
3.991
2.817
2.163
2.655
3.51
3.333
2.252
2.1
2.18
3.8
2.738
3.169
2.238
3.921
3.019
3.401
3.819
2.605
2.163
2.521
2.879
3.243
3.064
2.907
2.416
3.528
2.682
2.016
2.921
3.736
2.472
2.869
3.038
3.955
1.833
4.0
2.041
3.744
2.331
3.051
3.384
1.81
3.674
3.786
3.404
2.429
2.168
2.684
2.619
2.471
3.605
2.628
2.094
3.35
3.57
2.552
3.075
2.139
1.855
3.128
3.475
3.516
2.893
3.137
1.789
3.422
3.339
2.163
2.456
1.968
3.451
2.999
1.69
3.675
2.404
3.557
3.453
3.676
3.288
3.385
3.163
2.117
3.395
2.719
3.638
3.287
1.654
2.949
2.403
3.514
3.714
1.612
2.177
2.925
3.721
3.056
2.465
2.409
2.11
3.763
3.606
3.23
3.115
2.166
1.653
3.971
3.592
3.135
3.969
2.247
1.889
1.545
3.54
2.868
3.168
1.534
3.806
2.963
3.721
2.722
3.336
3.875
2.015
2.343
2.954
3.146
3.158
2.746
2.008
3.079
3.717
2.348
2.657
1.961
2.096
2.342
3.483
1.912
2.298
3.744
1.939
2.834
3.432
3.908
2.198
3.062
2.088
3.922
1.919
2.414
2.112
3.29
2.792
1.876
3.931
2.621
2.017
3.879
2.77
2.561
3.551
3.587
3.385
3.224
2.627
3.213
3.355
1.918
2.524
1.559
2.988
2.099
1.58
2.546
3.411
2.305
2.649
3.536
3.468
1.902
3.701
3.344
3.776
3.243
3.372
2.03
2.56
2.482
3.049
2.68
3.16
2.157
3.236
1.588
1.855
3.879
2.033
3.311
3.041
3.739
3.66
2.458
2.332
1.61
3.089
1.921
2.965
3.711
3.267
2.296
1.991
3.651
3.328
2.535
3.541
2.069
3.332
2.801
2.903
1.815
3.829
3.397
3.882
2.239
3.932
2.929
3.47
3.721
2.969
3.437
2.468
2.564
1.512
2.931
2.928
1.618
3.222
3.502
1.832
1.753
3.717
3.037
3.582
1.715
3.058
3.329
3.897
1.675
2.681
2.656
2.438
1.802
2.75
1.574
2.978
3.572
3.66
1.688
1.637
1.581
3.492
2.181
1.812
2.362
3.384
2.32
3.477
3.736
3.343
3.358
3.27
2.307
1.674
3.428
3.247
1.75
2.209
1.979
2.238
1.917
1.824
3.948
1.909
2.371
2.45
2.251
3.549
1.589
3.438
2.521
3.283
2.503
3.284
1.75
3.841
2.681
3.323
2.532
3.462
2.556
3.691
2.673
2.742
2.353
1.949
3.438
2.16
3.771
3.888
1.831
2.862
1.504
3.406
2.592
2.399
2.827
2.066
2.089
3.319
2.767
3.625
2.54
1.707
2.796
1.674
1.781
1.683
3.604
2.811
1.75
2.13
2.988
2.013
3.444
2.525
3.217
2.601
2.745
3.593
2.457
3.654
3.651
3.272
3.189
2.206
3.802
3.584
2.903
2.905
3.57
2.598
3.331
2.696
2.687
3.679
2.443
3.551
3.271
2.693
3.969
1.95
2.778
1.819
3.993
3.895
3.962
1.526
3.344
2.958
2.551
2.871
2.255
1.76
3.947
3.66
2.9
2.88
1.719
1.71
2.393
3.572
3.396
2.425
2.105
2.823
2.411
2.302
1.748
2.38
2.587
1.51
1.903
2.541
2.048
3.663
2.193
3.184
1.534
3.919
1.554
2.345
3.818
3.811
1.992
3.832
2.921
1.896
1.522
2.988
2.384
2.319
2.492
3.105
2.613
2.516
3.101
2.003
3.515
3.88
2.458
3.137
2.64
2.59
2.722
3.355
1.552
2.067
2.865
3.771
1.67
2.561
3.868
3.945
1.658
2.147
1.91
2.203
2.268
2.126
2.353
1.945
3.918
1.531
3.294
2.599
3.611
3.842
2.756
3.823
3.191
2.545
2.489
3.905
2.299
2.894
3.208
2.909
3.309
2.655
2.774
1.809
1.988
3.507
3.438
1.944
2.022
1.979
3.127
3.402
1.673
2.979
2.406
1.865
3.636
2.255
3.419
3.093
3.821
3.169
3.414
2.181
3.43
2.632
1.529
3.112
2.213
1.95
1.934
3.413
1.567
2.326
3.443
3.007
3.867
3.31
2.177
3.087
2.152
3.613
1.572
1.738
2.178
2.484
2.323
2.08
1.657
3.249
3.167
3.639
3.423
2.692
3.558
1.746
3.809
3.313
3.336
2.752
3.962
3.357
2.769
2.063
3.063
2.121
3.174
1.747
1.922
3.648
3.196
2.036
3.105
3.056
3.628
1.721
2.578
3.635
1.863
2.967
2.565
3.497
2.124
2.237
3.307
3.431
3.405
1.51
1.634
3.535
3.188
3.318
1.976
3.864
2.722
3.305
2.916
2.156
3.681
3.644
2.427
2.48
3.881
1.719
3.459
1.714
2.049
1.617
1.691
3.399
3.547
Error de lectura!!!
1.95
2.127
1.82
3.941
2.724
3.87
3.535
3.944
2.126
2.15
2.784
2.85
3.577
3.347
3.194
3.126
3.269
2.263
3.592
3.425
3.357
2.957
1.71
3.912
2.55
2.931
3.2
3.31
2.004
2.438
1.674
2.593
1.708
3.778
3.019
2.068
2.138
3.728
3.177
1.664
3.176
1.895
3.245
3.541
3.365
2.842
3.85
2.092
2.472
1.51
1.718
2.374
2.193
1.852
3.396
3.138
2.173
3.884
3.736
3.187
3.061
1.884
2.95
1.869
2.523
3.235
3.235
2.707
3.612
2.325
1.806
1.866
3.258
3.531
2.937
2.548
3.931
1.643
2.291
3.906
2.846
1.502
1.745
2.255
3.486
2.182
3.232
3.58
2.976
1.599
1.634
2.188
1.813
1.568
1.967
3.362
2.75
3.767
3.665
3.836
2.11
2.602
2.974
2.827
2.112
3.563
2.235
3.077
2.427
1.642
1.607
2.671
2.404
1.567
1.652
2.395
3.759
2.397
2.457
2.588
3.513
2.032
2.46
2.726
3.964
2.607
3.718
2.241
2.468
2.91
3.825
1.913
1.555
1.63
3.227
2.547
3.716
2.308
3.978
2.794
1.716
2.166
1.86
2.28
1.919
3.402
2.056
2.539
3.411
2.92
3.596
3.211
3.769
3.335
2.479
3.513
1.535
2.718
3.834
1.641
2.515
3.545
3.965
3.05
3.372
1.842
3.67
3.241
3.838
1.845
3.848
3.002
3.844
2.361
2.07
1.671
1.658
2.326
2.465
2.548
3.823
3.294
1.724
3.744
3.97
2.078
2.366
2.019
3.266
2.18
1.694
2.626
3.482
2.073
1.836
3.966
1.713
2.715
2.97
2.338
3.804
2.079
2.123
2.186
3.889
3.895
2.632
2.442
3.954
2.229
2.071
1.687
2.049
3.414
3.636
1.647
2.844
2.088
3.054
2.176
3.607
3.709
2.989
2.359
1.97
3.74
3.744
3.595
3.662
3.75
1.542
1.625
1.568
2.45
3.465
1.87
3.571
3.281
2.176
2.773
2.421
2.423
3.969
2.114
3.721
1.614
1.798
3.855
3.837
1.552
2.001
1.68
3.288
1.722
2.106
2.804
3.502
3.397
2.187
2.093
3.146
2.805
2.386
2.763
2.09
3.831
3.939
2.058
3.361
2.91
3.067
2.428
1.704
2.909
1.61
3.689
2.771
2.688
1.786
2.976
2.677
3.282
1.674
3.626
3.65
2.733
1.896
2.186
2.759
3.313
3.777
1.841
1.635
2.798
1.912
3.671
3.401
3.626
2.542
3.734
1.852
2.888
2.988
2.697
1.643
3.687
1.761
3.885
2.658
3.199
2.36
2.545
2.569
1.914
1.62
2.737
2.911
3.717
2.985
1.559
2.065
1.79
3.414
1.797
1.717
3.931
2.87
3.222
1.754
2.439
3.205
2.609
2.983
1.961
2.069
3.218
3.394
3.067
3.202
2.305
2.505
1.764
1.658
1.988
2.046
3.095
2.366
3.173
3.12
2.357
2.149
1.511
2.272
1.553
2.66
1.861
2.278
2.031
3.925
3.157
3.533
2.924
3.421
1.982
3.85
3.887
1.699
2.787
2.645
3.665
2.773
2.669
3.227
3.836
3.192
2.395
3.148
3.774
2.958
3.962
2.209
2.903
2.337
30.202
3.126
1.862
3.831
1.71
3.603
1.654
2.812
1.816
2.901
2.649
3.61
2.891
3.565
1.739
2.973
3.447
2.598
2.729
1.669
3.197
2.029
2.414
3.444
3.342
2.321
2.159
1.782
3.475
2.303
3.615
3.405
3.036
2.186
3.714
3.254
1.783
3.756
1.572
3.866
2.912
2.844
2.733
2.205
2.476
3.3
3.784
3.482
1.506
2.788
2.397
1.725
3.958
2.838
3.619
2.217
3.539
1.988
2.311
2.599
3.877
3.467
1.735
3.152
2.412
3.223
1.945
3.558
1.875
2.817
1.76
3.381
1.69
1.929
3.359
2.839
2.149
2.104
3.0
2.07
3.832
2.177
3.498
1.696
2.142
1.918
1.578
3.817
1.643
1.809
2.232
2.373
1.678
1.572
2.882
2.107
2.536
2.848
3.683
3.722
2.231
3.379
1.952
3.507
3.193
3.982
3.677
1.598
3.213
3.92
3.591
1.534
2.395
2.349
2.695
1.835
1.673
2.686
2.816
3.617
2.729
3.544
2.358
3.239
3.201
2.277
3.125
3.767
3.459
1.963
3.752
1.505
3.908
2.411
2.612
1.851
3.184
2.768
1.879
3.519
3.159
3.759
2.32
2.777
2.202
2.028
3.514
2.762
3.426
2.58
3.193
2.669
3.284
2.758
1.634
3.931
1.884
1.694
3.192
2.131
3.459
2.93
3.205
2.837
1.805
3.304
2.911
3.075
3.934
2.558
1.504
3.047
3.252
2.5
3.625
2.731
2.322
2.78
3.683
3.538
2.737
1.873
2.415
3.235
2.395
3.818
2.191
3.88
2.095
2.704
2.06
2.359
2.343
2.72
1.784
3.682
1.598
3.934
3.379
1.609
3.551
3.881
1.733
2.1
2.341
3.155
3.719
1.501
3.414
1.769
3.672
1.501
3.36
3.383
2.052
3.568
2.201
2.481
3.49
3.558
3.029
2.703
2.316
2.0
2.955
3.744
3.843
1.651
2.328
1.701
1.613
2.933
2.976
3.524
2.607
1.845
3.092
2.957
2.959
2.706
2.987
1.94
2.213
1.516
2.221
3.406
1.979
3.439
3.977
3.274
3.825
3.361
1.537
1.537
3.468
3.354
3.831
1.553
2.856
3.493
2.214
3.902
1.95
1.506
2.974
1.977
3.118
3.763
2.878
1.661
1.72
3.435
2.573
3.192
2.203
2.972
3.83
2.983
2.541
2.452
3.354
1.836
3.254
3.511
3.981
2.754
3.11
1.675
1.862
2.47
2.96
2.063
1.953
2.203
2.25
3.758
2.264
2.676
2.597
2.129
2.031
3.785
3.543
3.502
2.789
3.903
1.876
2.063
2.818
3.958
2.653
3.541
3.303
1.831
2.832
3.117
3.951
3.814
1.842
2.62
1.979
2.089
1.858
3.936
2.484
2.588
3.043
3.836
3.042
3.417
3.234
3.663
1.741
1.511
3.312
1.713
2.147
2.223
2.044
2.874
1.684
1.834
3.342
1.783
2.409
2.226
3.95
3.57
1.867
2.594
3.231
3.13
3.251
1.512
2.579
2.412
3.699
1.535
3.697
3.327
1.587
2.375
2.127
2.553
2.231
2.978
1.778
3.906
1.502
3.063
3.225
3.392
2.455
3.711
2.73
3.569
2.13
1.511
1.892
3.567
2.287
1.653
1.574
2.448
3.266
3.797
1.588
2.876
2.346
3.352
3.698
2.488
3.332
1.923
3.37
1.962
3.183
2.618
2.077
3.956
1.575
1.632
2.311
3.454
3.302
3.932
2.687
3.677
2.98
1.725
2.412
3.494
3.98
2.48
3.435
2.502
2.413
2.513
1.947
2.929
2.115
3.947
3.411
3.35
2.633
3.955
3.269
2.186
2.395
2.507
2.77
2.73
2.347
2.462
1.58
3.873
2.748
2.364
3.263
3.301
3.034
3.783
3.958
2.789
3.674
2.461
1.587
3.543
1.875
3.444
3.602
3.001
2.119
2.484
1.774
3.879
1.625
1.673
1.656
1.606
1.844
1.916
2.639
3.027
3.999
1.848
1.692
3.485
2.031
1.814
3.796
2.699
2.388
1.564
3.232
1.765
2.292
1.723
2.289
1.52
1.507
3.113
1.631
1.926
2.476
2.459
2.532
2.138
2.139
2.683
2.88
1.731
2.412
2.183
1.788
3.448
1.776
3.695
2.51
3.735
3.124
1.543
2.89
2.123
2.875
3.854
1.882
3.2
1.624
3.769
2.857
2.123
2.035
2.293
3.329
2.04
3.091
3.458
1.825
1.839
3.806
3.424
1.821
3.939
3.609
2.04
3.95
2.745
2.599
1.737
3.969
3.182
3.908
2.88
1.525
1.831
1.781
2.209
1.735
3.209
3.961
2.385
2.23
3.074
2.247
2.46
1.95
3.983
3.16
1.922
3.938
2.229
3.474
2.596
3.592
2.723
2.304
3.308
3.998
2.263
2.424
3.487
2.068
3.912
3.68
1.981
2.048
3.856
3.365
3.258
2.661
1.712
3.046
2.653
3.872
2.954
2.404
2.362
1.562
2.796
3.493
3.166
2.024
1.514
2.439
3.83
3.616
3.725
2.094
3.624
3.276
3.104
2.679
2.269
3.712
3.02
2.825
1.559
1.985
2.754
3.961
1.521
1.56
2.233
3.032
2.461
3.695
2.264
3.402
2.938
2.046
2.783
2.413
3.587
2.359
2.81
3.438
2.153
3.567
2.723
2.575
3.729
2.555
2.045
2.649
2.449
1.794
1.835
1.526
1.58
3.374
1.846
2.14
3.141
2.149
3.548
2.744
2.853
1.569
3.459
3.234
3.66
3.172
2.865
3.017
3.246
2.579
2.031
2.758
2.122
3.759
3.487
3.067
3.29
1.703
2.489
1.581
2.492
3.385
2.789
3.286
1.777
1.841
3.596
3.913
2.316
3.393
3.324
2.791
3.807
3.693
3.477
1.64
2.779
1.822
3.778
3.921
2.122
3.762
3.232
1.707
2.579
3.332
3.875
3.288
3.665
2.191
2.914
2.836
1.95
3.726
3.865
3.498
3.486
1.758
3.333
3.518
1.993
1.581
3.436
2.865
2.174
2.053
2.206
1.824
2.907
3.461
3.295
3.493
2.57
3.984
3.955
3.903
1.702
3.48
3.155
1.563
3.207
2.433
3.681
3.474
3.356
1.705
3.961
2.518
3.513
1.913
2.367
3.782
3.313
2.146
3.022
3.315
3.55
3.755
3.979
3.527
2.134
1.78
3.75
1.964
3.114
3.986
3.519
1.641
3.194
3.621
2.229
2.401
1.66
3.262
1.669
3.167
2.509
1.679
3.612
2.755
1.861
2.384
1.916
3.139
2.913
1.906
2.246
1.733
3.818
2.621
1.819
1.571
2.746
2.704
2.592
3.5
2.325
2.664
2.703
3.429
1.575
2.891
1.752
3.519
1.831
3.476
2.085
3.269
2.568
2.464
2.588
3.046
2.856
1.704
2.695
1.512
3.251
2.231
1.824
3.209
2.054
3.054
2.108
1.717
1.897
2.363
1.848
3.423
3.146
2.385
3.616
2.991
1.929
2.426
2.319
2.061
2.916
3.998
2.385
2.2
2.632
1.932
2.762
3.691
3.799
2.336
2.638
1.977
3.222
1.779
2.92
2.125
1.98
2.292
3.259
3.549
3.331
3.331
3.196
2.96
3.555
3.077
2.368
3.183
2.792
1.845
2.808
2.503
3.279
2.355
1.966
1.62
3.83
1.909
3.61
1.777
1.898
3.915
1.875
2.596
2.491
1.676
2.68
1.664
3.772
1.7
1.552
3.668
2.107
2.159
1.781
1.831
2.415
3.064
2.732
3.911
2.295
2.25
2.564
2.364
3.258
3.455
3.073
3.511
3.556
2.618
2.18
3.339
2.321
3.451
1.709
1.823
1.622
3.48
3.088
3.214
3.001
2.506
2.581
1.852
3.908
2.132
2.808
2.519
1.847
3.009
2.527
2.596
3.547
2.514
3.38
2.463
2.941
2.991
3.349
3.172
3.326
3.048
3.748
2.11
3.236
2.227
2.527
3.694
2.428
3.572
2.099
3.805
2.174
3.365
2.929
3.016
3.914
3.053
2.3
2.339
2.476
2.679
3.612
2.188
3.204
3.305
2.142
2.311
3.35
3.957
1.536
3.008
3.768
1.894
3.136
2.609
2.145
1.818
3.561
3.949
3.274
3.561
2.715
2.595
1.958
3.332
1.96
1.59
1.637
3.786
1.915
1.841
3.539
Error de lectura!!!
2.713
2.331
2.504
3.089
3.391
3.225
2.884
3.428
2.957
1.516
2.738
3.1
3.848
3.753
3.045
2.641
3.32
3.805
3.985
1.672
2.688
2.832
1.707
1.608
2.993
3.02
3.614
1.655
3.004
3.04
3.253
2.714
2.806
1.875
1.866
3.516
2.928
3.725
2.74
3.771
3.764
3.019
2.559
2.691
2.81
2.73
2.395
3.023
3.631
2.699
2.036
2.361
2.147
3.046
3.116
2.545
1.571
3.816
2.687
2.841
1.697
1.853
3.185
1.959
2.933
2.751
2.049
2.641
3.477
2.579
1.74
1.996
3.411
2.433
2.211
1.975
2.165
1.989
3.007
2.011
2.335
2.851
2.543
2.952
3.355
2.968
3.096
2.41
1.775
3.705
2.592
2.831
3.97
1.64
1.916
1.817
1.626
1.656
1.763
1.916
3.889
3.624
3.473
1.992
2.702
1.727
1.781
2.602
3.177
3.16
2.648
3.695
1.794
1.509
3.804
1.875
3.855
2.639
3.004
2.836
2.968
2.196
3.241
1.676
2.993
3.877
2.749
2.729
3.931
2.103
2.585
3.773
1.999
1.519
1.868
2.393
2.612
3.12
2.601
2.179
3.892
3.261
1.634
2.143
2.117
1.981
2.874
3.739
3.637
3.251
3.917
1.92
2.195
3.186
3.524
3.711
3.418
1.535
3.813
2.607
3.058
2.764
2.585
2.853
1.564
1.778
2.18
2.291
1.84
1.704
3.055
3.34
2.783
3.413
2.561
1.62
3.04
2.396
3.219
2.397
3.635
2.38
1.693
3.446
1.641
2.829
2.649
2.423
2.343
3.748
2.152
3.414
2.849
3.641
2.17
3.207
2.423
3.41
2.895
2.108
2.469
2.539
3.93
2.76
1.573
3.014
3.032
3.858
3.262
2.903
1.662
2.517
3.408
3.781
1.556
1.84
3.304
2.798
3.591
3.045
3.274
3.154
3.831
3.258
2.861
2.612
2.101
2.564
2.599
3.805
3.136
2.329
2.764
2.692
2.541
3.562
1.733
2.296
2.384
1.961
2.276
2.135
1.776
1.721
2.682
3.981
3.069
2.581
2.543
2.456
3.342
3.561
2.796
3.628
3.851
3.627
2.347
2.568
2.39
3.25
3.259
3.51
2.617
2.37
3.953
1.992
2.35
2.749
3.135
1.974
3.222
3.539
1.707
1.642
2.068
2.649
2.542
2.545
3.473
2.797
3.602
2.986
3.947
3.821
2.051
3.368
2.56
3.646
2.004
3.48
2.515
2.313
1.82
3.914
2.909
3.737
3.203
2.266
1.689
2.758
3.588
3.429
2.873
3.944
2.795
2.425
2.766
2.685
2.181
2.193
2.312
1.708
3.813
2.708
3.912
1.534
3.272
2.153
3.499
3.135
3.647
2.061
3.238
3.195
3.092
2.464
1.685
3.237
3.811
3.303
3.234
2.601
3.624
3.905
3.936
3.817
2.721
2.696
3.672
1.807
2.526
2.869
2.8
3.23
3.641
1.886
3.422
1.654
2.566
3.418
2.846
2.364
1.661
2.403
1.869
2.71
1.85
2.714
3.807
1.51
1.808
2.935
2.283
3.556
3.126
2.39
3.926
2.882
2.934
1.824
3.966
2.125
2.267
1.706
3.589
1.558
1.963
2.409
2.444
2.653
1.6
2.736
2.649
1.882
3.22
3.562
2.72
3.785
2.544
3.475
1.94
2.211
1.862
2.826
2.446
1.876
3.278
3.879
1.792
2.549
2.214
2.964
3.937
2.109
2.252
3.015
3.169
3.63
2.826
1.668
3.284
3.445
1.951
2.687
3.351
1.597
2.197
1.864
2.409
2.398
1.633
3.624
2.677
3.106
1.723
2.081
3.935
2.677
2.75
3.315
2.144
3.178
1.664
2.332
3.628
3.563
3.318
3.416
2.036
2.864
1.732
3.663
2.448
3.825
1.95
1.854
3.231
2.617
3.539
2.29
2.904
3.972
3.592
1.603
3.332
2.511
2.652
2.932
2.771
1.983
2.067
3.004
2.864
2.712
1.713
3.135
2.756
3.426
3.868
3.366
1.998
1.839
3.482
2.006
2.243
2.111
3.033
2.165
2.606
2.866
3.752
3.221
1.897
3.907
2.293
2.607
1.751
2.484
1.655
3.056
3.739
2.178
2.65
1.634
2.595
2.252
2.934
2.207
2.533
2.156
2.478
3.607
2.241
1.664
1.92
2.609
2.692
1.973
2.421
3.731
3.388
2.277
3.745
2.729
1.721
3.89
2.468
2.184
4.0
2.939
2.041
2.296
2.725
3.56
2.478
2.928
1.588
1.837
3.35
2.822
1.77
2.289
3.682
3.355
2.735
1.518
2.35
2.989
1.746
3.014
2.553
2.651
3.752
3.958
1.997
3.882
2.909
2.715
3.557
2.664
3.15
2.848
2.376
2.225
1.971
3.867
1.572
1.586
2.369
3.948
2.796
2.117
2.323
1.929
1.557
2.382
3.978
3.691
2.662
2.314
2.109
3.319
1.906
3.552
3.412
2.655
3.139
2.847
2.273
3.712
3.044
3.492
2.584
2.302
3.191
2.668
2.971
3.468
1.844
2.921
3.556
1.635
3.187
2.212
1.962
3.592
2.966
3.041
3.056
3.424
3.173
1.867
3.269
3.671
2.533
1.518
2.644
1.856
2.497
3.301
3.787
2.755
2.081
1.885
1.747
3.075
1.688
2.459
3.399
3.873
2.761
3.964
1.579
1.959
3.246
3.431
3.223
2.994
3.857
2.77
2.104
1.746
3.686
3.253
2.774
2.636
2.383
2.959
3.386
2.388
3.143
3.52
3.04
3.763
2.797
1.682
1.773
3.587
2.633
3.462
3.545
3.417
3.174
2.597
2.544
3.195
2.64
2.492
3.849
2.383
2.695
3.788
3.915
3.912
2.266
1.733
2.049
2.007
3.586
2.192
3.477
3.633
3.622
3.64
1.837
3.36
3.731
1.685
3.619
3.935
3.024
1.516
2.264
1.95
2.712
1.996
3.03
2.89
1.85
1.803
1.939
3.863
3.156
1.507
2.448
2.234
2.253
3.171
2.283
1.791
2.145
2.376
3.57
1.662
1.934
3.417
3.823
Error de lectura!!!
2.046
3.107
3.723
1.587
1.903
2.83
1.609
1.942
1.829
1.63
3.185
2.897
3.488
1.718
3.402
1.972
1.562
1.714
2.767
2.495
3.654
3.627
3.161
3.833
1.804
3.856
2.212
2.682
2.567
3.722
3.058
2.617
3.349
2.061
3.269
2.46
1.896
3.37
3.662
2.996
3.782
3.979
3.686
3.133
3.527
2.56
3.946
3.232
1.713
3.784
1.717
3.18
3.548
3.668
2.533
1.862
1.734
2.417
1.695
3.376
1.97
2.488
1.809
1.919
3.207
1.558
1.863
3.02
3.57
1.637
2.117
1.989
2.018
2.778
2.15
3.335
1.509
3.169
1.82
2.115
2.543
3.302
2.051
2.785
2.924
2.501
3.196
3.775
3.086
1.71
3.65
3.122
2.152
2.407
3.004
2.291
1.855
2.352
2.992
3.395
3.409
3.51
1.735
2.506
1.914
2.242
1.532
2.985
2.792
1.647
1.81
1.524
1.99
1.726
2.91
1.734
3.549
2.859
3.939
3.085
1.957
2.27
2.072
2.3
3.632
2.727
3.824
3.997
2.557
3.019
2.064
2.212
3.328
3.967
2.636
1.94
1.68
3.893
2.908
1.682
2.952
1.597
3.33
2.876
2.027
2.111
1.803
2.342
3.486
1.667
3.807
1.595
3.768
1.503
2.111
2.425
3.613
2.998
3.489
2.808
2.694
2.001
2.905
2.775
2.317
2.697
2.38
1.656
2.494
3.951
2.56
1.658
1.872
2.885
3.75
2.877
2.119
2.843
2.271
2.098
3.767
2.862
2.374
2.867
2.521
3.138
1.714
1.817
2.777
1.687
3.241
2.825
2.603
1.857
2.722
3.992
2.791
2.172
2.693
2.543
3.232
3.891
1.692
3.464
3.388
3.446
2.893
2.8
3.57
3.681
3.024
2.611
2.193
2.953
3.235
3.892
1.683
2.686
3.868
3.852
2.75
1.513
2.504
1.543
3.298
2.528
2.659
2.457
2.285
2.715
2.284
2.17
2.17
2.684
3.288
2.789
1.581
2.653
3.639
3.064
1.729
1.666
2.706
3.208
2.904
1.714
3.897
3.18
3.495
1.779
3.978
1.676
3.473
3.541
3.543
3.345
2.487
3.549
1.659
2.332
1.511
2.477
1.992
3.527
3.209
3.188
2.86
1.809
3.831
2.839
3.72
1.623
3.123
2.779
2.629
3.069
3.564
2.904
3.948
2.313
2.8
3.746
3.878
1.513
3.743
1.512
2.719
1.879
3.097
2.366
2.846
3.381
1.613
2.388
2.846
3.507
3.653
2.594
2.751
3.665
2.375
3.772
3.124
2.966
2.632
3.363
3.407
2.614
3.911
3.626
2.963
3.142
2.15
2.679
3.761
3.079
3.578
3.672
3.214
2.541
2.269
3.112
1.511
2.003
3.426
3.356
3.656
2.234
3.942
2.639
3.131
3.542
2.664
2.405
3.188
2.907
3.218
1.63
2.633
2.951
1.573
3.98
2.479
1.71
3.672
3.93
2.234
3.978
3.315
1.58
2.981
1.823
2.558
2.513
3.12
3.573
2.665
2.916
3.183
1.687
3.676
1.951
1.674
2.821
2.49
1.519
2.275
2.993
2.628
2.025
2.962
3.385
3.918
3.271
3.628
2.869
2.199
3.198
3.121
2.432
1.965
2.826
1.674
3.233
3.869
1.811
2.967
1.761
2.503
3.294
3.537
3.579
1.526
2.589
2.438
2.635
1.502
2.712
3.202
2.964
2.168
2.771
2.551
3.842
2.627
2.057
2.796
2.013
3.499
3.313
2.449
3.983
2.281
2.377
3.903
3.319
2.255
3.407
2.9
2.961
3.795
2.63
3.112
2.538
3.386
3.867
3.482
3.376
3.662
3.558
3.738
2.891
3.329
2.532
2.039
2.908
3.751
2.042
2.402
2.449
3.255
3.206
3.896
2.432
1.776
2.518
2.367
3.664
3.055
2.068
3.086
3.086
1.757
1.801
3.808
1.727
2.868
3.246
2.952
3.424
2.054
2.616
2.394
1.785
3.626
3.426
3.673
2.671
3.919
3.72
3.387
3.59
2.364
3.655
1.918
2.536
1.852
3.814
3.597
1.888
3.132
2.209
1.918
3.599
1.711
1.713
2.311
2.855
3.447
2.445
2.468
2.61
2.926
2.459
2.743
1.696
2.916
3.162
2.58
1.791
2.746
3.967
2.231
2.017
2.031
3.203
2.477
3.599
3.359
2.043
1.917
1.743
2.181
2.1
2.775
2.677
1.881
2.046
1.915
1.878
3.476
3.664
2.655
3.022
2.874
2.137
3.439
1.649
2.342
2.327
1.704
2.309
3.781
3.658
2.343
3.829
2.55
2.198
3.506
1.7
2.893
3.424
3.133
2.174
2.557
3.891
1.556
2.827
1.612
2.18
1.913
3.256
2.079
2.451
3.53
3.15
1.584
3.082
1.808
3.324
1.79
2.499
1.546
3.144
1.705
3.281
1.7
2.421
3.521
1.551
3.986
3.772
3.773
3.434
2.394
2.863
2.181
2.873
2.279
2.68
3.514
2.874
2.132
2.265
2.054
3.498
3.38
2.932
2.825
3.132
3.18
2.333
3.323
3.188
3.002
3.944
1.936
3.171
3.003
1.53
2.357
1.804
1.653
2.739
3.359
3.081
1.888
1.692
3.385
3.003
2.55
3.636
3.164
1.564
2.733
1.804
3.004
1.846
3.119
2.302
1.792
2.075
3.325
3.201
2.039
3.096
1.548
3.646
1.89
2.814
2.04
2.199
2.271
2.006
3.506
1.845
1.586
2.109
1.946
2.816
3.199
3.86
2.876
1.862
2.655
2.732
3.886
1.959
1.716
2.718
1.535
2.943
1.585
2.958
2.381
2.921
2.34
2.941
3.033
2.333
2.476
2.836
3.824
2.955
2.426
2.512
3.39
2.056
1.813
2.13
3.524
3.396
3.716
3.952
3.167
2.915
3.563
3.988
3.552
1.845
3.425
2.664
2.047
1.798
3.418
3.576
3.675
2.801
3.763
2.594
3.928
2.339
3.216
2.936
2.888
2.84
2.693
2.896
3.337
2.744
1.769
2.251
3.531
3.998
2.571
2.047
3.576
3.543
2.009
2.203
2.672
1.606
2.405
2.418
3.005
2.225
3.939
3.951
2.919
1.547
3.97
3.613
2.904
2.748
1.611
2.696
1.621
1.595
2.778
3.699
2.203
3.197
2.059
1.595
2.268
1.543
2.953
3.03
1.626
2.05
2.797
2.319
2.203
2.443
2.357
2.742
1.64
1.902
1.771
3.17
1.615
3.636
2.024
1.954
2.417
2.937
2.239
2.464
3.178
3.469
3.949
3.835
3.327
2.197
2.553
2.078
2.559
2.026
2.473
3.509
2.635
2.094
3.639
1.59
3.028
3.711
1.813
3.469
3.852
3.622
3.516
1.987
1.673
2.36
1.862
2.176
1.507
2.285
3.286
3.743
3.883
3.211
1.8
2.709
3.866
3.823
3.542
2.047
2.943
3.807
1.879
3.419
1.697
1.924
2.044
1.572
3.423
3.515
3.002
3.775
1.638
2.117
2.526
1.564
2.208
3.013
1.739
2.193
1.879
1.924
3.797
2.37
3.786
3.509
3.899
1.686
2.189
3.676
3.041
3.804
2.344
3.16
3.365
1.523
2.948
3.105
3.022
3.778
1.655
3.376
3.175
3.422
1.648
3.492
1.613
1.782
3.033
3.52
2.986
1.66
3.552
3.633
1.832
3.893
2.012
3.47
3.365
3.468
3.241
3.789
3.974
1.948
2.654
3.704
3.385
3.107
2.119
2.304
3.058
1.789
1.525
3.953
1.632
3.906
3.041
1.775
3.876
2.556
2.09
2.732
2.815
2.519
3.616
2.654
2.892
3.367
2.602
2.198
3.073
1.613
2.314
3.969
2.294
2.022
2.384
3.647
3.12
1.79
1.594
2.852
1.89
2.451
3.271
2.026
3.581
3.354
1.953
2.381
3.48
3.99
2.316
3.637
2.815
3.33
2.29
3.467
2.843
1.796
3.937
3.701
3.728
1.679
2.9
2.475
2.826
3.795
3.556
3.004
3.582
3.542
2.697
1.963
3.76
2.944
2.218
3.46
2.181
3.848
2.278
2.921
3.137
3.687
3.863
1.812
3.789
1.691
2.519
1.745
3.591
3.792
2.313
3.627
3.575
2.553
2.882
2.618
2.001
1.89
3.94
1.55
3.402
1.599
3.268
3.167
1.863
2.222
2.35
2.56
1.755
2.595
2.034
1.783
2.431
3.184
3.659
2.986
3.157
2.091
2.843
1.882
1.563
2.334
1.811
2.025
2.625
1.755
2.184
1.823
2.836
3.174
2.314
1.518
2.374
2.075
2.675
1.684
2.432
3.792
1.685
1.57
1.612
3.565
2.134
3.705
3.121
2.213
1.586
3.886
2.638
2.375
3.923
3.064
3.361
2.494
2.272
2.343
3.944
3.339
2.988
2.84
1.879
3.144
3.033
1.992
3.828
3.211
3.04
2.619
3.504
2.771
1.927
3.244
2.436
3.622
2.487
3.253
2.124
1.944
2.945
3.877
2.689
1.572
3.38
3.843
2.273
3.069
1.741
2.548
2.226
2.572
3.646
2.524
3.137
2.191
2.689
2.557
1.704
1.861
2.396
1.956
3.328
2.513
3.216
2.014
2.622
3.864
2.166
2.902
3.536
1.812
1.956
3.901
1.959
3.366
3.989
2.402
3.052
2.189
1.896
3.957
2.555
3.12
3.281
2.532
1.697
2.001
2.829
1.526
1.626
2.83
3.441
2.025
1.759
1.975
2.327
1.933
2.108
3.133
2.988
3.099
3.076
2.619
2.485
1.654
1.514
2.777
2.35
2.132
1.627
2.092
2.293
3.042
2.693
2.932
2.62
2.247
3.274
3.942
2.209
1.749
2.535
3.621
2.689
3.416
2.86
1.992
1.8
3.983
3.983
2.938
1.64
3.507
3.621
3.864
1.834
2.148
1.999
1.579
1.761
2.553
3.938
1.81
2.652
1.527
1.502
1.864
2.08
1.946
3.438
3.416
2.272
1.88
1.825
3.516
3.984
2.198
1.56
1.513
2.931
2.093
3.243
2.864
2.957
3.928
1.62
3.354
3.862
1.525
1.941
1.75
2.793
2.734
1.562
3.773
1.601
2.911
2.681
2.994
1.886
1.569
3.289
2.352
2.665
1.594
2.176
3.986
3.576
2.06
2.076
1.688
3.411
2.312
2.294
3.477
1.667
1.953
1.594
1.655
3.169
3.954
3.551
3.681
2.986
2.007
3.863
1.803
3.651
2.155
1.507
2.622
2.708
2.272
3.076
2.351
1.803
1.773
2.511
2.206
2.228
3.151
1.713
3.525
3.219
1.525
3.427
1.842
3.171
3.646
1.968
2.105
3.454
3.417
1.885
2.396
3.02
2.001
3.522
3.45
1.539
1.546
2.332
3.833
3.533
1.604
Error de lectura!!!
1.525
2.417
1.736
3.496
1.745
1.942
1.969
1.628
2.13
3.375
1.749
3.952
3.353
2.922
3.525
1.963
3.251
1.724
1.508
3.892
2.208
2.523
3.805
2.361
1.618
1.682
3.874
2.461
3.597
2.631
1.577
3.901
3.363
3.431
3.894
3.43
2.122
1.519
3.415
2.294
3.438
1.535
2.872
1.954
2.022
3.451
1.759
2.049
2.058
3.606
3.143
2.838
2.509
3.42
1.777
1.501
1.628
3.688
3.821
3.265
3.369
1.86
2.096
1.57
1.575
1.78
2.861
3.118
2.286
2.312
1.525
3.976
2.559
3.875
2.041
1.967
2.397
3.093
2.79
3.998
3.705
3.846
3.728
2.038
3.923
2.392
3.768
1.989
3.879
3.123
2.156
3.52
3.535
3.246
3.598
1.842
1.723
3.845
3.402
3.152
2.202
2.785
2.175
2.681
3.772
2.047
3.354
2.75
3.916
3.021
3.429
3.489
1.626
1.764
2.901
2.651
2.922
3.712
2.863
2.232
2.871
3.857
3.958
3.63
2.979
1.967
1.613
1.891
2.866
3.38
3.362
3.433
2.478
1.759
1.819
2.19
1.723
3.097
1.848
1.757
1.663
2.139
1.993
3.387
1.824
2.204
1.977
3.706
3.399
1.837
2.058
2.523
3.251
2.312
2.514
1.851
1.9
3.054
1.531
2.006
2.268
1.758
2.086
3.532
3.104
3.869
1.641
1.753
2.867
2.407
3.71
1.682
3.449
2.55
3.073
3.196
1.662
3.481
2.66
1.528
2.395
1.664
3.151
1.708
3.89
3.586
1.961
2.275
3.963
2.233
2.344
1.826
1.75
3.648
2.857
2.728
3.681
3.092
3.694
3.865
1.632
3.921
2.6
3.071
3.446
3.991
3.195
2.246
2.272
2.124
1.985
2.672
2.068
3.871
1.724
2.518
3.097
2.276
3.703
3.262
1.611
3.57
3.013
3.05
3.997
2.841
2.315
1.853
1.978
3.329
1.741
2.485
2.351
3.249
3.923
2.318
2.184
1.974
2.454
1.716
2.903
1.663
2.685
2.641
3.531
3.09
3.625
2.281
2.117
2.419
2.286
3.625
2.751
3.389
3.313
3.786
2.695
3.072
1.577
3.871
2.712
2.058
3.506
1.926
3.653
3.054
3.723
2.157
1.931
3.6
2.708
1.5
3.456
3.053
2.077
3.081
3.174
3.803
1.514
3.593
2.096
3.29
3.193
1.606
3.941
3.708
2.889
3.385
2.932
1.773
1.875
1.701
3.875
3.06
2.287
1.828
2.66
2.618
2.306
3.79
2.334
3.489
2.633
1.817
3.552
2.471
2.209
3.825
2.329
2.575
2.737
2.766
3.614
1.78
3.196
2.955
3.822
3.197
3.147
2.954
3.64
3.558
3.179
2.834
2.153
1.78
2.405
1.644
3.497
2.231
1.681
3.761
3.519
3.189
2.155
2.327
2.087
3.499
2.536
3.09
3.653
1.502
3.4
1.516
3.711
2.123
2.864
1.683
1.749
2.218
2.251
2.637
2.465
2.54
2.739
1.719
2.965
1.841
3.292
1.9
3.81
3.652
3.516
2.512
3.831
3.894
3.184
2.946
2.879
3.299
2.538
2.441
3.451
3.218
1.771
1.519
1.724
2.992
2.644
3.318
3.119
3.775
2.516
3.272
2.446
1.801
1.982
2.837
3.993
1.74
2.548
1.711
3.273
3.964
3.274
3.685
1.859
2.892
2.013
3.809
3.417
2.505
3.554
2.764
3.969
3.525
3.771
2.188
1.852
2.026
2.667
1.552
2.137
1.591
3.484
3.606
1.843
1.778
3.928
1.773
1.898
1.77
3.821
2.612
1.837
1.782
1.59
3.352
3.26
3.587
3.468
2.61
3.084
2.133
2.665
3.791
1.639
3.983
3.246
2.436
1.901
4.0
3.286
3.552
3.221
3.528
2.288
3.259
2.319
2.492
1.991
2.683
2.478
1.991
2.59
3.851
3.64
2.427
3.904
3.776
1.907
2.62
3.421
3.262
2.678
1.979
2.35
3.318
2.849
2.043
1.594
2.598
1.653
3.25
3.771
3.823
3.669
1.6
2.424
2.122
2.825
2.524
2.933
3.769
2.963
3.444
1.793
2.255
1.686
3.751
1.952
2.375
3.505
1.696
1.76
3.287
3.156
1.94
3.919
1.827
2.315
2.156
1.905
1.953
2.398
2.375
1.717
2.586
2.304
2.494
3.876
2.448
1.915
3.53
2.314
2.298
2.687
3.161
3.684
3.953
3.543
3.106
2.364
2.196
1.647
3.102
1.946
2.724
3.182
2.397
1.818
2.3
1.676
1.932
2.166
3.6
1.601
3.652
2.071
3.33
2.209
2.514
2.269
3.422
2.006
2.224
1.9
2.928
2.569
3.046
2.969
2.489
1.962
2.353
3.145
2.669
3.335
3.165
3.486
2.115
2.681
3.238
2.824
2.29
2.146
3.173
2.558
1.976
3.363
2.113
3.312
1.699
1.704
2.965
1.5
2.242
1.688
3.725
2.338
3.198
2.553
3.495
3.901
2.015
3.574
3.405
3.411
3.847
2.784
3.359
2.255
1.644
3.427
2.047
3.771
1.958
2.192
2.813
1.911
1.676
2.757
2.58
2.471
3.026
3.793
1.719
3.432
3.906
1.618
2.538
2.115
2.49
2.566
2.753
2.394
3.855
2.591
2.248
3.034
3.984
1.506
2.321
2.006
2.211
1.995
2.718
2.903
2.428
3.596
3.062
3.277
2.417
2.081
2.185
1.781
2.666
2.432
2.915
3.278
2.814
2.599
1.965
1.693
3.632
1.971
3.395
2.53
3.682
2.025
2.529
1.883
1.936
3.02
2.964
1.969
2.044
2.383
2.252
2.552
2.328
2.055
3.552
3.993
2.566
2.309
2.551
3.669
2.955
3.334
2.307
3.08
2.8
1.987
1.51
1.685
2.227
3.555
3.253
3.772
3.092
3.718
3.677
3.826
1.536
3.63
2.577
2.012
2.277
1.899
2.191
1.848
2.439
2.183
2.341
1.736
1.689
2.598
3.361
1.601
2.211
1.766
2.448
2.081
2.325
2.75
3.122
2.552
2.095
1.871
2.664
3.753
3.878
3.676
3.635
3.762
3.324
2.588
2.107
3.441
2.102
1.757
2.694
1.999
3.848
2.942
2.957
2.276
3.03
3.17
2.893
1.62
2.022
1.575
3.006
2.503
2.122
3.214
1.605
3.8
3.864
2.77
3.668
3.017
2.371
3.313
2.101
3.106
3.874
2.431
3.664
3.122
3.359
1.547
3.176
3.161
3.081
3.085
1.712
1.658
3.757
3.563
2.774
3.386
2.79
3.518
3.399
2.59
1.719
3.762
2.242
3.871
2.76
3.862
1.676
2.71
2.044
1.506
2.271
2.595
3.926
3.795
2.107
3.281
3.812
3.537
1.885
2.601
2.326
3.834
2.11
2.495
2.303
1.848
1.987
3.947
3.381
3.62
3.151
2.147
2.98
3.475
1.846
1.551
2.785
2.038
2.785
1.992
1.761
3.255
3.458
2.884
1.887
2.784
1.899
3.356
3.436
3.339
3.693
3.755
2.7
1.617
3.401
1.933
2.09
1.857
3.742
2.644
2.902
3.672
2.841
3.022
3.518
3.269
1.764
3.682
3.898
1.737
2.305
2.528
3.174
3.549
2.412
3.957
3.841
3.422
3.032
1.639
3.134
3.161
3.144
2.906
1.761
2.548
1.603
1.662
3.062
1.924
3.985
3.862
1.931
1.598
3.133
3.489
3.923
2.362
3.171
2.392
3.042
3.332
2.43
3.254
2.105
3.003
3.753
1.635
2.485
2.656
3.189
1.811
2.479
2.438
2.981
3.165
3.201
1.956
1.733
3.149
3.816
2.57
1.797
2.015
3.279
3.629
2.728
2.185
2.349
3.085
3.938
2.348
2.191
2.56
3.079
3.919
1.652
2.071
1.87
2.899
2.469
1.635
2.385
1.655
3.615
2.476
1.527
3.397
3.952
2.2
3.092
2.885
3.632
3.933
2.352
3.204
3.317
1.544
1.931
2.417
2.253
2.297
2.124
2.202
3.163
1.513
3.542
3.898
3.752
1.623
1.523
1.533
3.532
2.739
1.648
2.035
1.933
3.782
3.389
3.584
3.319
2.123
3.048
3.59
3.001
2.47
2.938
2.363
1.763
3.863
3.06
3.851
3.597
2.206
2.425
2.414
3.201
2.736
3.858
2.719
3.527
3.468
1.63
3.14
2.65
3.097
2.318
1.56
1.601
2.915
3.681
3.901
1.692
1.766
1.833
3.12
2.21
2.513
1.98
3.058
2.532
3.491
3.894
2.503
2.402
2.688
2.323
2.294
3.145
2.281
3.245
1.937
3.235
3.689
3.779
3.829
3.427
2.346
3.773
3.697
2.59
2.815
2.426
2.287
2.362
2.126
2.96
2.231
2.314
2.145
3.835
3.103
3.98
3.02
3.169
3.745
1.651
3.914
2.294
1.964
2.202
3.985
3.081
3.673
1.597
1.679
3.209
2.389
2.836
2.428
2.348
2.959
2.502
1.704
3.115
3.731
2.085
1.719
3.473
2.155
3.381
3.757
3.875
3.86
2.383
3.841
3.647
2.516
2.499
2.19
2.173
1.694
1.879
2.971
2.992
1.908
3.996
2.335
1.79
3.749
2.657
1.742
2.228
1.695
1.633
1.748
2.137
3.856
3.341
3.938
2.889
3.572
2.371
3.707
2.746
2.309
2.645
3.707
2.111
1.644
1.618
3.007
2.471
2.074
3.388
3.011
2.43
3.965
1.519
1.522
3.955
3.335
2.517
3.485
2.788
2.259
2.614
3.879
1.663
1.852
2.846
2.406
2.762
1.842
2.207
2.99
1.822
2.72
3.037
3.675
2.584
2.471
1.978
3.939
3.903
2.737
3.147
3.809
2.407
2.623
2.689
2.262
1.826
2.581
3.06
3.365
3.452
2.85
2.046
3.376
3.103
2.747
3.628
2.275
2.018
3.323
2.364
2.557
2.885
2.87
2.484
1.581
3.788
2.082
1.523
1.699
2.713
3.422
2.776
2.129
3.726
3.422
3.834
2.877
2.63
2.327
1.711
2.945
1.517
3.879
3.607
2.297
1.823
3.412
3.25
3.15
3.207
2.433
2.682
2.482
1.696
2.342
2.649
3.691
2.773
2.581
1.719
2.269
2.383
3.99
2.955
2.667
1.561
1.747
1.646
1.776
3.663
1.808
2.61
1.532
3.36
3.546
1.744
3.993
1.946
2.984
2.304
2.111
3.179
3.603
3.573
4.0
2.514
3.935
2.761
3.217
2.974
2.31
3.848
3.862
2.444
3.342
2.111
2.853
3.582
2.202
3.998
2.161
2.96
1.653
3.087
1.777
1.816
2.999
2.277
1.562
1.71
1.584
1.818
2.124
2.54
3.511
2.127
3.299
2.664
1.509
3.578
3.682
2.283
2.84
1.983
2.454
1.844
2.923
1.577
2.258
3.006
3.642
3.306
2.863
1.593
1.916
3.392
2.361
3.847
2.197
3.896
1.836
3.52
3.346
3.016
3.836
2.684
3.666
3.537
3.572
2.82
3.856
3.218
2.526
2.366
3.193
3.994
2.528
1.819
3.874
3.133
1.917
1.819
3.804
1.794
3.586
2.218
1.512
1.808
2.821
2.417
3.453
3.114
2.879
3.27
3.589
1.67
2.509
1.947
2.8
3.556
2.02
1.927
2.026
1.939
1.574
2.127
2.178
2.442
1.969
3.782
3.618
3.229
3.471
1.523
2.739
3.492
1.928
1.904
1.863
3.126
2.571
3.463
3.565
3.817
3.295
1.761
2.593
3.979
3.789
3.666
2.08
2.781
3.816
2.995
1.543
2.715
3.861
1.955
3.542
3.363
2.754
2.99
1.67
2.041
2.696
2.314
3.888
3.628
3.023
3.704
3.361
3.83
3.665
1.721
2.067
3.471
3.018
3.474
1.57
2.37
3.969
3.805
2.18
2.285
2.548
3.376
2.978
3.215
2.892
1.547
1.751
1.685
1.847
3.628
2.585
2.093
3.587
3.376
3.472
3.35
2.528
2.403
3.03
2.656
3.874
3.418
3.406
2.2
2.754
2.005
2.48
3.272
3.82
1.87
1.522
2.835
1.952
3.339
2.872
3.674
1.753
1.945
1.76
3.953
3.851
3.403
1.908
3.53
3.576
1.94
3.092
1.943
3.953
3.379
2.902
2.177
1.649
3.459
2.171
3.226
2.577
2.788
3.4
3.048
2.645
2.07
2.298
2.732
2.389
2.87
2.045
3.69
2.116
3.903
3.165
3.263
1.51
2.855
3.898
2.074
3.542
2.37
3.577
1.925
1.745
1.962
2.047
2.105
3.773
3.301
1.966
2.204
3.346
2.302
3.085
3.811
3.919
2.321
2.885
1.894
3.874
2.553
1.975
2.869
3.217
2.964
2.357
2.336
2.129
3.315
3.127
1.512
2.728
2.186
3.974
3.389
1.817
3.272
2.683
3.446
3.285
3.601
3.927
2.197
2.377
2.772
2.893
3.593
3.062
3.071
3.011
2.898
3.559
2.167
2.476
2.848
2.122
3.754
3.307
1.795
2.593
1.6
2.079
3.254
1.863
2.493
2.445
1.534
2.182
2.854
1.625
3.063
1.903
2.598
3.161
2.838
1.649
3.147
2.726
2.431
2.606
3.434
2.24
2.802
2.185
3.524
3.412
2.807
3.85
2.797
3.782
2.93
1.662
3.588
1.746
1.758
2.547
2.808
3.423
2.151
3.147
3.257
3.007
2.946
1.596
2.52
3.683
3.137
1.51
2.109
2.835
3.586
2.594
3.68
3.755
3.721
3.876
2.63
1.862
2.458
1.803
2.646
3.053
2.123
3.519
2.007
2.24
1.919
3.278
3.321
3.626
2.86
3.405
2.886
3.058
1.837
1.576
2.491
3.144
3.779
3.651
3.036
3.1
1.826
1.639
2.248
2.546
3.448
2.651
1.538
3.02
3.871
1.83
2.773
2.848
1.502
1.903
3.745
1.993
3.674
2.904
2.166
3.646
3.444
3.335
3.322
2.489
3.454
3.657
3.752
3.285
3.548
2.502
3.69
2.438
2.177
3.233
3.005
3.54
1.908
2.074
1.535
3.01
2.926
2.285
2.169
2.952
2.691
3.227
3.454
2.039
2.978
3.502
3.833
1.643
3.167
3.896
3.083
2.73
2.473
3.963
3.211
2.736
2.909
2.207
2.805
1.811
2.405
2.956
3.46
2.973
3.392
3.448
2.707
1.713
2.814
1.974
2.372
2.836
3.046
2.08
3.201
3.081
3.721
1.698
2.384
3.034
1.842
2.496
3.481
2.33
3.847
1.652
2.297
3.593
2.569
1.713
3.378
1.94
3.625
1.674
2.885
2.052
2.068
2.264
2.391
3.859
2.779
1.771
3.109
2.834
2.66
2.892
1.681
2.277
1.574
2.145
1.78
1.891
2.152
2.221
2.127
2.662
3.194
3.695
3.667
2.792
1.774
3.518
2.672
3.443
2.778
3.899
2.693
2.094
3.767
3.177
1.692
2.874
3.363
3.177
1.756
2.5
2.978
3.119
3.222
2.988
2.891
2.668
3.81
3.297
3.882
2.755
1.846
3.322
3.573
2.674
1.721
3.29
1.515
2.079
2.266
2.937
1.887
1.594
1.678
3.282
2.296
1.745
2.346
3.431
3.412
1.823
3.147
2.324
2.56
2.422
2.04
3.945
3.976
3.372
1.886
1.508
3.855
3.453
2.364
3.323
2.591
1.673
3.936
2.185
1.965
1.691
3.401
3.744
1.885
2.425
3.618
2.714
2.361
1.886
2.313
3.347
2.196
2.938
3.425
1.503
3.514
3.797
2.579
3.678
1.956
2.639
2.398
2.437
1.537
3.42
3.356
2.313
3.575
2.067
3.224
2.305
1.741
3.443
3.628
1.715
3.586
2.95
3.738
3.235
2.274
2.502
1.669
1.848
1.887
1.995
2.025
3.302
2.847
3.375
2.019
1.993
3.632
3.025
2.934
2.68
2.553
2.675
1.972
3.853
3.577
2.362
3.656
2.102
2.58
2.833
1.882
2.61
3.564
2.929
1.709
3.275
2.734
3.882
3.05
2.4
2.505
3.411
3.171
2.025
1.798
3.853
1.778
2.817
2.077
3.282
2.716
2.022
3.32
3.341
1.591
1.963
3.346
2.484
1.505
1.888
2.845
2.543
1.766
3.754
3.484
2.029
2.148
3.314
3.276
1.547
2.54
1.977
Error de lectura!!!
2.183
2.251
2.723
2.638
2.773
2.635
2.812
1.951
3.901
2.67
1.856
3.632
2.746
3.933
2.005
3.281
3.062
3.489
1.838
1.578
2.429
3.389
3.124
1.579
2.257
3.979
2.298
1.634
2.805
3.334
1.55
2.627
3.686
3.048
2.098
2.385
3.881
2.821
2.569
3.805
1.591
3.013
1.807
3.924
2.584
3.093
1.617
2.234
2.868
2.962
2.837
2.479
2.758
2.039
2.014
2.037
3.926
2.379
1.943
2.955
3.278
2.719
2.45
2.601
2.683
3.276
2.154
2.467
2.552
1.665
3.701
3.083
2.385
2.015
1.766
3.715
3.964
2.892
3.064
1.913
3.88
2.789
2.852
2.479
3.892
2.087
1.928
2.124
3.85
3.461
2.649
3.25
2.581
3.499
2.652
2.018
2.435
3.133
2.193
3.867
2.99
3.661
2.397
1.922
2.922
1.757
3.51
2.396
3.573
3.521
2.482
2.23
2.963
2.487
3.705
2.538
2.272
2.485
2.073
2.762
2.475
1.568
2.843
3.342
2.584
2.857
3.668
1.72
1.721
3.392
2.82
3.892
2.202
1.756
1.975
2.621
3.939
1.921
2.045
1.988
3.499
3.915
3.199
2.781
2.222
2.922
1.797
1.86
1.657
3.461
3.765
3.577
2.297
3.879
2.698
3.974
2.93
1.612
2.121
1.73
3.921
3.701
2.231
2.466
2.378
2.838
2.753
3.034
2.482
1.864
3.33
3.618
2.405
2.351
3.516
3.052
2.196
1.655
2.929
3.16
3.462
3.781
1.503
2.301
2.876
3.198
3.067
2.963
1.859
3.109
3.209
1.958
2.082
2.769
2.842
2.11
2.912
1.727
2.274
2.529
3.583
3.75
2.282
2.126
2.138
1.596
2.829
3.352
3.032
1.903
3.336
3.933
2.874
3.116
2.721
3.741
2.317
1.729
3.221
3.326
3.253
2.312
1.532
3.901
2.148
1.64
2.568
2.707
3.493
1.964
2.734
1.652
2.891
1.867
3.172
1.514
2.391
2.943
3.026
3.768
2.895
3.766
3.816
1.528
1.99
1.619
2.713
2.426
3.857
3.61
2.328
1.859
1.516
3.391
1.771
3.807
2.0
3.502
3.136
2.63
3.913
3.983
2.269
3.434
3.846
1.566
3.726
1.863
3.882
3.437
3.002
2.983
2.989
2.192
2.101
3.085
3.653
3.985
2.862
3.389
3.409
3.356
2.598
2.784
1.532
2.191
2.24
1.949
1.818
3.465
1.9
2.076
2.151
3.354
3.13
3.795
3.352
1.96
3.266
2.491
1.632
3.069
2.734
3.772
2.946
2.791
3.564
3.606
2.976
1.986
2.107
3.414
1.838
1.869
1.596
2.773
1.598
3.847
2.71
2.127
3.181
3.764
2.215
3.778
3.39
2.972
3.14
3.143
1.61
2.952
1.791
3.252
2.244
2.616
3.61
1.901
2.441
3.0
2.25
3.736
2.222
3.766
2.715
3.051
2.696
1.675
1.594
2.279
2.688
1.592
1.873
2.576
2.968
3.568
2.7
2.027
3.092
1.914
2.843
2.063
1.964
1.965
2.178
2.385
3.137
3.388
2.666
3.413
2.895
3.796
1.896
2.462
3.392
1.673
3.839
3.951
2.988
3.368
2.894
3.33
2.788
2.273
3.374
3.594
1.663
2.185
3.916
3.022
2.498
3.127
3.926
3.038
2.221
3.689
2.167
3.672
3.23
2.92
2.072
3.375
3.922
2.073
2.098
3.156
1.882
2.301
3.785
3.459
3.296
1.789
3.687
1.764
2.624
2.812
3.294
2.221
3.934
1.744
2.971
2.441
3.201
2.628
2.556
2.866
1.748
3.077
2.86
1.56
3.023
2.658
3.686
3.465
1.82
2.603
2.557
2.883
2.637
2.065
1.664
3.298
3.983
3.261
2.793
2.481
2.687
3.152
2.391
3.103
1.516
3.438
1.828
2.415
2.719
3.491
2.462
3.343
2.248
1.95
2.77
2.317
3.567
1.852
2.258
3.373
1.533
3.609
2.335
2.628
3.84
1.942
2.856
3.623
3.234
3.861
1.953
2.977
2.392
1.552
3.617
2.265
2.301
1.678
3.291
3.784
2.92
3.418
2.76
3.496
3.914
2.578
2.715
3.735
1.795
3.736
3.833
1.886
2.05
1.897
2.359
1.62
3.957
2.092
3.344
3.785
1.941
3.196
2.585
3.156
2.095
2.829
2.65
1.908
3.258
1.81
2.323
1.932
2.426
3.051
3.327
1.974
1.702
2.55
1.594
3.75
3.905
3.787
1.797
2.049
2.517
1.748
2.892
3.301
3.122
2.996
1.769
2.45
3.288
3.776
1.661
1.627
3.677
1.534
2.708
3.087
2.506
2.191
3.24
3.674
2.173
1.697
2.745
3.754
3.116
2.099
3.906
3.003
3.519
3.583
2.59
2.839
3.41
3.579
3.551
1.71
3.95
1.734
1.5
3.637
3.822
2.18
2.087
2.619
3.292
1.709
2.727
2.278
3.112
1.912
2.51
3.538
1.983
1.772
3.008
2.01
2.95
1.955
2.406
3.059
2.897
1.862
3.569
1.724
2.549
2.533
1.578
1.56
2.479
3.465
3.739
2.53
2.206
3.382
2.458
3.925
1.607
2.841
3.345
3.893
2.548
2.957
3.563
2.403
1.88
3.599
3.909
3.84
2.155
3.005
2.911
1.512
3.601
2.165
2.788
2.804
1.508
3.476
3.978
1.631
2.616
1.502
2.933
2.099
2.658
3.643
1.55
2.816
2.656
2.991
3.375
2.38
3.995
2.187
2.112
3.628
1.636
1.605
3.186
1.957
1.672
2.511
1.616
3.292
3.721
2.316
2.181
2.439
3.497
3.533
2.801
2.817
3.4
3.367
2.868
2.735
2.635
2.54
2.007
1.576
3.476
3.624
1.717
1.7
1.736
3.847
3.138
3.946
3.999
3.262
3.052
3.371
3.883
2.347
2.138
2.045
3.388
3.015
2.037
3.87
3.506
1.964
2.984
3.04
3.313
1.817
3.752
3.48
2.746
1.984
3.213
3.375
3.616
2.011
2.109
1.939
1.674
2.214
3.479
2.178
2.951
2.007
3.803
3.732
3.547
1.51
3.494
1.677
2.067
2.901
1.775
3.806
1.819
2.508
1.747
3.5
1.51
2.095
10.469
3.901
2.394
1.562
3.816
2.892
3.996
3.022
2.55
3.936
3.594
2.856
2.791
2.148
2.278
2.876
2.258
3.205
1.934
2.875
3.419
2.066
2.28
3.93
3.425
1.965
3.173
3.604
1.98
1.967
3.403
2.719
3.088
3.133
1.624
1.635
2.29
2.241
3.521
1.66
1.656
3.102
2.623
2.148
3.203
2.806
2.668
1.816
3.332
1.888
3.498
2.954
2.741
2.749
3.283
1.613
3.052
2.921
3.743
1.76
1.539
1.689
3.018
1.86
3.392
2.554
2.807
3.38
3.799
2.472
2.268
2.652
3.254
3.451
1.501
1.558
3.326
2.535
3.47
2.138
3.578
2.711
3.362
3.331
1.574
3.617
3.558
3.916
3.86
2.879
3.003
3.393
2.226
2.102
1.965
2.787
3.17
2.551
3.786
1.765
2.706
3.249
1.955
3.883
3.721
2.423
3.346
3.278
2.109
3.044
3.311
2.999
2.872
3.185
3.044
2.966
2.402
2.677
3.252
1.716
3.913
1.856
2.765
1.909
3.997
2.627
3.822
2.996
3.865
2.085
2.305
3.62
2.921
2.588
2.245
3.928
3.493
2.826
2.427
3.776
2.886
3.387
3.485
3.718
2.495
3.946
1.972
3.659
1.846
2.426
3.311
2.517
3.971
3.703
2.077
1.92
3.961
2.972
2.86
2.271
2.093
3.68
3.228
1.803
3.279
2.24
2.445
2.473
1.869
2.783
1.601
3.447
2.777
2.962
1.957
1.937
1.866
3.689
3.181
3.884
3.491
2.409
3.055
2.498
2.166
2.169
3.342
3.314
3.422
3.93
3.927
1.675
3.449
3.933
1.673
2.878
2.162
2.561
3.677
1.831
3.724
3.477
3.688
2.287
2.009
2.722
2.032
2.418
2.241
3.071
3.582
3.356
3.363
2.858
3.666
2.803
2.986
2.374
3.126
3.006
3.365
3.789
3.041
1.891
3.59
2.261
2.482
2.775
2.944
3.751
1.836
3.067
2.294
1.547
3.397
3.977
2.57
1.745
3.062
2.146
2.714
1.723
2.029
2.904
1.606
2.986
2.431
2.18
1.519
3.423
2.719
1.927
2.53
3.783
3.834
2.549
3.14
3.872
2.882
3.52
1.576
1.807
3.697
3.156
3.627
2.223
3.062
2.175
3.896
3.373
1.848
2.382
2.624
3.81
3.384
3.504
3.247
3.057
3.599
3.842
1.954
2.385
2.625
2.831
2.355
3.497
3.103
1.607
1.59
2.64
1.809
2.344
2.762
2.646
2.746
2.365
2.367
3.122
2.805
2.878
2.635
2.499
2.821
1.888
2.306
3.825
3.746
2.701
2.16
1.964
1.942
1.972
1.622
2.269
3.035
2.105
1.747
3.844
1.964
2.061
3.223
3.818
2.517
2.742
3.589
3.455
3.126
2.796
3.426
2.382
3.628
2.547
2.59
1.516
1.597
3.855
2.447
2.142
1.91
1.685
3.73
2.84
1.838
3.47
1.61
2.754
3.341
3.092
2.599
2.722
3.813
3.611
3.624
1.501
3.855
2.108
3.079
3.939
3.057
2.215
2.171
3.773
2.794
3.374
2.364
1.904
3.983
2.973
2.008
2.013
3.882
3.463
3.515
1.621
3.912
2.327
3.666
2.864
3.203
2.786
2.898
3.967
2.071
3.718
2.399
2.754
1.749
2.274
3.7
2.051
2.765
3.653
2.237
1.771
2.007
3.972
3.149
3.607
2.319
2.923
3.956
3.219
3.843
3.642
1.818
3.283
1.904
1.709
2.383
2.902
3.595
3.292
2.582
2.818
2.692
1.914
2.024
1.863
2.25
2.186
2.191
3.064
3.267
2.411
2.43
1.936
3.933
1.554
2.584
3.398
3.658
2.327
2.778
2.405
2.226
3.888
1.881
1.875
2.061
3.99
1.929
2.174
3.497
3.603
2.834
2.634
2.279
3.692
3.86
3.136
1.643
2.003
2.809
3.317
1.573
3.404
2.605
2.731
2.361
2.203
3.186
3.822
1.916
3.406
3.715
2.721
1.815
3.921
2.043
1.708
3.623
2.798
3.329
2.685
2.721
2.72
2.889
2.73
2.849
2.815
1.846
3.412
1.549
2.585
1.59
1.731
3.895
1.561
2.044
3.403
3.091
2.561
3.602
3.715
3.671
3.639
3.806
3.211
2.419
3.928
3.739
2.05
2.182
3.557
2.753
1.919
3.998
3.388
2.595
1.765
3.021
3.572
2.05
3.761
3.041
2.572
2.259
1.774
3.523
3.149
1.951
2.843
2.465
3.757
3.684
3.286
3.734
3.901
1.521
2.559
2.874
3.961
3.35
2.825
1.593
3.449
3.672
3.443
2.681
1.608
2.695
3.172
2.075
1.529
2.588
2.059
3.43
1.952
3.163
2.377
1.92
1.774
2.949
3.882
2.593
1.946
1.969
2.506
3.198
2.778
1.57
3.486
1.912
3.853
2.462
1.793
1.993
3.038
2.515
3.47
3.74
1.616
2.077
3.211
2.402
1.863
3.311
2.99
2.01
2.251
1.983
2.691
2.56
2.375
1.566
1.521
3.053
3.789
3.201
2.83
2.87
3.855
2.389
2.263
2.997
1.581
1.786
2.397
2.735
2.986
3.963
3.622
2.489
2.411
2.373
2.6
1.762
3.696
3.277
1.5
2.346
3.23
2.921
3.335
3.026
3.934
2.333
2.862
3.032
2.62
1.877
1.601
3.426
2.847
3.007
3.801
3.421
1.783
3.506
2.014
3.96
2.014
3.261
3.495
2.337
2.421
3.04
1.987
2.84
2.418
2.52
3.126
2.909
2.943
3.905
1.691
3.664
2.306
3.63
3.232
2.289
2.716
2.787
2.523
1.842
2.489
2.682
1.645
3.008
3.77
3.06
3.748
2.438
1.946
3.632
2.82
3.278
2.186
1.7
3.208
3.432
2.226
1.85
2.375
3.321
1.94
3.274
2.249
2.804
2.426
2.055
1.647
3.788
3.931
3.692
2.802
2.921
2.878
1.689
2.2
2.016
2.671
3.109
2.987
3.34
2.067
2.353
2.942
3.67
2.152
3.871
3.922
3.498
1.813
1.721
1.615
2.452
1.782
1.826
3.361
3.652
1.634
2.435
2.926
1.571
2.475
1.802
2.087
3.175
1.816
1.62
1.636
2.455
3.605
1.631
2.854
3.869
1.931
1.976
3.169
3.738
1.928
2.941
2.806
1.659
3.002
2.538
2.858
2.846
3.635
2.793
3.956
2.623
2.301
2.828
2.16
2.659
3.322
3.176
2.433
1.519
3.805
2.829
3.643
2.063
3.166
2.121
1.528
2.541
3.873
2.692
2.508
2.72
3.958
3.917
2.126
2.532
3.281
2.081
3.922
1.501
1.95
1.788
2.027
2.45
2.111
3.287
2.639
3.48
2.65
1.546
3.085
3.114
1.856
1.851
2.491
2.292
2.469
2.508
2.114
1.604
1.516
2.496
1.672
2.095
3.888
2.472
2.747
2.814
3.021
1.98
1.593
3.703
2.248
2.207
1.963
3.937
1.961
3.866
2.742
2.429
3.263
3.216
3.879
3.207
1.67
2.866
2.705
3.528
3.749
3.709
2.37
2.82
2.155
2.937
2.06
3.827
3.402
3.877
2.169
2.675
2.607
2.698
2.476
3.306
3.824
1.567
1.554
3.599
2.108
2.604
2.534
2.478
2.332
3.072
1.547
2.674
1.836
3.53
1.672
3.025
2.436
1.747
3.348
2.771
2.567
2.888
2.449
3.049
2.778
1.857
2.488
2.414
3.028
2.113
1.519
3.656
3.116
3.866
2.38
2.932
3.898
2.706
3.416
2.816
2.939
3.594
3.312
1.866
3.43
3.347
3.459
2.116
2.216
3.119
2.521
3.462
2.667
2.323
1.843
3.153
3.059
1.508
2.522
3.752
1.788
3.096
3.247
1.742
3.089
2.719
2.394
2.018
3.257
2.834
3.406
2.192
1.567
3.711
1.97
1.7
3.869
1.695
3.037
1.967
3.45
2.099
1.874
1.822
2.986
2.995
2.304
1.754
3.288
2.136
3.645
2.42
2.841
2.347
3.962
3.533
3.306
3.132
3.623
3.908
3.806
2.886
1.831
2.994
3.412
3.98
3.933
2.046
3.58
3.678
2.69
2.266
2.165
2.07
3.557
3.801
2.566
3.107
3.009
2.58
2.9
3.254
2.634
3.828
2.905
3.176
3.415
3.167
2.107
2.475
2.24
1.556
3.426
3.261
2.082
2.016
3.081
2.709
2.579
3.095
2.0
2.54
3.613
3.405
2.041
1.507
3.676
1.998
3.761
2.193
3.041
2.59
3.686
2.586
3.415
3.764
2.886
3.786
3.961
3.519
3.385
2.26
2.114
3.664
1.986
1.637
3.847
2.856
2.03
2.324
2.442
3.829
3.002
1.829
3.336
3.091
3.132
1.892
2.293
2.428
2.677
1.953
2.948
3.804
3.295
3.725
3.968
3.409
3.538
1.731
3.928
2.495
3.72
2.578
2.876
3.322
3.75
3.427
1.582
3.615
3.987
2.922
1.869
1.947
2.568
2.301
3.765
1.618
2.229
3.615
3.477
1.847
2.779
3.737
3.195
3.358
3.269
2.638
3.052
2.33
1.818
2.247
1.966
3.238
2.941
2.681
1.621
3.817
3.538
1.913
1.515
3.529
3.839
2.314
2.993
3.68
2.453
3.175
3.204
2.316
2.601
3.18
2.204
3.705
2.822
3.381
3.987
1.93
1.815
2.09
3.889
1.777
3.589
2.358
3.245
2.992
2.124
3.912
3.33
2.96
3.626
1.95
2.348
3.359
1.611
3.839
2.599
2.783
2.21
1.535
2.878
2.416
2.947
2.968
2.944
3.09
3.342
2.705
2.174
2.723
1.661
1.986
2.007
2.481
1.917
2.714
3.535
3.514
3.491
1.688
2.617
3.056
1.737
3.859
1.87
2.096
3.756
3.69
1.921
2.424
3.755
2.101
2.023
3.564
1.662
2.424
2.178
3.275
3.683
2.828
2.779
2.27
3.922
1.805
3.309
2.85
2.566
2.873
3.439
1.799
3.141
1.948
3.218
3.393
2.907
3.829
2.358
2.57
1.778
2.716
2.818
2.237
1.999
2.53
3.486
3.711
2.687
2.059
3.17
3.446
1.964
3.784
2.818
1.62
3.762
2.176
3.699
2.296
1.836
1.718
3.374
3.974
1.923
1.78
3.247
1.505
3.855
2.215
3.432
3.925
2.424
3.87
3.761
2.834
2.412
3.638
3.553
3.749
3.459
2.289
1.791
2.657
1.506
1.65
3.641
2.159
2.546
1.608
1.816
3.637
3.515
3.88
3.943
2.77
2.736
1.65
1.779
3.224
3.714
2.667
2.209
2.586
1.579
3.278
1.766
2.663
3.74
2.275
2.595
3.015
1.752
2.042
1.918
2.146
2.743
2.094
1.576
2.994
2.944
3.772
2.284
1.685
3.785
2.819
1.883
1.714
3.397
3.17
2.406
3.598
3.384
2.77
3.69
3.967
1.581
2.275
3.52
3.454
1.592
1.683
2.161
2.868
2.282
3.894
3.149
3.318
2.468
3.98
2.925
2.383
2.772
2.8
3.403
2.136
2.134
3.629
2.185
3.705
3.453
3.572
2.35
1.768
2.353
2.235
3.315
2.364
2.112
2.109
3.792
2.327
2.594
2.948
1.945
2.679
3.974
3.783
2.179
3.765
2.401
1.574
2.225
1.916
3.242
2.426
1.816
3.459
2.253
3.063
3.0
2.278
3.495
2.111
2.245
2.743
2.046
3.538
2.423
2.299
3.071
3.397
3.462
2.349
2.268
2.641
3.899
2.778
3.006
2.169
3.312
2.252
3.299
3.034
2.318
2.457
3.235
1.762
1.624
2.313
2.744
2.016
2.231
2.241
2.982
3.558
1.564
1.797
1.753
3.27
2.26
2.627
3.062
3.336
2.477
2.256
3.59
3.475
3.38
3.912
2.114
3.285
3.469
2.635
2.087
1.581
1.568
1.653
1.885
3.744
1.657
2.815
2.559
2.095
2.186
3.557
3.404
3.241
3.407
2.284
2.969
1.597
2.708
3.89
3.715
3.413
2.395
1.673
3.205
3.732
1.93
3.753
2.425
3.612
2.668
2.795
1.756
2.077
2.119
3.79
3.603
2.445
3.363
2.422
2.834
2.443
3.828
1.885
3.927
3.799
2.579
3.721
1.812
2.041
3.689
2.898
2.099
3.101
3.197
3.271
1.534
1.947
2.581
3.162
1.651
1.693
3.93
3.814
2.332
2.189
2.904
1.662
3.868
2.323
1.877
2.119
1.86
3.613
2.246
1.717
1.712
2.243
3.523
1.984
2.395
2.157
1.55
2.592
2.757
3.561
1.647
2.529
2.715
1.813
2.185
3.221
3.085
2.649
1.72
2.426
2.066
2.846
3.195
3.333
3.686
3.19
3.41
2.304
3.516
1.508
3.562
2.918
2.318
3.638
2.642
1.869
2.158
1.549
2.475
2.487
3.462
3.236
3.09
2.371
3.792
1.836
1.634
3.982
3.469
2.584
2.66
2.077
2.739
2.794
2.264
1.967
2.449
1.938
2.821
1.874
2.219
2.927
1.541
3.612
1.823
3.26
1.518
2.904
1.928
3.395
2.361
1.762
3.174
2.27
3.803
2.176
3.616
2.667
3.66
3.665
2.246
3.087
2.177
3.043
3.748
3.972
3.579
3.114
1.511
3.349
1.511
2.08
2.228
3.487
2.267
1.633
3.143
3.586
3.697
3.404
2.398
3.153
1.977
2.645
3.18
1.866
3.519
2.987
3.76
1.826
2.521
2.902
3.392
3.965
1.816
1.765
1.901
3.156
3.059
2.294
1.843
3.351
2.152
2.353
3.938
1.628
1.713
2.754
3.089
2.167
2.062
2.707
2.806
2.138
2.81
1.508
2.534
1.919
2.924
3.22
2.253
1.915
2.387
3.368
1.859
3.584
3.738
3.569
3.201
1.55
1.956
2.452
2.667
3.566
1.777
3.641
1.576
1.81
3.49
1.68
2.415
2.203
2.658
3.209
1.625
2.593
2.102
2.554
2.627
3.952
3.107
2.889
2.741
3.638
1.744
2.721
2.48
1.843
2.266
3.963
2.356
2.634
2.258
3.898
1.793
2.682
1.769
3.001
1.52
1.763
2.193
1.997
3.148
3.896
1.872
1.83
1.633
1.816
2.147
2.537
1.877
1.878
3.818
2.003
3.626
2.292
2.219
2.334
3.539
0.573
2.147
3.286
1.815
2.485
2.632
2.618
3.502
3.681
3.226
3.424
3.805
2.231
3.206
3.859
2.657
1.94
1.701
2.272
3.518
1.863
2.526
2.3
3.892
2.689
2.54
2.502
2.604
3.055
2.595
2.533
3.631
2.336
2.846
1.661
2.91
2.309
1.815
3.05
3.53
2.211
3.701
2.384
2.781
2.342
1.879
1.819
2.563
3.671
2.157
3.265
3.912
3.055
3.045
2.589
2.655
3.348
3.034
2.327
1.582
3.595
1.667
3.089
3.661
3.047
1.686
3.822
1.868
1.701
2.916
2.601
2.274
3.347
2.904
3.617
3.999
3.94
3.027
3.409
2.633
3.31
2.719
3.356
2.188
3.028
3.766
3.158
1.695
2.176
3.442
1.816
3.842
1.5
2.869
2.737
3.062
2.591
3.421
2.741
2.486
3.796
3.945
1.768
3.36
1.798
2.266
2.486
1.737
2.696
2.547
2.173
2.374
1.988
3.686
1.826
3.134
2.877
2.69
1.867
2.273
2.098
2.132
2.311
1.753
2.257
1.761
1.73
2.453
3.869
3.099
2.842
3.777
1.611
3.299
1.859
3.105
2.254
3.727
3.185
2.884
3.0
1.827
3.324
2.159
1.987
2.527
3.177
3.994
3.567
2.397
2.09
3.971
3.194
2.584
2.314
2.831
3.622
3.927
3.657
3.51
1.562
1.834
2.875
3.913
3.731
2.347
1.981
2.985
1.87
1.664
2.098
2.96
2.036
1.634
3.83
2.29
3.258
2.702
2.049
1.699
2.325
1.728
2.867
1.529
1.817
2.152
1.73
2.457
1.609
3.845
1.96
3.931
3.945
3.44
2.353
3.624
3.464
2.343
2.379
2.293
2.522
2.963
3.079
3.232
3.404
2.326
2.286
1.909
2.242
1.769
2.963
2.396
3.644
1.821
1.676
2.705
2.754
2.78
2.957
2.615
3.311
2.504
2.609
2.14
1.765
2.651
2.677
1.874
3.747
1.702
1.73
2.955
1.694
3.25
3.648
3.813
3.053
2.289
2.193
2.268
3.837
3.269
2.59
3.847
2.434
3.885
1.623
1.952
3.607
2.837
3.65
1.693
2.521
3.762
2.004
2.259
2.888
3.524
3.168
3.627
3.04
3.175
1.754
3.629
2.155
3.872
2.992
3.53
3.406
3.261
1.922
3.067
1.853
2.425
1.51
2.377
1.765
2.795
1.696
2.736
2.778
3.454
3.625
3.834
2.601
2.974
2.147
3.333
3.136
2.807
3.87
2.445
3.364
3.092
2.228
3.482
2.285
2.389
3.13
3.979
3.047
1.755
1.556
2.645
1.828
3.127
3.26
2.62
3.108
3.955
2.446
3.976
2.747
3.362
3.498
2.161
1.506
3.216
2.101
1.542
2.533
3.851
3.182
2.396
3.046
3.134
2.987
1.589
2.303
2.233
3.421
3.009
1.584
2.614
2.012
3.79
1.784
3.575
3.274
3.716
1.579
3.618
3.639
2.629
2.67
2.894
3.751
1.906
3.617
2.278
1.984
2.627
2.13
3.333
3.49
3.581
3.452
2.235
1.682
2.181
2.683
2.462
2.168
3.702
2.15
2.913
1.544
1.819
3.746
2.66
2.754
3.267
1.554
2.485
2.397
3.757
3.037
1.634
2.014
2.399
2.43
2.203
2.225
3.858
3.545
1.904
2.152
2.578
3.718
1.534
2.413
3.546
1.922
3.66
2.917
3.509
1.573
1.574
2.951
2.85
2.589
2.547
1.685
2.309
2.576
2.599
2.385
2.128
2.592
3.392
2.027
3.367
2.432
2.256
3.166
2.372
2.819
3.374
2.907
3.737
1.797
1.592
3.63
1.935
2.911
2.902
2.239
2.088
3.4
2.132
2.474
3.114
3.265
1.723
2.006
1.953
2.807
3.875
2.006
1.57
3.613
3.625
3.322
3.265
3.094
3.193
2.202
2.445
1.599
2.718
1.62
3.966
3.977
2.742
1.765
3.249
3.053
1.674
1.999
3.308
3.086
2.968
1.641
2.041
1.907
2.697
2.838
1.511
3.397
3.202
1.98
2.162
2.132
2.565
2.351
2.929
3.717
3.531
1.913
3.423
3.529
3.546
3.071
2.735
2.922
3.199
1.948
2.629
3.492
2.603
2.041
2.089
3.384
1.546
2.313
1.745
2.05
2.023
2.812
2.829
3.619
3.741
3.35
1.513
1.994
1.64
1.506
3.561
2.905
3.426
1.699
3.5
2.088
3.615
3.727
3.921
3.738
3.458
3.156
1.656
2.267
2.593
3.878
1.914
2.187
1.804
3.098
1.582
1.72
1.844
3.452
2.333
3.577
1.845
3.159
2.154
2.121
3.019
1.873
1.511
2.36
2.2
1.876
3.854
2.085
3.565
2.7
1.785
1.694
2.861
2.76
3.021
2.874
1.996
2.269
2.783
2.418
1.513
3.052
2.731
1.861
2.837
3.468
3.201
3.376
1.744
1.813
Error de lectura!!!
2.283
3.476
3.792
1.615
2.19
3.012
3.182
3.788
2.265
2.656
1.903
2.09
3.845
3.217
1.605
2.341
2.566
1.728
3.65
3.12
3.04
2.819
2.39
3.99
1.88
3.0
1.9
3.315
2.767
2.709
1.516
3.096
3.776
3.321
2.955
2.892
1.806
1.792
1.684
3.79
3.786
2.678
2.944
3.71
3.882
2.773
2.747
2.468
3.817
2.299
1.991
2.607
2.804
3.24
1.97
2.298
2.507
1.822
3.557
3.425
3.711
2.161
3.63
2.796
3.607
2.448
2.984
3.547
2.161
3.579
2.714
2.448
2.666
2.071
1.698
1.857
3.639
3.623
2.899
3.767
2.695
2.524
2.969
3.501
1.597
2.709
3.987
2.394
3.79
2.681
1.542
2.547
1.758
2.507
2.065
3.246
3.581
1.643
1.576
2.147
2.747
3.51
3.688
1.614
3.67
2.982
2.007
3.375
2.373
3.224
3.404
1.531
1.851
1.596
2.315
2.979
2.534
3.067
1.651
2.016
2.245
1.93
3.623
3.712
1.905
1.521
2.942
3.114
3.1
2.02
3.631
1.897
3.373
3.226
2.474
2.283
3.573
3.972
2.473
2.383
2.667
3.29
2.003
2.592
1.786
1.783
1.814
2.211
1.928
1.842
2.004
3.718
2.536
1.642
3.752
1.732
2.545
3.327
3.605
1.915
3.422
3.866
3.056
1.974
1.787
3.038
3.066
2.263
3.848
3.092
3.76
2.089
3.257
3.448
3.385
3.351
3.715
3.599
3.129
1.691
3.509
2.346
3.731
2.769
3.355
2.922
2.883
2.941
1.678
1.562
3.601
3.641
3.697
1.623
2.91
1.76
3.703
3.012
2.73
3.811
1.981
3.668
2.181
3.949
1.858
3.444
3.684
3.096
2.484
3.81
3.236
2.753
2.361
1.575
1.929
2.377
3.77
3.564
3.952
3.625
2.863
1.592
3.643
3.497
1.607
3.14
3.048
2.868
2.054
2.649
2.06
1.639
2.924
1.746
2.931
3.584
2.978
1.695
3.74
2.365
2.487
3.016
3.209
2.329
2.166
3.015
3.336
3.023
1.952
3.132
3.753
2.667
2.126
2.652
3.439
3.541
3.116
1.935
2.416
1.671
1.808
3.288
2.026
1.574
3.223
3.873
2.937
2.023
2.673
2.657
2.062
3.446
2.971
2.568
3.765
1.604
2.459
3.716
2.693
3.725
2.877
2.681
3.267
3.162
2.92
3.132
3.293
3.897
2.052
3.579
2.344
1.616
3.278
3.221
3.839
2.507
2.2
3.328
3.701
1.694
3.131
3.659
3.35
2.318
2.04
2.467
1.777
3.432
2.596
3.076
1.735
2.318
1.899
3.335
3.413
3.613
3.264
3.616
2.539
3.853
2.68
3.435
3.677
2.673
3.72
3.299
2.61
3.594
2.753
2.27
2.048
2.681
3.407
2.436
2.117
2.146
3.914
3.907
2.733
2.875
2.213
3.315
2.047
1.818
2.858
2.367
2.412
3.78
1.544
2.983
1.526
3.379
2.825
2.268
3.021
2.212
2.015
1.672
2.497
2.383
1.669
2.534
3.148
1.729
3.718
1.883
2.273
2.143
2.504
2.84
2.685
3.037
2.472
3.387
3.076
2.568
2.208
2.661
3.698
3.183
3.769
3.773
2.287
2.7
3.926
3.781
1.857
2.048
2.702
2.204
1.691
3.052
3.264
3.812
2.134
1.918
3.126
3.778
3.986
3.894
1.816
2.829
3.323
3.117
2.356
1.733
2.57
3.569
2.841
3.948
3.057
2.719
2.435
2.324
1.658
1.573
1.887
3.133
3.317
2.973
2.784
1.528
2.793
2.68
2.214
2.908
2.198
3.307
3.142
2.713
1.641
2.024
2.231
3.836
1.687
3.442
2.191
3.483
1.816
2.651
1.631
3.442
3.621
2.506
3.328
2.63
3.773
3.668
1.63
2.196
3.896
2.876
2.825
2.895
3.449
2.326
1.875
2.889
1.518
2.056
1.749
2.684
2.307
1.716
2.508
3.849
3.807
2.091
1.615
3.679
1.75
2.562
2.398
2.585
3.499
2.636
3.821
3.335
3.524
3.044
2.241
2.572
3.678
1.527
1.863
3.909
1.583
1.688
2.652
3.358
3.35
2.113
3.845
3.56
1.895
2.43
1.637
3.505
3.825
3.131
3.682
2.325
3.928
2.968
2.491
3.684
3.206
1.856
1.891
2.538
1.602
1.984
3.957
1.988
1.515
3.704
3.248
2.947
2.981
2.855
1.812
1.745
3.833
3.95
1.718
1.98
2.41
3.647
3.363
1.997
1.646
1.838
2.908
1.591
1.957
2.888
1.871
3.438
2.704
3.429
3.417
2.204
2.168
2.999
2.57
2.606
1.999
2.817
2.393
1.811
3.56
2.269
3.525
3.975
2.389
2.752
3.284
2.935
3.8
2.124
1.738
3.249
2.01
2.247
1.608
2.255
1.763
2.633
3.382
2.578
1.638
2.866
1.713
2.378
3.048
2.141
2.203
2.386
3.689
2.591
3.135
3.989
3.408
2.952
3.415
1.784
2.327
3.011
2.368
2.277
2.844
3.575
