3.551
2.743
3.131
3.1
2.342
2.533
2.546
3.148
2.955
1.579
2.748
2.572
3.21
2.88
1.694
3.081
3.633
3.587
2.944
2.056
3.84
2.506
1.977
1.673
3.24
3.513
3.393
2.056
2.801
2.256
3.338
2.531
2.934
3.154
3.737
1.569
3.532
3.683
2.121
3.931
3.374
2.623
3.025
2.157
2.233
1.959
1.932
3.723
3.946
2.024
3.541
3.132
2.514
2.463
2.322
3.579
2.885
2.215
2.314
1.71
1.828
2.654
1.708
3.62
3.227
2.961
2.711
3.533
3.525
2.444
1.643
2.512
3.357
3.102
1.746
2.384
2.927
3.885
3.464
1.995
2.299
2.844
3.221
2.456
1.706
2.419
3.317
3.532
1.514
1.562
1.644
2.91
3.263
1.741
3.873
1.975
2.681
3.349
3.253
1.599
3.25
3.279
2.149
3.362
1.671
3.77
3.255
2.153
1.654
3.537
1.703
3.061
2.37
2.969
2.836
1.798
1.953
3.44
3.322
3.686
3.76
2.541
2.218
1.79
3.826
3.403
1.963
2.511
1.544
3.655
1.913
2.882
2.529
3.137
1.678
3.285
3.064
1.599
2.39
1.918
3.709
2.413
2.164
1.658
1.99
2.596
3.203
3.732
2.852
3.455
2.567
3.236
3.163
3.682
3.251
2.547
2.814
3.718
4.0
2.071
3.949
2.371
3.313
1.776
2.967
2.645
2.591
3.06
3.342
2.548
3.551
2.518
3.549
3.108
2.193
1.602
3.672
3.216
2.008
3.347
2.633
2.929
2.797
2.381
2.433
3.475
1.796
3.703
1.548
2.78
3.953
3.465
3.233
1.934
2.436
2.9
2.849
3.996
3.109
3.533
1.651
3.499
3.282
3.209
2.496
3.883
2.905
3.404
2.649
3.159
2.626
1.927
2.925
3.543
3.988
3.247
3.181
2.401
3.78
2.692
3.206
3.465
3.406
2.986
1.854
2.742
3.356
3.965
2.497
3.161
1.675
3.396
2.879
3.51
2.437
2.329
1.85
2.497
3.183
1.873
2.772
2.01
3.459
2.294
1.654
2.792
3.14
3.106
3.474
3.503
3.3
1.765
3.817
2.195
2.193
3.94
2.75
2.832
1.516
1.684
1.988
3.21
3.31
2.191
3.524
3.682
3.82
1.754
2.576
3.228
3.143
2.875
3.788
3.582
3.681
3.214
3.532
2.911
3.046
2.931
3.531
1.816
2.164
3.287
1.541
3.12
1.843
2.646
1.69
3.229
3.7
3.676
2.184
2.656
2.155
3.491
2.254
2.827
1.734
2.28
3.091
2.041
3.421
1.768
3.257
2.835
3.638
3.266
2.122
3.635
1.677
2.507
2.114
2.19
1.541
3.151
3.446
1.937
3.399
2.252
2.38
1.822
2.02
2.759
3.117
2.514
2.825
3.262
3.91
3.479
2.268
3.53
3.856
2.588
1.967
3.102
3.211
2.957
2.191
2.926
2.919
3.078
1.631
2.692
2.567
3.226
1.522
2.502
3.526
2.429
2.057
3.073
1.945
2.123
2.272
1.841
3.887
3.277
1.64
1.803
2.373
3.816
2.222
2.897
3.917
2.118
3.89
3.31
2.271
1.853
3.064
1.64
2.046
2.202
1.888
1.967
3.16
1.619
1.52
1.915
2.407
3.542
2.859
2.473
1.783
1.842
2.788
1.701
3.805
2.517
2.69
2.363
3.462
3.723
2.714
2.243
3.195
1.797
2.338
3.803
2.418
2.006
2.32
3.64
3.562
3.681
3.091
2.479
2.759
1.794
2.434
2.048
3.78
2.015
1.974
3.3
2.632
2.669
2.864
3.207
2.008
2.676
3.79
2.65
2.56
3.854
1.72
1.94
3.174
3.046
2.956
2.405
3.065
1.943
3.333
3.403
2.891
3.149
2.791
3.383
3.131
2.264
3.667
1.786
3.079
2.633
2.875
3.876
2.223
3.512
1.965
2.506
2.846
1.886
2.721
2.596
1.66
1.744
3.807
3.583
3.934
2.577
1.677
3.759
3.364
2.774
3.711
3.724
1.843
3.81
2.949
3.993
3.554
3.913
3.122
3.717
1.955
1.68
1.622
3.721
2.551
3.634
2.12
2.434
2.712
2.684
2.427
3.108
3.013
2.464
2.613
2.237
1.625
3.295
2.953
2.243
1.601
1.536
2.601
3.553
2.667
2.124
2.199
3.382
3.656
3.864
2.631
1.693
2.905
3.503
2.518
3.063
2.608
2.832
3.113
1.571
3.855
3.89
3.461
2.175
3.81
3.155
2.809
3.83
2.028
2.963
3.967
3.204
1.515
2.734
3.318
2.783
2.509
1.89
3.539
3.124
2.408
3.753
3.291
3.611
1.516
2.85
3.043
3.997
1.911
3.992
3.982
2.255
2.748
2.161
3.49
3.23
3.569
1.593
3.51
2.834
2.402
3.898
2.556
2.903
3.717
2.085
1.811
2.783
2.794
3.4
2.64
2.445
2.252
3.202
1.747
2.062
2.213
3.155
3.963
3.403
3.827
3.928
3.49
1.625
3.79
2.949
1.696
2.792
3.764
1.542
2.878
1.559
1.886
2.485
3.648
1.626
1.882
3.757
3.677
3.67
2.593
3.856
2.674
3.468
2.372
3.409
2.235
1.876
2.768
2.818
3.071
2.449
1.726
2.604
3.774
2.803
2.118
3.427
2.882
2.576
2.622
2.202
2.646
3.81
2.261
2.933
2.286
2.056
2.14
2.39
1.79
2.563
2.966
2.888
3.613
1.818
3.022
3.614
3.408
1.979
1.801
3.524
3.437
2.25
2.685
3.568
1.683
1.878
3.897
2.658
3.9
3.747
3.483
3.302
3.583
3.813
3.39
2.552
3.006
3.276
1.9
3.552
2.854
3.138
1.697
3.437
3.342
3.084
2.038
3.956
3.127
2.426
1.915
3.778
2.489
2.581
3.253
1.996
3.308
3.517
1.539
3.523
1.523
2.546
2.311
2.449
1.829
3.036
2.705
2.258
3.649
3.603
3.863
3.96
3.592
2.645
3.394
1.599
3.58
3.707
1.831
3.042
2.115
2.249
3.655
2.93
3.697
2.734
3.811
3.879
1.508
1.916
2.678
2.409
2.483
3.344
2.336
3.051
3.213
3.343
1.999
3.192
1.952
3.908
3.11
3.962
3.742
2.965
2.312
1.579
3.094
3.682
1.622
3.715
3.224
2.279
2.262
1.992
3.709
3.711
2.519
3.313
1.807
3.23
2.957
1.934
2.221
3.534
2.943
3.469
3.932
1.891
2.378
1.68
1.734
1.952
2.747
3.541
3.472
3.572
3.364
3.594
1.532
2.409
2.995
3.985
1.729
3.796
2.876
3.96
3.375
3.816
2.922
2.61
2.585
2.232
3.465
3.549
3.945
2.106
1.806
2.463
2.213
3.146
1.516
3.629
3.313
3.172
2.705
3.344
3.963
3.214
2.52
3.255
2.626
3.907
2.994
2.749
1.804
1.601
2.731
2.304
2.753
2.174
2.849
3.65
3.073
2.086
1.656
1.728
1.598
3.526
3.431
1.676
2.933
1.786
3.317
1.656
2.674
2.203
3.786
1.952
2.927
3.683
3.265
3.758
3.034
2.957
2.53
3.091
1.985
3.361
3.345
3.78
3.725
2.041
1.935
3.064
1.517
1.551
1.921
3.066
3.395
2.375
2.695
1.992
3.723
2.621
1.786
2.304
1.657
1.535
1.852
3.783
3.056
2.824
3.335
3.622
2.354
1.646
1.977
2.98
2.136
2.094
3.832
1.537
2.428
2.478
3.896
3.607
2.445
1.907
2.287
3.097
2.201
2.694
1.706
2.264
3.263
3.167
3.338
3.571
2.852
2.092
3.599
2.332
3.585
3.44
2.693
3.62
3.591
2.666
3.787
2.329
3.33
3.135
1.945
3.604
3.821
1.635
2.632
1.591
1.726
2.898
2.435
2.361
3.609
3.522
3.329
1.973
3.027
3.85
1.615
2.369
3.741
1.51
2.111
2.529
3.878
2.058
2.959
2.615
2.205
1.83
2.635
1.622
2.702
3.068
3.113
3.306
3.074
3.357
3.335
2.624
2.323
2.589
3.151
2.59
2.303
3.956
3.022
2.748
2.242
2.306
2.674
1.97
3.613
1.74
3.655
3.648
1.791
2.735
2.038
2.8
2.84
2.619
1.983
2.865
1.541
2.578
2.799
3.956
1.769
2.902
3.987
3.646
3.182
2.979
3.666
3.522
3.648
1.726
3.92
1.5
2.77
3.397
3.11
3.792
2.683
3.462
1.928
3.888
3.463
3.23
1.981
2.562
1.646
1.946
2.513
3.371
1.592
2.318
2.213
1.608
2.794
3.28
2.756
3.661
3.292
3.979
3.531
3.834
2.358
2.151
2.009
3.25
3.085
3.892
3.799
3.711
3.23
2.236
2.921
2.107
1.617
3.711
1.773
2.677
3.057
3.228
3.057
1.622
2.394
2.197
2.9
3.477
2.953
3.06
3.952
2.338
3.737
1.958
1.879
3.399
3.013
3.194
3.532
2.286
2.376
1.802
3.245
3.65
1.826
3.788
2.758
1.673
3.652
1.832
2.15
3.749
3.1
1.537
2.293
2.378
1.642
2.182
3.212
3.578
1.839
2.693
2.268
1.841
3.291
3.111
2.878
2.484
2.86
3.029
3.106
2.045
3.63
3.188
1.916
2.69
3.679
3.614
1.589
3.4
2.461
1.937
2.938
2.066
2.016
2.023
2.823
3.625
2.061
3.434
3.97
2.458
2.371
2.22
1.565
3.808
2.348
3.153
1.912
3.924
2.876
3.61
3.424
3.893
2.067
3.628
3.303
2.568
1.604
2.157
2.559
2.451
2.98
3.733
3.83
1.648
2.382
3.278
1.626
3.502
2.586
2.575
3.965
2.352
2.221
1.98
2.267
3.212
2.275
1.63
3.304
1.604
3.172
2.169
2.97
2.665
3.125
1.678
2.118
1.723
3.128
3.449
3.669
3.933
3.359
3.327
3.548
2.485
1.858
2.584
3.338
3.211
1.666
2.266
2.988
2.569
1.765
1.658
3.271
3.178
3.64
3.95
3.05
3.311
3.872
3.901
2.627
2.239
1.635
3.845
2.086
1.811
2.736
2.249
3.996
3.701
3.338
1.596
2.206
2.846
2.682
1.567
3.759
3.383
2.391
2.969
1.623
2.408
1.665
3.111
3.558
2.062
2.02
2.949
3.486
3.232
3.69
2.358
2.1
2.408
3.053
3.177
3.575
2.192
3.287
2.186
3.309
2.227
2.01
2.366
2.953
3.942
3.083
2.502
3.482
3.197
2.513
2.176
3.046
2.386
2.958
3.423
3.12
3.148
2.847
1.593
3.078
3.024
3.431
1.942
2.683
3.88
3.109
3.201
3.286
3.031
2.341
2.492
1.672
3.556
2.833
3.136
3.347
3.696
1.805
2.238
2.984
3.002
2.428
1.535
2.18
3.518
1.737
3.066
3.534
3.772
2.51
3.145
2.619
2.334
1.661
3.667
2.066
2.168
2.345
3.657
2.008
1.639
1.827
2.579
1.773
3.917
1.577
3.578
1.955
3.304
3.661
1.558
1.961
2.63
2.804
3.139
1.501
2.009
2.642
3.411
2.628
1.867
1.658
2.82
3.345
2.143
1.541
1.61
2.678
2.011
2.831
2.027
1.896
2.165
2.665
3.108
2.31
3.704
2.762
1.72
3.931
1.771
1.565
2.634
2.328
1.836
1.636
2.496
3.348
3.7
2.024
3.537
2.547
2.763
2.16
2.053
2.785
2.194
2.366
3.571
1.605
2.155
1.604
1.971
3.077
2.163
3.897
3.327
2.92
1.528
1.681
2.105
3.626
2.431
3.692
2.0
2.631
2.517
3.091
2.477
2.569
3.475
3.025
1.804
3.182
2.55
1.815
2.165
1.758
1.63
2.694
2.385
2.9
3.5
2.826
1.804
1.675
3.177
2.079
1.525
2.263
3.36
2.427
3.536
2.573
2.264
3.28
1.694
3.06
1.676
3.143
3.639
2.695
2.354
2.018
3.997
2.486
3.619
1.628
3.591
1.96
1.932
2.246
2.302
1.958
2.558
3.072
3.84
2.492
3.019
2.672
2.407
1.706
1.971
2.839
1.737
1.773
1.919
2.277
3.893
3.266
2.394
2.384
1.744
3.674
1.612
2.749
3.879
2.939
2.654
1.826
1.96
3.971
3.275
1.906
1.835
1.921
1.77
1.994
2.968
2.012
2.435
3.036
2.072
3.852
2.28
1.843
3.368
2.906
2.876
2.27
2.041
1.734
1.876
2.494
1.794
3.037
2.13
2.228
2.761
2.438
1.808
3.464
3.706
2.16
2.209
2.623
1.73
3.574
1.54
3.418
3.663
2.283
3.738
2.493
4.0
1.74
3.962
3.134
3.418
2.712
2.24
1.958
2.404
1.713
3.095
3.069
2.542
2.182
2.608
1.69
3.5
1.599
2.499
3.411
2.571
3.466
3.323
2.508
2.495
1.84
1.73
1.896
3.782
2.09
1.86
1.907
2.426
2.438
1.766
1.719
3.64
2.363
2.225
3.407
3.576
3.415
3.155
2.757
3.538
1.891
3.279
2.221
2.922
3.636
3.891
3.31
3.16
3.7
3.11
3.335
1.835
2.927
3.746
1.575
3.129
2.265
1.954
2.237
2.757
1.906
3.007
2.394
3.363
2.55
2.809
2.307
1.839
3.216
1.537
2.917
2.497
1.761
2.473
2.652
3.153
1.614
3.455
3.408
2.17
3.297
3.646
3.721
3.668
3.519
3.924
3.97
1.836
3.452
2.257
2.2
2.305
2.505
2.483
2.992
2.447
2.475
1.881
3.854
1.538
3.112
2.049
2.803
2.017
3.774
3.635
1.596
1.528
2.7
3.843
2.037
3.704
3.599
3.211
3.925
2.066
3.532
2.345
2.886
1.953
1.603
3.219
2.055
1.607
2.266
2.109
2.75
2.984
2.595
3.364
3.673
3.572
2.742
2.883
1.65
2.267
3.487
2.905
1.983
2.074
1.863
2.876
3.187
2.981
3.994
1.807
3.857
1.883
2.813
3.712
2.627
2.573
2.822
3.539
2.263
1.597
2.811
3.148
3.228
3.34
1.891
3.743
1.52
3.435
3.036
1.733
2.154
2.041
2.318
2.88
1.991
2.735
2.755
2.787
3.315
3.465
3.477
2.834
2.868
1.668
2.488
2.486
3.112
3.496
3.139
2.723
1.504
2.322
1.731
2.282
2.541
2.977
2.904
2.996
3.759
3.974
2.189
1.691
3.907
3.406
3.296
2.687
2.779
3.729
1.73
3.198
1.676
2.335
1.938
3.466
3.536
2.064
3.906
2.409
3.419
3.521
3.751
2.856
3.391
2.269
3.722
3.124
3.605
1.685
2.754
1.624
1.703
2.366
1.819
3.918
3.001
3.394
3.92
3.519
3.91
2.58
2.988
3.296
3.473
2.986
2.364
3.642
3.23
2.716
3.896
1.549
2.119
1.608
3.847
3.519
3.567
2.516
3.712
2.269
3.331
3.241
2.231
3.165
3.326
3.785
1.699
1.591
2.41
2.115
1.655
2.689
2.33
2.942
2.676
1.955
3.004
3.786
1.678
2.525
3.542
1.553
2.609
2.595
1.571
3.075
2.706
1.858
2.107
2.052
3.059
2.442
1.644
3.838
2.372
1.966
3.849
3.365
1.576
3.287
2.326
3.394
2.117
1.664
3.996
3.208
1.508
3.562
2.701
3.993
2.423
3.133
3.564
2.529
3.533
1.75
2.134
1.816
3.914
2.924
2.688
3.238
3.01
2.823
1.713
2.049
2.823
1.883
3.576
2.424
3.197
2.28
1.582
2.465
2.021
2.028
3.147
3.577
1.534
2.697
2.455
2.958
1.985
2.566
3.239
3.552
2.783
3.378
3.497
3.662
2.522
1.583
3.724
1.775
3.479
3.387
1.695
1.986
2.453
1.713
3.4
3.302
1.725
2.148
3.7
3.169
2.126
1.854
1.805
2.163
1.52
3.31
3.104
2.409
1.868
3.19
2.659
1.772
3.007
3.02
1.606
1.708
3.86
3.142
2.91
2.715
2.871
2.215
1.706
3.535
3.767
1.673
1.66
3.68
2.6
2.332
2.089
3.154
2.002
3.002
3.35
3.068
3.371
2.082
1.982
3.214
2.454
3.288
3.513
1.633
1.615
2.437
1.647
2.913
2.594
2.831
2.441
3.144
2.552
2.531
3.003
3.141
2.433
2.859
1.692
2.637
1.952
3.365
2.588
3.002
1.783
2.66
2.746
2.347
2.545
1.747
2.416
1.622
2.093
3.62
2.526
3.721
3.52
3.76
2.94
2.653
2.682
3.012
2.837
2.692
1.819
3.939
2.515
2.574
3.37
2.515
2.45
3.102
2.887
2.185
3.571
2.365
2.66
2.262
2.059
3.63
2.955
1.862
3.839
3.103
2.683
1.865
2.825
3.273
1.632
3.239
1.717
2.946
2.388
2.431
2.559
2.361
3.488
2.788
3.447
2.015
2.464
2.501
3.456
1.785
2.918
2.94
2.72
3.79
2.771
2.77
1.706
3.938
1.824
3.445
3.708
2.781
1.522
3.739
3.37
1.986
2.217
1.974
2.114
1.784
3.189
3.109
2.864
2.813
3.927
1.884
3.41
2.166
3.498
3.273
2.214
1.689
3.13
3.934
2.514
3.074
1.733
1.898
1.768
3.496
1.843
1.982
1.507
3.354
2.841
2.981
3.343
1.835
3.777
2.159
3.39
3.507
1.85
3.814
1.734
3.0
2.028
3.782
3.271
2.374
3.504
2.89
3.102
2.293
3.044
2.332
2.831
1.914
3.286
3.412
1.978
2.217
2.505
3.435
2.201
1.981
3.464
2.595
2.906
2.154
3.284
1.633
3.392
2.304
3.131
3.152
1.96
3.444
2.346
3.487
1.663
2.997
2.939
1.656
3.453
1.55
1.579
2.636
1.778
2.845
3.918
2.169
3.062
3.332
1.654
3.361
1.506
2.105
3.62
1.918
3.987
1.738
2.084
2.584
2.237
1.664
3.962
2.757
2.996
2.262
2.483
2.953
3.849
1.743
3.991
2.291
3.347
2.451
2.564
2.34
2.657
2.515
2.988
1.526
3.927
2.133
1.513
3.176
2.843
1.848
2.342
2.39
3.722
3.891
3.566
1.674
2.003
3.413
2.706
2.798
3.358
2.579
1.875
2.166
2.815
1.877
3.289
2.355
2.682
2.065
2.957
2.261
1.62
3.397
2.621
1.66
1.919
3.187
3.223
3.398
3.495
3.924
1.843
1.912
3.335
1.54
3.606
1.785
3.252
3.59
2.86
1.59
1.958
2.925
3.206
2.232
2.587
1.663
3.91
3.621
2.966
2.64
3.274
2.476
2.678
3.629
2.019
1.941
2.472
1.709
2.005
3.185
3.822
3.194
2.696
3.339
3.894
1.818
1.805
3.357
3.972
3.373
3.062
1.5
3.836
2.336
2.499
3.333
3.601
3.824
1.54
2.466
2.345
1.931
1.576
2.226
2.862
2.331
2.177
2.292
3.261
2.177
1.616
2.031
1.534
2.93
2.463
1.564
2.832
1.609
2.977
3.165
3.927
3.377
3.624
3.058
2.034
3.458
2.631
1.618
3.639
1.525
1.907
2.673
1.55
3.239
2.853
2.781
1.832
3.601
2.896
2.496
2.729
2.717
3.395
2.998
2.013
3.699
1.585
2.887
3.583
2.936
3.608
3.495
1.507
3.707
2.114
3.957
1.89
2.051
2.352
2.588
1.746
3.609
3.468
2.101
3.141
2.973
1.687
2.545
1.66
3.882
3.784
3.424
2.828
3.322
1.908
2.768
2.468
2.834
3.992
1.932
3.405
1.76
3.029
2.05
1.892
1.792
3.032
3.261
3.127
1.586
3.823
1.884
2.023
3.174
3.747
3.178
2.089
2.057
2.261
2.278
2.401
2.363
1.531
3.205
2.727
3.583
1.955
2.654
1.58
3.141
2.499
1.518
3.403
3.847
3.41
1.957
2.409
2.812
2.69
2.476
2.429
2.309
2.313
2.034
1.865
2.901
3.866
3.445
3.329
1.555
1.67
3.441
2.192
2.305
2.143
3.403
2.506
3.498
1.717
2.544
3.915
2.23
1.846
3.858
2.735
1.65
3.603
2.029
2.6
3.198
3.144
2.63
2.242
3.631
1.949
2.895
2.188
2.617
3.333
3.981
3.43
1.673
1.94
3.946
2.277
2.907
1.584
1.528
2.855
2.15
1.655
2.807
2.871
3.733
2.392
2.691
2.129
2.679
1.671
2.123
2.812
3.271
2.687
3.102
3.945
3.961
2.002
1.771
3.122
1.6
1.751
3.807
1.868
2.013
2.819
1.868
2.779
3.628
3.273
1.817
1.517
2.945
3.285
3.451
1.999
3.633
1.583
2.496
2.901
2.962
2.615
2.084
3.957
3.101
2.206
3.708
3.824
2.493
3.86
2.344
3.39
3.911
1.908
2.024
2.416
2.448
2.213
3.336
1.722
2.004
1.803
2.54
1.874
3.521
3.549
3.582
2.065
3.642
2.164
2.423
3.243
1.903
2.414
1.858
3.439
3.173
3.465
3.107
3.253
3.04
1.502
2.198
2.327
2.135
3.298
1.507
3.066
2.844
2.632
3.11
3.557
2.333
3.624
2.513
1.841
3.274
1.951
3.418
3.294
1.921
2.91
2.744
2.79
3.249
3.883
1.694
3.644
3.763
3.294
1.915
3.733
3.313
1.618
1.933
2.946
3.235
3.633
2.074
3.363
3.352
2.882
2.278
2.978
3.407
2.811
2.84
3.989
2.467
3.73
2.057
1.929
3.904
2.356
3.23
3.009
1.556
2.736
2.822
3.958
3.294
1.827
3.6
3.812
2.584
3.0
3.426
3.414
2.156
2.718
1.837
1.537
3.465
2.662
1.65
2.243
1.796
2.577
2.38
3.16
2.23
1.977
2.465
1.985
3.621
2.529
2.725
2.719
1.632
2.372
2.193
3.609
1.634
1.567
2.677
2.563
2.104
3.78
3.465
2.162
2.102
2.857
2.064
1.535
2.159
3.533
2.602
3.003
2.513
2.071
2.544
2.59
3.643
2.289
1.737
3.682
3.457
3.72
2.269
1.508
2.511
3.8
3.886
3.091
2.211
2.407
3.701
3.272
1.601
3.606
2.765
2.843
1.675
3.955
2.88
1.583
3.143
1.804
3.202
2.313
2.398
3.693
3.765
3.031
2.587
2.722
2.762
1.893
1.951
3.158
3.892
3.686
2.979
2.158
2.724
3.509
2.326
3.147
3.534
1.778
2.262
3.672
3.016
3.7
2.292
2.102
3.699
3.212
2.588
2.283
2.53
3.582
1.525
2.624
2.45
3.455
3.263
3.64
3.765
3.596
3.087
2.033
1.524
3.355
1.828
3.116
3.261
3.229
2.256
2.197
2.514
3.705
2.629
3.105
1.815
1.531
3.436
1.711
3.284
3.165
1.902
3.665
2.732
3.269
3.114
3.657
2.246
2.828
2.028
2.454
3.297
2.052
3.437
3.134
3.353
2.475
3.669
2.551
1.607
2.83
3.354
2.124
1.563
3.774
3.424
2.564
3.026
3.997
2.098
1.657
3.232
2.626
1.728
2.764
3.331
3.263
3.159
3.979
1.755
3.653
3.887
3.832
2.311
3.385
2.642
2.476
1.53
2.71
3.047
2.329
3.319
3.215
1.944
3.12
2.228
1.719
3.754
3.441
3.95
1.688
3.016
2.208
2.716
3.551
2.17
1.665
3.055
1.969
1.536
3.488
3.367
2.511
3.411
3.068
1.882
3.549
2.737
1.976
2.746
2.973
1.789
2.046
3.035
2.675
2.251
2.297
3.276
2.534
3.576
1.969
2.93
3.011
3.651
1.894
3.399
3.147
3.866
3.111
1.889
1.812
2.427
2.903
3.68
2.809
2.153
2.333
3.429
3.393
1.751
1.656
1.675
3.006
1.86
1.827
3.705
2.879
2.554
1.588
2.091
3.384
2.25
3.731
3.656
2.111
3.503
3.559
2.42
2.774
3.797
2.933
2.007
3.954
2.995
1.941
2.293
1.678
2.577
2.223
2.856
1.702
1.614
1.633
2.555
2.706
2.727
2.322
3.706
3.749
2.047
3.7
3.561
2.082
2.709
3.23
1.972
1.745
1.56
3.859
2.706
3.99
3.171
2.982
2.912
2.083
3.715
3.685
2.093
2.089
2.936
2.254
2.433
1.64
3.699
3.194
1.751
2.213
1.815
3.847
3.679
1.918
1.862
2.903
3.571
2.422
2.489
3.798
3.898
3.673
2.109
1.847
2.773
2.344
2.495
2.748
1.835
2.43
3.621
2.926
3.753
2.404
2.511
3.903
3.678
1.674
3.242
1.768
1.602
3.931
2.935
1.839
1.703
2.411
1.779
2.363
3.724
3.128
1.818
3.463
2.948
3.655
1.519
1.689
2.122
3.704
2.827
2.892
3.638
3.852
1.514
3.158
3.324
3.395
2.058
3.385
2.958
3.862
2.415
3.524
3.298
2.049
2.136
1.76
1.668
2.632
2.244
1.585
1.865
3.348
2.064
3.845
2.117
3.802
3.084
1.617
1.552
2.105
1.636
3.236
3.934
3.218
1.55
3.982
2.126
2.925
3.712
3.181
1.845
2.26
2.43
1.667
2.366
1.993
3.039
3.943
3.216
1.774
1.975
1.888
3.665
3.863
3.541
1.617
3.268
2.462
1.737
3.071
2.326
2.81
2.193
3.992
2.226
2.73
2.78
3.482
1.792
3.103
2.956
2.386
3.509
3.695
2.573
3.588
2.389
2.607
3.001
1.996
1.714
1.609
1.762
2.26
3.789
2.469
3.226
1.542
3.157
3.208
2.757
3.112
3.195
3.012
1.852
1.917
2.003
2.506
2.492
3.909
3.902
2.751
2.327
3.308
3.57
3.111
2.976
3.612
3.405
1.703
1.96
3.818
1.637
2.188
1.648
3.195
2.324
3.479
3.033
1.688
2.488
2.601
3.719
2.814
1.681
2.843
3.346
2.418
2.912
2.465
3.366
2.659
2.749
3.818
3.873
2.595
3.784
3.188
2.819
1.81
2.101
1.669
1.867
1.999
3.574
1.834
2.397
2.472
2.513
3.954
3.006
2.09
3.703
1.516
2.97
3.641
3.562
2.129
3.633
3.489
2.53
3.38
3.495
2.801
2.829
3.925
1.632
3.003
3.274
3.524
2.287
3.036
2.452
3.083
2.001
2.723
2.941
3.333
3.557
3.876
2.635
3.301
1.849
2.673
2.814
1.532
2.132
1.654
1.855
3.681
2.765
3.356
3.669
3.11
3.814
3.128
3.679
2.422
1.943
1.844
2.689
2.93
2.235
2.052
2.478
3.234
3.241
3.815
1.905
2.932
3.124
2.857
3.374
2.698
2.736
1.616
2.297
3.58
2.215
3.31
3.543
3.277
2.663
3.952
3.046
3.338
1.774
1.74
3.137
2.735
2.885
3.795
1.757
2.358
1.929
3.792
2.786
1.668
1.962
1.693
2.69
1.604
2.747
1.506
3.226
3.829
1.922
1.737
1.645
2.567
2.044
3.478
1.827
1.629
3.243
3.816
2.417
2.045
3.277
3.678
1.77
3.961
3.416
1.848
2.45
2.083
2.864
3.729
2.751
3.641
3.784
2.729
2.315
1.715
3.212
3.229
1.684
3.397
3.828
2.738
2.48
1.782
2.64
2.713
3.21
2.624
2.154
1.872
2.545
3.74
2.115
3.018
1.606
1.878
1.708
2.987
3.31
3.351
2.608
2.429
3.804
3.871
2.481
2.41
3.162
3.991
2.563
2.262
2.136
1.726
3.762
3.673
3.695
2.607
2.93
3.039
3.197
1.785
2.639
1.538
2.844
2.77
1.714
2.567
3.141
3.753
3.32
2.874
1.625
3.029
2.902
2.704
1.637
3.667
2.318
3.539
2.492
2.887
1.596
2.369
2.395
2.528
2.084
1.767
2.778
2.889
3.335
3.957
3.259
3.61
2.168
2.071
3.548
3.226
3.755
2.442
3.809
3.754
1.77
1.994
1.687
3.049
2.224
2.953
2.961
3.902
3.686
2.289
2.819
2.723
2.797
3.945
2.445
2.773
2.316
2.298
2.283
3.382
3.416
1.748
3.598
2.085
3.345
2.28
3.771
2.789
2.962
3.727
1.66
2.964
3.455
2.547
2.372
3.15
3.083
2.51
3.815
2.57
2.299
3.586
2.444
1.546
2.715
2.499
3.618
3.139
1.897
2.79
1.862
2.785
3.279
2.135
3.968
1.746
2.078
3.891
3.201
3.074
3.548
3.211
3.395
1.743
3.27
1.98
2.244
3.774
3.545
3.599
2.206
2.599
2.097
3.829
3.583
2.186
3.429
2.009
1.671
3.367
3.826
1.926
3.28
1.735
3.33
2.741
2.728
2.367
3.755
3.115
3.451
2.162
2.595
2.12
2.087
3.698
3.534
2.546
2.933
3.639
1.647
3.469
3.716
2.397
1.729
2.428
3.681
1.771
2.203
3.377
2.977
2.497
3.084
1.743
3.736
3.69
3.747
1.935
2.959
2.475
2.246
3.378
3.463
3.856
2.956
2.498
2.778
3.752
3.72
2.619
3.805
3.29
2.917
3.021
3.708
3.908
1.712
2.413
3.197
1.813
3.504
3.114
3.764
2.633
2.684
2.086
3.451
3.23
3.118
1.763
2.131
1.809
3.162
2.211
1.736
3.092
2.457
3.735
1.829
1.757
1.652
1.507
2.652
3.41
3.713
3.702
2.203
1.742
2.522
3.872
3.793
3.727
1.927
3.92
1.568
3.154
1.989
3.697
2.648
1.604
3.268
2.711
1.797
3.992
3.063
3.58
1.904
3.767
3.224
2.81
2.159
1.595
2.31
2.914
1.654
3.756
2.378
1.805
2.278
2.904
3.468
1.961
2.335
1.688
2.687
1.605
2.638
2.805
3.871
2.959
2.519
2.696
1.863
3.683
3.334
2.608
3.202
3.674
3.548
3.879
1.68
2.8
2.18
2.057
2.21
3.079
3.988
3.631
2.573
1.754
1.726
1.601
2.823
1.736
3.81
3.539
3.913
2.378
2.556
2.22
2.165
2.884
2.309
2.408
1.858
3.277
3.795
2.643
2.962
1.869
2.597
1.626
3.566
2.258
2.654
3.916
3.47
2.73
3.349
2.766
3.977
3.67
1.907
3.378
3.832
2.276
1.647
2.859
3.396
1.581
2.664
3.744
3.751
3.66
3.417
2.066
2.92
3.13
1.699
1.712
1.613
3.519
1.774
2.331
2.967
2.128
2.542
3.245
2.14
1.826
3.391
2.429
3.744
3.909
3.075
3.832
3.504
3.465
3.917
2.663
1.647
2.356
3.087
1.723
2.364
2.05
2.661
3.702
2.275
3.433
2.88
2.75
1.838
2.454
2.881
3.961
2.55
1.87
2.558
2.593
2.545
3.463
3.797
3.975
2.678
3.562
3.011
2.144
3.741
3.75
2.38
2.206
2.847
2.352
3.787
1.885
3.344
2.072
1.848
2.249
2.625
2.957
1.944
1.516
3.792
2.806
2.776
1.745
2.513
2.979
3.854
3.243
3.759
1.828
1.704
3.784
2.119
3.98
2.931
3.146
2.456
3.742
1.548
3.698
3.948
1.811
2.209
3.983
3.649
1.686
2.52
3.554
3.267
2.911
2.418
3.353
3.263
1.585
2.91
2.028
3.202
2.328
2.06
2.883
1.822
2.294
3.067
3.927
3.061
2.349
1.695
1.832
2.993
3.969
2.397
3.698
3.267
2.4
3.449
2.72
3.329
3.833
2.355
2.203
2.462
2.032
2.823
2.363
3.883
2.949
3.984
2.766
2.575
1.681
1.98
3.461
1.518
2.122
3.026
2.097
2.834
2.371
3.278
2.536
2.791
2.798
2.519
3.724
2.328
3.552
3.188
1.697
1.603
2.302
2.129
3.499
2.228
2.139
2.388
1.903
2.948
3.638
3.95
1.975
3.639
3.723
1.809
1.901
2.153
3.422
2.037
1.772
2.207
3.233
3.261
3.242
1.963
1.827
2.437
1.774
3.297
2.822
2.256
3.84
3.005
2.017
3.638
2.246
3.124
2.394
3.167
2.684
1.575
2.572
3.598
2.531
3.558
3.068
2.0
2.894
2.389
3.638
3.181
2.042
3.806
3.758
2.203
2.091
3.656
2.298
3.802
2.566
2.751
3.492
2.274
1.635
2.718
3.59
1.834
2.229
1.843
3.923
2.708
1.6
2.572
3.982
2.215
3.775
1.862
3.867
2.277
2.608
2.195
3.949
3.33
3.426
3.178
3.699
2.738
1.605
2.757
1.574
2.45
2.718
3.881
2.131
2.157
2.234
3.551
2.691
2.707
3.822
1.992
2.645
2.851
3.699
1.786
1.579
2.225
1.926
1.923
3.964
3.38
3.352
3.647
2.148
2.569
3.35
3.206
3.963
2.686
2.997
3.097
2.478
1.613
2.737
2.802
2.916
3.543
3.011
2.735
3.983
2.199
3.01
3.353
3.696
3.771
3.489
1.744
2.524
1.615
3.65
2.238
3.657
3.924
1.912
3.962
2.916
2.891
2.858
1.703
2.893
3.745
2.656
2.3
1.903
3.876
3.054
2.186
3.374
3.93
1.839
3.352
1.817
2.484
2.669
3.539
1.682
3.944
1.957
3.662
1.951
3.687
2.687
2.965
3.672
1.704
3.167
1.701
2.145
1.937
3.561
3.574
3.625
1.733
1.506
1.832
3.001
2.338
2.064
1.534
2.618
2.819
3.502
2.224
3.351
2.375
2.401
2.523
3.913
1.776
2.846
2.251
2.829
1.904
3.533
1.802
3.046
2.7
2.629
3.023
3.306
2.169
1.764
3.024
2.724
2.337
2.622
2.665
1.953
2.403
1.995
2.547
2.013
2.662
3.672
2.121
2.214
2.192
2.419
2.112
1.733
3.516
2.633
2.283
1.928
1.775
3.379
2.474
2.291
3.842
3.944
2.068
2.623
1.721
1.806
3.16
2.462
2.153
2.908
3.61
3.267
2.092
1.826
3.502
3.338
2.019
1.79
2.825
2.094
2.058
1.776
2.759
1.781
2.566
3.752
3.45
2.097
3.517
2.209
3.768
2.675
1.807
3.07
2.275
2.641
3.59
2.614
2.15
3.423
3.103
3.322
1.627
2.598
2.933
2.64
1.624
2.823
2.97
2.782
3.031
3.687
3.308
3.822
3.135
3.811
1.594
3.919
1.743
1.957
3.823
3.849
2.577
3.819
1.685
1.954
1.621
1.75
1.501
1.685
2.043
3.127
3.68
3.053
1.74
2.493
3.676
2.189
3.721
2.005
3.325
3.675
2.384
3.151
1.757
1.819
3.108
2.134
3.15
1.818
3.696
2.795
3.203
3.505
1.907
3.807
3.385
3.712
3.634
3.02
3.22
1.704
3.281
1.989
2.883
1.957
1.508
2.689
3.145
3.013
1.804
2.114
3.304
2.45
3.143
1.902
2.937
3.095
2.012
3.055
3.474
2.946
3.047
1.863
3.39
3.287
2.733
3.79
2.316
2.195
3.217
2.931
3.096
3.355
3.588
2.663
3.233
2.249
2.182
3.29
2.328
2.732
1.692
1.606
2.43
1.581
3.402
3.96
2.628
2.233
3.404
3.025
4.0
2.656
2.482
1.659
1.678
1.944
3.088
2.64
1.577
3.295
1.972
3.064
2.511
2.123
3.964
2.857
2.43
2.822
3.871
2.996
2.588
1.734
2.796
1.74
2.515
1.834
3.34
3.056
2.941
1.948
3.166
3.036
3.452
2.116
3.192
2.915
3.586
3.896
3.966
2.803
1.777
3.348
3.928
2.619
3.916
1.938
2.277
2.08
Error de lectura!!!
3.829
2.478
3.311
2.6
2.411
3.289
2.291
3.439
2.974
1.626
1.735
3.393
3.348
3.678
3.623
1.921
3.373
2.402
2.398
3.051
3.05
1.997
3.673
3.177
2.888
3.004
2.303
2.369
3.114
2.082
1.863
3.921
3.009
3.018
3.695
1.843
3.712
2.137
2.728
3.526
3.828
1.692
1.79
3.384
1.786
1.986
3.923
2.78
2.013
2.579
3.696
1.827
1.654
2.097
2.005
2.288
2.931
2.406
3.883
1.675
2.911
1.752
2.333
2.139
1.867
3.739
1.637
3.769
2.58
1.981
3.557
1.695
1.994
2.601
3.55
2.263
2.444
2.223
3.955
1.844
2.393
2.356
2.187
3.669
2.325
2.979
3.676
2.751
3.085
2.166
3.507
1.683
2.777
2.206
2.8
2.046
2.099
3.849
2.194
2.3
3.106
2.547
3.727
2.367
2.589
2.004
3.764
1.617
1.777
2.862
1.556
1.882
3.749
1.628
3.338
2.302
2.304
3.655
2.093
2.972
3.334
2.804
3.679
2.565
1.812
1.95
3.778
2.936
3.418
3.528
3.712
3.761
2.747
2.251
3.542
1.77
3.439
3.412
3.227
2.243
3.346
3.462
3.319
2.199
2.98
1.582
2.096
2.433
2.283
2.179
2.982
2.658
3.321
1.509
2.853
2.12
1.728
2.749
1.682
1.826
2.258
3.567
3.733
1.943
3.586
2.042
3.793
3.644
2.896
1.839
2.008
2.453
1.89
3.576
2.073
2.233
2.683
2.97
3.411
2.057
2.76
2.88
3.442
1.68
1.525
3.037
2.733
2.007
3.454
2.452
2.716
2.545
3.416
3.818
1.99
2.673
2.468
1.783
3.992
3.398
3.366
3.732
2.818
3.314
2.455
2.435
2.089
3.848
3.17
3.192
3.254
2.792
2.406
2.983
3.67
1.772
3.101
3.349
2.787
3.178
1.877
2.772
3.505
3.079
2.044
2.265
2.469
3.725
3.119
2.329
1.711
2.564
2.028
3.233
1.743
3.686
2.25
3.086
2.549
3.735
2.918
3.658
2.49
2.413
1.504
1.596
1.631
3.926
2.895
3.725
3.724
2.598
2.3
2.968
1.764
2.644
1.908
3.831
1.677
1.846
3.447
2.44
1.676
2.524
3.705
2.045
2.298
3.566
2.042
1.846
2.611
2.409
2.3
3.682
1.915
2.798
3.215
3.637
3.609
3.427
2.362
3.324
2.117
2.777
2.438
3.524
2.916
1.53
3.94
2.856
3.609
3.517
2.977
2.126
1.87
2.468
2.806
1.686
3.843
1.511
3.709
2.777
1.812
2.028
3.11
1.792
1.961
3.484
2.697
2.243
3.593
1.672
3.747
1.995
2.693
3.582
3.818
3.835
2.622
2.158
1.868
3.343
2.757
3.841
3.813
3.12
3.41
2.404
3.181
3.845
3.899
2.481
3.859
1.535
2.913
3.333
1.923
1.911
2.503
2.392
2.083
2.158
3.269
2.791
3.148
2.569
2.963
3.987
2.268
2.39
3.874
2.286
1.907
3.976
1.735
2.503
2.09
1.896
1.64
2.607
3.213
3.365
2.013
2.234
2.403
3.639
2.248
3.39
1.898
3.939
3.996
2.784
2.262
2.566
1.892
3.999
3.621
1.894
1.843
2.064
3.878
2.378
3.015
2.801
2.189
2.995
3.467
3.937
2.21
3.263
2.028
2.403
3.827
2.849
1.608
3.612
2.174
2.559
1.787
1.966
2.83
3.243
3.777
2.663
3.523
3.149
2.525
1.682
3.828
2.256
2.529
3.138
2.323
3.731
1.717
3.427
2.135
3.515
3.322
3.972
1.607
1.955
3.034
2.98
2.704
1.893
2.382
3.078
2.475
3.148
3.688
2.594
3.836
1.912
2.778
1.705
3.269
2.749
2.837
1.957
2.759
1.654
2.533
1.817
2.594
3.672
2.012
1.583
Error de lectura!!!
2.929
2.315
3.313
3.278
3.548
1.808
2.442
1.681
2.74
2.963
2.274
2.248
3.581
1.57
3.77
3.213
2.073
3.663
3.0
1.563
3.603
3.536
3.03
3.811
2.318
1.822
3.038
3.774
3.149
2.493
2.445
2.808
2.96
2.598
3.632
1.878
3.211
3.206
2.302
1.907
3.978
3.318
3.269
2.713
2.997
2.051
2.947
3.237
2.308
3.982
1.726
1.94
2.889
2.875
2.667
2.745
3.886
3.29
2.198
3.796
1.806
1.937
2.494
1.995
2.718
2.772
2.141
1.785
2.517
3.553
2.465
2.745
1.883
2.314
3.307
2.864
1.501
1.835
2.409
2.345
2.991
3.837
3.419
3.537
2.831
2.117
2.856
3.781
2.103
2.451
3.867
3.541
3.39
3.338
2.807
1.815
2.091
2.907
2.747
2.689
2.284
3.395
3.182
3.331
2.611
2.775
2.105
1.866
2.312
3.903
1.921
2.848
2.808
1.71
2.859
3.937
3.974
2.904
3.601
1.564
3.021
3.193
2.79
2.479
2.841
1.625
2.207
2.159
2.412
2.427
3.498
3.279
2.229
2.557
2.98
3.232
2.46
2.284
2.223
3.805
1.978
3.688
2.587
1.996
3.526
3.147
3.212
1.829
2.037
1.612
3.592
3.221
3.597
2.594
3.831
1.607
3.216
1.547
3.933
3.153
1.776
3.856
2.521
3.898
2.616
3.019
1.705
1.94
1.839
1.816
3.348
2.564
2.64
3.47
1.964
1.579
2.673
2.477
2.583
3.565
1.524
3.308
2.016
1.933
3.424
2.094
3.179
3.45
2.646
3.348
3.386
1.578
1.927
3.768
2.816
1.879
3.883
3.065
3.768
2.727
2.641
2.044
3.503
3.672
2.608
2.752
3.11
1.512
3.886
1.673
2.548
3.075
3.084
3.614
3.703
2.937
2.967
1.514
2.021
1.699
1.577
2.464
2.853
2.55
3.254
1.761
2.217
2.681
3.321
2.115
2.568
2.995
2.363
3.105
1.716
3.153
3.705
2.418
2.427
2.42
1.523
3.855
1.541
3.229
1.634
3.483
1.633
2.164
1.856
1.538
3.006
3.417
2.556
3.662
3.37
1.879
2.242
3.039
1.804
3.279
3.749
2.987
2.132
2.454
2.735
1.874
3.664
1.579
2.818
3.224
1.792
1.503
2.271
2.733
2.851
2.069
3.527
3.849
3.392
3.789
3.864
3.465
3.886
1.8
2.558
2.182
2.049
3.741
3.753
1.867
2.16
1.94
1.768
1.503
3.471
3.15
2.389
2.366
3.129
2.011
2.162
1.577
2.485
2.608
3.719
1.683
3.627
2.469
3.973
2.105
1.882
2.664
2.412
3.126
3.902
3.466
3.958
2.567
2.54
2.735
3.303
3.603
2.926
2.574
1.888
2.159
3.457
1.713
3.108
3.494
3.702
3.144
2.968
2.138
3.855
2.753
1.858
1.626
3.214
3.255
3.641
3.234
3.173
1.656
1.53
3.01
2.139
2.751
2.215
2.408
2.888
3.106
2.797
2.33
2.753
3.476
3.392
3.397
2.556
3.386
3.339
3.778
3.64
3.897
2.641
2.821
3.79
3.759
2.917
2.359
3.718
2.35
3.937
3.855
2.997
1.799
2.168
3.144
3.863
3.677
1.837
3.638
1.597
2.71
1.513
2.306
1.545
1.918
2.07
2.089
3.628
2.347
Error de lectura!!!
2.601
3.065
2.476
3.319
2.481
1.837
2.563
2.919
1.787
2.72
3.458
2.403
1.655
3.685
2.579
3.335
3.725
2.514
3.212
3.307
3.344
1.68
1.666
2.187
2.16
3.053
1.751
3.589
3.306
2.468
3.183
1.647
3.814
3.884
2.4
3.13
2.636
3.024
3.992
2.554
3.74
3.504
2.269
2.023
3.36
2.186
2.009
3.891
2.301
3.408
3.335
1.627
1.956
2.241
1.799
3.374
3.444
2.587
3.15
2.031
2.665
3.968
2.881
2.24
3.718
3.223
2.363
1.727
3.708
3.473
3.853
1.646
3.275
3.854
1.891
3.968
3.004
1.674
3.828
3.039
3.686
3.963
3.341
1.64
3.253
2.215
3.211
2.246
3.524
2.943
1.576
2.945
1.695
1.765
1.568
3.065
2.691
2.32
2.73
1.983
1.739
2.04
3.525
3.478
3.288
1.51
3.52
3.209
2.372
1.517
2.656
1.509
3.187
3.181
2.311
3.407
1.954
2.275
2.983
3.189
2.136
1.638
1.772
1.758
2.067
2.65
2.075
3.442
1.906
2.437
3.999
3.316
2.315
2.08
3.66
1.77
2.893
2.965
3.639
2.059
3.055
3.24
2.619
1.935
2.724
2.09
1.56
3.149
3.63
1.823
2.398
1.78
1.607
3.856
2.182
1.63
1.66
2.161
2.951
1.764
2.877
3.127
2.106
3.584
2.903
2.408
3.722
3.376
1.68
1.945
2.266
2.257
2.001
1.738
3.841
3.987
2.825
3.028
3.737
2.627
2.634
3.759
3.048
2.98
1.985
2.734
2.303
2.559
2.051
1.96
1.558
2.951
3.274
2.916
2.939
2.937
2.84
3.698
2.539
1.512
2.235
1.808
3.14
3.399
2.449
3.174
2.7
2.262
1.801
3.297
3.335
2.027
2.749
3.437
2.727
2.826
1.72
3.159
1.857
2.682
2.093
2.683
2.727
2.932
1.81
2.544
3.063
3.292
1.763
3.189
3.192
2.214
1.541
3.512
2.945
2.559
3.153
1.765
3.354
1.569
3.152
1.577
1.671
3.761
3.798
2.537
3.324
3.602
3.167
3.231
3.6
3.358
3.526
3.073
2.619
1.708
2.406
2.655
2.623
3.144
2.394
2.224
3.458
3.044
3.905
1.64
2.396
2.683
2.047
1.695
2.275
2.948
1.627
1.907
2.779
3.483
1.583
2.43
3.775
3.312
1.662
2.907
3.129
2.544
2.041
3.685
1.801
1.732
2.303
3.33
2.413
3.547
Error de lectura!!!
2.59
3.622
3.212
2.672
2.787
2.932
2.557
3.48
2.287
2.869
1.746
3.441
2.599
2.126
2.516
3.19
3.457
2.016
2.427
2.4
3.499
3.768
2.155
1.882
3.731
2.459
3.593
2.323
2.364
3.717
3.86
1.729
1.563
3.237
3.998
2.994
3.932
1.855
2.043
3.305
3.875
2.994
1.691
2.276
2.26
2.936
3.793
2.93
1.55
1.991
3.933
1.64
2.341
3.313
3.851
1.901
3.514
2.847
3.396
3.11
3.397
3.195
1.738
1.934
2.212
3.571
3.252
2.361
1.983
3.107
1.942
1.822
3.677
2.287
3.34
3.711
1.759
3.477
1.829
3.404
2.323
3.333
3.003
3.011
1.669
3.921
2.522
2.139
2.449
1.507
1.783
3.442
2.372
3.631
2.541
2.505
1.787
3.773
2.931
3.054
1.821
1.977
2.809
3.199
2.941
3.47
3.903
3.377
2.139
2.321
2.094
2.18
2.982
1.863
2.942
2.41
2.601
1.76
3.824
2.994
3.654
3.795
1.923
3.778
3.522
3.798
2.43
2.341
2.142
3.402
3.798
3.301
3.447
2.076
3.599
2.901
2.253
3.399
2.961
3.719
3.718
2.94
2.201
2.177
3.691
3.106
1.904
3.826
3.304
3.8
2.848
2.228
2.73
1.648
3.12
2.946
2.364
2.716
3.299
2.84
3.211
3.895
3.968
3.603
3.912
1.999
3.754
2.036
2.615
3.894
2.943
3.082
2.104
2.326
3.226
2.465
2.297
1.944
2.512
3.665
1.994
3.741
3.911
3.061
3.062
2.949
2.406
2.385
2.316
2.876
1.75
2.644
2.473
2.165
2.103
3.8
1.856
1.769
2.576
1.748
3.903
2.223
3.294
3.754
1.556
1.941
2.197
1.675
3.223
2.266
1.909
3.371
2.624
3.874
2.945
3.207
3.747
2.37
3.689
3.671
1.962
3.575
3.367
3.309
1.581
2.907
3.21
3.779
2.666
2.17
2.626
1.715
3.068
2.518
3.019
1.812
3.019
2.332
3.604
3.098
3.906
1.545
3.496
2.948
3.055
2.923
2.948
2.93
3.796
3.989
3.388
3.187
1.586
2.64
3.792
3.309
2.298
2.03
2.654
3.423
1.792
1.562
2.438
2.423
3.967
3.199
1.843
3.551
3.343
1.897
3.174
2.839
3.739
2.232
2.923
1.79
3.706
2.408
2.295
3.789
3.322
3.1
2.837
3.759
1.51
1.851
2.743
2.517
2.33
2.616
2.117
2.157
3.875
Error de lectura!!!
2.032
2.533
3.311
2.195
2.085
2.198
1.632
1.612
2.054
3.184
1.878
2.575
1.879
2.172
3.531
2.992
1.801
3.189
2.503
2.843
3.569
2.047
3.318
2.338
1.563
3.646
1.78
2.724
3.497
3.095
2.974
2.448
1.872
1.576
2.898
3.52
2.151
3.816
2.093
3.974
3.059
2.198
2.178
3.076
3.994
2.63
2.852
1.574
2.996
3.543
2.985
2.744
3.043
2.5
2.13
2.164
2.941
3.017
3.482
2.333
1.985
2.82
3.379
2.842
2.116
1.977
1.561
1.746
2.459
3.426
3.292
2.883
1.953
1.57
2.555
2.372
3.796
2.254
3.381
1.839
3.442
1.778
2.284
3.852
3.472
2.694
3.422
3.471
3.337
2.243
3.973
2.72
2.058
3.557
1.876
2.025
3.194
2.73
3.4
3.663
2.696
3.587
1.905
3.384
3.413
1.947
1.919
2.222
2.891
2.685
1.964
2.761
3.567
3.544
1.853
3.078
2.967
2.722
2.402
2.583
2.463
2.241
2.441
3.4
2.915
3.457
1.818
2.692
2.584
3.468
3.076
1.745
3.373
3.655
2.497
3.871
2.504
1.598
2.766
1.927
2.878
1.544
3.741
3.472
1.695
3.106
1.52
2.327
1.542
3.127
2.468
2.359
3.369
2.114
3.667
2.092
1.886
1.747
2.647
1.586
1.897
3.991
2.062
2.613
3.876
3.847
1.709
3.449
2.307
2.634
2.091
3.153
3.561
3.356
1.675
2.21
3.568
3.58
2.919
2.852
3.877
3.049
3.512
2.406
2.507
2.742
2.918
2.657
3.526
3.397
1.652
3.211
2.199
2.93
2.81
2.421
3.977
3.022
2.388
2.567
2.662
3.645
3.763
1.552
1.916
3.359
2.81
3.306
2.437
3.85
2.228
3.834
2.243
2.921
3.429
3.406
2.444
2.523
2.454
1.686
3.637
3.203
3.789
2.575
1.757
1.735
3.134
3.854
3.402
1.957
1.679
3.735
3.358
3.013
1.538
3.788
3.093
1.847
2.15
2.758
1.699
3.845
2.582
1.897
3.891
1.868
3.482
3.006
1.597
1.872
2.957
1.85
3.395
2.18
2.446
1.532
3.942
3.355
3.203
1.872
3.211
2.35
3.738
2.668
3.544
3.339
2.386
1.625
3.19
3.453
3.166
2.308
3.105
2.111
2.927
2.109
1.876
2.699
3.561
2.115
2.549
2.374
3.97
3.39
2.521
2.582
2.845
3.079
1.95
3.983
3.923
3.972
3.368
1.529
1.62
2.523
1.633
3.119
2.299
3.114
3.934
2.789
3.04
3.886
2.824
2.452
3.073
3.052
1.58
2.883
1.642
2.392
1.704
3.655
2.694
2.586
2.468
3.697
3.538
1.572
2.378
3.715
2.191
3.315
3.003
2.735
2.274
1.613
2.753
2.733
1.811
2.099
2.909
2.97
3.628
2.417
2.148
2.322
2.478
3.732
3.689
1.88
1.59
2.901
2.628
1.895
3.406
3.559
3.44
2.551
3.338
2.565
1.781
2.487
1.615
2.617
1.805
3.829
2.547
1.56
3.855
2.871
3.563
2.583
1.993
3.187
2.925
3.192
2.605
2.061
2.405
1.915
1.728
2.319
2.11
3.241
2.713
1.659
1.635
3.079
3.777
1.965
2.342
3.211
2.285
1.922
2.998
3.358
2.639
2.171
2.607
2.678
3.234
1.664
3.349
3.464
3.108
2.412
3.26
2.179
3.883
3.587
3.804
2.882
2.558
2.046
2.591
3.699
2.092
2.998
3.865
3.688
2.86
3.077
3.932
2.002
1.945
3.956
3.742
3.539
3.032
2.624
2.985
3.82
2.344
3.929
1.657
3.125
1.8
1.568
1.758
2.419
2.373
2.179
2.277
2.089
3.859
1.948
3.928
3.974
3.971
2.639
2.23
3.367
2.362
3.637
3.022
2.659
1.782
1.708
2.093
3.864
2.083
3.101
3.673
3.247
2.566
3.205
2.757
3.92
2.084
1.861
2.379
3.927
1.89
3.986
3.615
2.523
2.048
1.671
2.677
1.736
2.649
2.231
2.396
3.62
2.558
3.588
2.583
3.545
2.739
3.774
3.796
3.498
3.193
2.638
3.779
3.682
3.92
2.353
3.371
3.536
1.676
2.47
1.681
1.903
2.498
3.387
3.186
3.776
3.327
1.98
3.255
2.207
2.865
1.814
2.961
3.944
2.063
2.134
2.173
2.603
3.251
3.443
2.899
2.073
3.216
3.856
1.856
1.904
3.568
3.876
2.478
1.629
2.919
3.714
3.775
2.716
2.372
2.417
2.815
3.125
2.956
3.562
2.814
2.804
3.215
2.034
2.818
3.502
2.73
2.816
3.006
3.267
3.742
2.954
3.859
2.244
3.445
2.9
1.515
3.079
1.935
3.956
2.63
3.399
3.943
3.318
3.782
1.539
2.844
2.4
2.392
3.608
2.978
1.534
3.307
2.742
2.863
3.966
1.925
2.437
2.808
3.929
2.321
2.067
2.098
2.149
3.27
3.129
1.961
1.617
1.832
2.903
3.272
3.966
3.499
2.246
1.618
2.884
2.109
2.128
3.376
2.084
2.495
1.968
1.699
3.794
2.849
2.211
3.042
3.373
2.159
3.7
3.024
1.708
3.587
2.533
3.132
3.892
1.56
2.064
3.82
3.928
1.62
2.407
2.497
2.404
3.597
3.594
2.503
2.641
2.233
2.852
2.634
3.247
2.448
3.646
1.627
3.482
3.183
1.555
2.573
3.402
3.114
3.469
3.118
3.912
3.097
3.865
1.895
1.885
1.9
1.738
1.791
Error de lectura!!!
3.91
2.063
2.625
2.009
1.638
1.523
1.854
3.861
2.278
1.66
2.9
2.828
3.128
3.156
2.006
2.364
3.904
3.507
3.812
2.58
3.222
3.714
3.432
1.524
2.407
2.655
2.4
2.133
3.435
3.313
1.6
3.253
1.715
1.564
2.299
1.894
1.673
2.394
2.475
1.908
2.186
3.647
1.808
1.864
1.723
3.216
2.476
1.66
2.843
2.176
3.017
3.094
2.509
1.743
3.375
3.114
2.115
1.836
2.856
2.594
2.667
2.098
2.698
3.871
2.728
2.366
3.345
2.507
3.191
3.727
2.777
3.707
2.817
1.546
1.946
2.252
2.494
3.927
3.933
1.85
3.906
3.901
2.895
3.715
2.699
2.954
1.577
1.774
3.694
2.161
2.819
3.699
2.532
2.493
2.186
3.831
3.491
3.384
2.468
2.769
2.81
1.981
2.069
2.646
3.221
3.945
3.787
3.498
1.725
2.797
2.465
2.078
3.574
3.162
3.678
3.384
2.244
1.524
3.183
3.128
1.551
3.813
3.461
2.687
2.678
1.588
3.854
3.836
2.912
1.776
2.48
2.599
2.102
1.772
1.706
3.584
2.107
3.208
2.034
3.769
3.335
1.721
3.246
2.057
1.824
3.43
1.933
3.543
3.635
1.844
3.575
1.578
1.616
2.249
1.58
1.717
3.107
3.543
2.574
2.224
2.359
2.346
3.675
3.744
2.704
1.583
2.794
2.095
2.415
3.73
3.499
2.102
3.678
3.102
3.576
2.438
1.902
2.141
1.602
2.383
3.963
3.084
2.972
2.975
2.094
2.772
2.396
3.149
2.697
1.921
3.43
2.789
2.822
1.52
2.859
3.412
1.55
1.742
1.789
1.956
3.373
2.342
1.876
2.132
3.918
2.962
2.777
3.574
3.244
3.262
3.86
1.59
2.14
3.214
2.64
2.061
1.569
3.391
2.317
1.938
3.605
3.584
2.671
2.29
1.798
3.421
1.617
2.083
3.005
3.33
1.825
2.828
3.408
1.925
3.561
2.476
2.695
2.035
3.867
2.857
1.829
3.823
2.924
3.902
3.096
2.5
3.397
3.606
2.569
3.354
1.878
3.665
3.222
1.567
2.914
1.59
3.216
3.779
2.169
2.184
3.913
2.429
2.503
3.804
2.485
1.57
1.758
2.761
2.154
3.454
3.141
1.538
3.093
2.911
2.842
2.695
1.598
3.047
3.199
1.687
1.732
2.158
2.923
1.776
1.874
2.741
1.77
1.562
3.745
2.495
3.616
2.274
2.038
2.348
3.249
3.718
1.607
3.16
3.716
2.416
3.295
3.441
1.695
3.097
2.651
2.661
1.736
3.666
2.483
1.94
1.731
3.762
2.686
2.642
3.117
2.106
3.14
2.454
1.967
3.244
2.816
3.898
3.029
1.547
2.335
2.905
2.848
1.755
3.411
2.406
1.617
3.646
2.372
3.766
2.728
1.709
2.777
1.666
1.645
2.79
2.594
1.668
2.254
2.164
3.39
3.809
1.652
2.363
2.63
2.849
3.939
1.879
2.703
2.504
2.63
2.384
3.541
2.056
3.786
1.523
1.523
2.52
3.087
2.938
1.705
3.182
3.68
3.755
2.67
1.854
2.535
2.664
3.642
2.245
3.38
3.172
2.949
2.675
3.186
3.112
1.513
3.039
3.006
1.835
2.173
3.684
1.928
3.553
2.962
3.472
3.979
3.986
1.949
3.162
2.567
3.199
2.739
3.982
3.761
2.23
3.364
3.567
3.145
3.296
2.082
3.959
2.879
3.469
1.814
3.26
3.611
3.688
2.498
3.983
3.073
3.309
3.874
1.662
3.592
3.859
3.423
3.086
3.626
2.051
2.48
1.907
1.795
3.302
3.503
3.675
3.298
3.514
3.315
2.444
1.797
3.252
2.93
1.661
3.108
2.975
3.526
3.605
2.422
3.139
3.575
3.011
1.752
1.861
2.821
3.33
3.051
1.995
3.428
3.215
3.402
1.513
3.038
1.928
3.529
1.862
2.125
1.823
3.027
1.642
3.387
3.456
2.787
2.047
1.989
2.108
2.566
3.769
1.739
1.517
2.061
2.398
1.762
3.369
3.299
2.746
2.444
2.458
3.219
3.769
2.503
1.584
1.844
2.496
3.637
2.972
3.154
3.03
3.209
2.803
1.791
2.064
1.747
1.871
3.295
2.426
3.838
2.713
1.815
1.549
3.944
3.472
3.432
2.99
1.883
3.613
3.859
2.677
2.465
3.47
3.347
1.911
2.634
3.221
2.553
2.952
2.668
2.273
2.757
3.721
1.927
3.049
3.672
2.789
2.727
3.62
1.588
3.411
1.725
1.866
3.259
3.958
3.135
2.768
2.114
2.391
1.507
2.143
1.571
2.735
2.403
3.79
3.767
2.795
1.853
2.71
2.968
2.138
3.66
2.254
3.75
2.722
1.776
3.961
3.73
3.366
2.754
2.694
1.827
3.913
1.54
2.101
1.989
3.358
2.505
1.959
1.552
1.814
2.663
1.512
2.719
2.376
2.323
1.545
2.248
1.77
2.387
1.685
1.667
2.28
3.249
2.758
1.905
2.908
3.574
2.167
3.778
2.54
2.001
1.975
3.722
2.426
2.995
2.024
1.889
1.741
1.594
2.996
2.774
2.488
2.586
1.622
3.032
3.37
2.24
1.898
3.843
3.264
2.449
1.773
3.726
2.459
3.573
1.516
3.487
2.139
2.756
3.75
1.634
2.278
3.136
3.628
2.824
1.519
2.168
2.399
3.593
3.037
1.793
2.912
2.655
3.758
3.654
1.679
2.043
3.62
2.655
1.66
3.075
3.568
3.192
1.867
2.45
1.792
3.726
2.024
3.963
1.723
3.991
1.885
2.893
2.251
1.619
1.754
2.952
3.001
1.874
3.105
2.64
2.127
2.502
3.799
2.945
3.5
1.668
3.049
2.33
3.3
1.554
2.271
1.902
1.712
2.398
1.958
2.648
2.222
2.839
2.743
2.745
1.665
1.979
3.625
3.46
3.16
2.939
1.63
3.309
2.889
2.77
3.504
2.364
1.802
2.956
2.557
3.056
3.307
2.08
3.134
1.602
3.999
2.754
2.15
1.967
1.586
1.887
2.863
3.475
1.991
3.961
3.508
1.862
1.732
3.048
3.826
3.885
2.66
3.607
2.115
3.401
2.842
3.099
2.143
3.609
2.091
2.118
1.638
2.931
3.441
2.928
3.396
3.967
3.826
2.029
3.887
2.608
2.337
3.551
3.703
1.871
2.317
2.04
3.861
2.044
2.203
1.909
3.185
2.312
2.457
2.427
2.53
3.366
2.096
2.935
2.179
2.464
3.608
1.884
2.445
3.01
1.849
3.986
2.374
2.966
3.92
1.607
2.492
3.928
3.383
3.786
2.733
2.961
2.325
3.216
3.007
1.826
1.877
3.582
2.362
2.428
3.666
1.919
3.739
2.711
3.83
3.769
2.356
3.526
2.614
3.592
1.51
1.568
2.858
2.712
3.692
2.232
3.877
2.912
2.454
3.568
3.508
2.293
1.828
1.686
2.818
1.531
2.972
3.647
2.527
1.962
1.987
3.29
2.841
2.681
1.518
2.405
2.764
2.536
1.958
2.387
3.901
2.44
2.76
2.1
3.885
2.09
2.316
3.387
2.534
2.173
2.808
2.109
2.663
1.537
2.623
3.777
2.464
3.649
2.506
3.701
3.628
3.914
2.556
3.403
3.523
2.848
2.2
2.482
1.583
2.896
2.088
2.613
1.749
3.812
1.703
3.802
3.019
3.902
2.581
1.686
3.712
2.352
2.177
2.726
2.291
2.979
3.596
3.201
2.159
2.549
2.036
3.21
1.706
2.72
2.222
1.73
2.238
2.654
3.742
3.861
3.867
2.269
3.194
1.626
2.143
1.633
2.219
2.011
1.844
2.303
3.027
3.611
3.832
2.58
2.001
3.664
1.563
2.688
1.851
2.467
1.657
3.273
1.728
2.16
3.965
1.799
2.72
3.022
1.839
3.04
3.347
2.179
3.994
2.197
2.83
2.858
2.193
1.503
3.784
2.46
1.747
3.01
2.888
2.781
1.877
2.276
2.705
3.405
3.868
3.847
3.243
2.64
2.717
3.848
3.275
2.624
1.816
2.236
3.414
2.886
2.793
2.012
1.76
3.664
1.654
2.145
1.706
2.164
3.231
2.329
2.749
3.515
3.462
1.841
2.382
3.278
3.284
2.946
3.502
3.925
2.75
1.877
3.1
3.809
3.691
2.703
1.776
3.608
2.985
3.838
2.638
2.115
2.393
2.692
1.768
3.064
3.209
3.938
3.824
3.144
2.297
1.665
3.86
1.742
3.412
3.637
2.429
3.827
2.899
2.007
2.752
3.452
3.566
3.15
3.884
2.944
1.767
3.026
2.782
1.618
1.515
3.534
3.219
2.31
2.458
1.559
3.838
3.65
2.401
2.042
3.509
3.5
2.076
3.001
3.554
3.615
1.507
3.642
2.991
1.845
2.565
3.588
2.616
1.707
3.012
3.034
1.868
2.927
2.29
3.107
3.367
2.118
1.612
3.895
3.48
2.409
1.511
3.247
2.065
3.227
3.884
2.417
3.38
3.131
3.585
1.674
2.792
1.852
1.884
2.279
1.76
3.814
2.942
3.498
3.822
2.014
1.64
1.712
2.122
2.533
1.933
3.842
3.87
3.288
2.538
2.524
3.025
2.339
2.051
2.146
1.958
1.647
3.284
2.453
2.038
1.58
2.488
1.698
3.932
3.219
3.593
1.524
3.718
1.882
2.317
1.944
2.739
2.627
3.154
2.596
1.943
2.596
2.921
3.173
1.588
3.925
1.866
2.169
2.285
1.736
3.363
3.927
2.183
3.638
2.951
3.129
3.788
2.874
3.183
3.187
2.79
1.979
3.909
2.656
1.75
2.635
2.395
2.256
2.039
1.904
3.084
3.73
2.448
3.062
3.74
2.95
2.132
1.999
2.52
2.212
2.467
1.658
2.185
3.925
2.108
3.756
2.766
1.808
3.393
2.594
3.623
3.405
3.588
1.914
3.228
2.427
1.74
3.502
2.195
3.626
2.931
2.333
2.511
3.675
3.615
3.82
3.71
2.236
2.541
3.882
1.814
3.675
2.071
1.635
3.605
1.613
1.803
3.534
1.993
2.766
1.996
2.318
3.822
2.7
1.779
2.126
3.398
2.033
2.532
3.066
3.408
3.556
2.84
3.728
2.055
3.43
1.547
2.649
3.38
1.951
2.834
2.164
3.043
3.172
3.173
2.819
2.831
3.393
2.193
2.593
3.031
3.311
2.745
3.669
3.866
2.296
3.29
1.585
2.94
3.979
2.331
3.494
2.762
1.827
2.145
3.018
2.398
2.268
2.561
3.397
3.172
2.427
1.71
3.15
3.344
2.006
2.551
2.209
2.679
1.976
1.577
2.012
2.32
3.548
3.118
2.609
1.812
3.035
3.745
2.963
2.91
1.75
2.91
2.505
3.622
3.371
3.766
3.678
3.053
2.757
2.148
3.816
2.739
1.948
3.389
2.283
1.878
2.379
3.489
2.507
2.385
2.015
3.417
3.886
1.941
2.998
3.611
1.758
3.527
2.183
3.252
3.58
2.359
1.696
2.115
3.464
2.169
3.835
2.928
3.55
2.842
1.707
1.631
3.984
2.815
1.815
3.897
3.911
2.844
2.573
2.408
3.678
3.983
3.724
3.81
3.658
3.62
2.172
2.071
3.495
1.573
3.828
3.36
2.765
1.889
3.91
3.477
3.455
2.932
3.475
2.028
2.218
3.048
2.281
3.001
2.357
2.616
3.593
2.758
2.176
2.751
3.668
3.384
3.705
3.824
3.2
2.316
2.988
1.695
1.791
1.765
2.125
3.194
1.848
1.723
3.199
2.104
2.421
2.921
2.809
1.813
3.025
3.848
2.731
2.579
1.692
1.933
1.659
2.137
3.485
2.624
2.772
3.979
2.081
2.835
2.54
3.941
1.974
2.262
3.981
1.914
3.924
2.417
3.319
2.671
3.675
3.864
2.67
2.885
3.95
1.952
1.774
2.237
2.963
3.741
2.815
2.79
2.909
3.958
2.77
2.029
3.502
2.197
1.731
2.599
2.106
3.17
3.365
2.916
2.225
2.326
1.542
1.565
2.105
3.373
2.544
3.571
2.309
2.876
2.892
2.498
2.125
1.821
3.048
1.61
3.291
1.696
3.316
2.537
2.976
1.606
1.576
2.933
3.501
2.582
2.234
3.785
1.943
3.429
2.523
2.907
3.671
3.906
1.843
3.786
1.564
3.894
2.93
1.75
2.098
2.787
2.215
2.197
1.958
2.344
1.841
1.835
1.932
2.264
3.262
2.616
3.364
3.716
1.542
3.747
1.5
1.948
2.99
2.606
2.582
3.565
2.421
2.928
2.53
2.054
1.771
3.301
2.66
2.574
3.397
2.306
1.817
3.499
3.494
2.339
1.931
3.038
3.306
1.812
3.456
3.537
2.962
2.32
2.004
2.983
2.518
2.307
2.186
2.271
3.619
2.763
2.408
1.917
2.158
3.544
3.823
2.156
2.688
1.69
3.76
3.563
3.525
2.802
2.992
1.91
3.382
2.043
3.861
2.733
3.827
3.309
2.146
2.897
2.584
1.526
2.496
2.645
3.095
2.423
3.641
2.637
1.663
2.002
2.895
3.067
2.938
3.821
1.628
3.372
2.64
2.513
2.39
3.318
2.879
2.606
2.818
3.146
2.704
3.229
3.572
1.508
2.524
2.418
2.846
3.56
1.857
2.02
2.447
3.689
3.414
3.046
1.685
2.131
3.274
3.595
3.962
3.293
2.276
2.606
1.692
2.816
3.403
2.124
1.833
2.908
2.717
3.891
2.152
3.189
3.023
2.05
3.426
3.871
3.031
2.996
1.69
2.314
2.369
3.846
3.484
3.769
2.663
3.252
3.692
2.283
2.308
3.796
3.877
3.415
1.994
3.394
3.746
3.026
1.881
2.941
3.356
2.186
1.996
2.662
2.297
3.762
3.931
2.523
2.421
3.174
3.29
1.835
2.956
3.792
3.172
3.019
2.726
3.41
2.329
3.656
3.329
2.836
2.398
2.818
3.975
2.622
3.56
3.339
2.11
1.514
3.86
3.609
3.396
2.958
3.755
3.061
2.808
2.965
3.285
3.653
3.426
2.751
2.162
2.982
2.854
2.729
3.466
3.219
2.714
2.152
3.336
2.107
3.936
1.875
2.016
2.104
3.124
3.172
2.126
2.94
3.11
2.937
3.609
1.893
3.404
2.114
1.966
1.577
2.68
2.754
3.924
2.481
2.037
1.973
1.564
1.618
3.73
2.349
1.612
3.275
3.08
1.843
2.357
1.506
3.713
2.905
2.981
2.863
3.005
2.48
3.698
3.97
3.131
1.855
1.983
2.94
1.665
2.172
1.502
1.741
2.221
2.673
2.499
2.789
2.41
2.298
2.419
3.244
2.248
3.192
2.356
3.376
3.174
2.798
2.655
3.667
2.064
3.768
3.402
3.283
3.851
1.854
3.778
2.277
2.905
2.054
2.957
3.446
2.486
3.67
3.141
2.468
1.634
1.506
3.657
2.306
2.629
3.176
2.833
1.857
3.913
2.81
2.766
3.741
3.442
3.695
2.684
3.212
1.644
3.247
2.99
2.323
3.325
3.646
2.003
2.653
3.633
3.23
1.723
3.636
1.971
2.903
1.575
3.488
2.507
2.569
3.292
3.384
2.799
2.808
2.492
3.01
3.855
2.702
2.784
2.882
3.914
2.967
2.613
3.028
3.239
3.53
3.736
2.781
2.315
2.462
3.342
2.07
1.628
2.885
2.637
2.031
3.497
1.914
1.934
2.224
3.397
3.482
3.991
2.59
3.032
1.738
3.532
1.649
1.537
1.555
2.245
3.167
3.473
1.787
2.694
3.304
2.523
3.26
1.941
2.816
3.446
1.772
3.172
1.68
2.445
3.216
2.731
3.044
3.578
3.702
2.335
1.689
1.759
2.876
3.245
1.808
3.516
1.879
2.381
1.556
1.782
2.919
3.55
2.711
2.986
1.537
1.637
1.656
3.266
2.042
1.815
1.801
3.345
2.701
2.041
3.302
3.034
1.718
2.848
2.949
2.507
3.672
2.85
2.664
2.273
1.943
1.913
1.857
3.797
3.115
2.324
3.97
1.883
2.968
2.045
3.501
1.771
3.121
1.815
3.656
1.51
2.035
3.643
2.37
1.885
3.049
3.682
2.824
1.52
3.779
1.795
1.921
1.971
2.692
3.964
2.65
2.844
2.495
3.79
2.742
2.274
2.0
2.367
2.91
1.813
2.803
2.491
3.2
2.965
1.736
2.936
1.647
2.951
1.533
3.267
2.222
2.761
3.888
3.434
1.971
3.029
3.946
2.109
3.369
1.908
3.52
3.029
2.097
1.734
2.433
2.03
3.812
1.584
2.858
3.748
3.898
2.305
3.981
2.467
2.118
3.813
2.627
3.035
3.746
3.91
1.526
3.959
2.506
2.739
2.504
2.663
2.637
2.855
2.584
3.961
2.705
2.018
2.669
3.505
2.446
2.12
2.503
3.984
1.884
3.506
3.013
3.349
1.522
3.329
1.923
2.527
3.615
3.344
2.059
2.254
3.363
2.874
2.969
3.369
3.136
3.378
1.5
3.193
1.546
3.219
1.646
3.989
3.826
2.0
3.479
3.417
2.328
2.643
1.829
2.601
1.965
1.571
1.86
3.531
2.647
1.85
2.12
3.328
1.8
3.033
3.79
3.838
2.921
3.944
3.634
1.658
2.564
3.076
3.247
3.289
3.62
3.48
2.397
2.219
2.814
3.866
1.752
2.725
3.254
3.033
1.68
2.928
2.186
3.934
1.595
2.772
2.456
3.688
3.379
1.885
3.752
3.615
2.632
3.343
2.23
2.709
1.907
3.346
2.495
3.877
2.299
2.421
3.24
2.603
1.8
1.506
2.135
1.583
1.919
2.663
3.948
2.427
2.09
2.013
3.82
3.047
2.17
2.307
2.979
3.881
1.517
2.075
2.684
1.543
2.827
3.742
3.111
3.57
2.123
3.908
3.743
1.555
1.903
3.125
2.397
2.09
2.812
3.749
3.374
3.828
3.717
1.63
1.967
3.969
3.169
3.875
2.723
3.022
3.951
1.517
3.587
2.603
1.538
2.503
3.99
3.194
1.642
1.922
1.816
1.689
2.802
2.453
1.714
2.012
2.39
3.865
2.519
1.891
3.727
2.792
2.527
3.244
1.953
1.602
3.656
3.019
3.535
2.26
1.959
2.637
3.397
3.866
1.681
2.872
2.253
3.356
2.547
3.175
2.983
2.886
2.834
3.059
2.121
2.506
3.077
2.369
3.534
3.07
2.12
1.671
2.204
2.957
3.144
2.007
2.374
2.731
2.003
2.091
2.159
3.858
2.134
3.829
3.621
2.226
1.513
3.839
1.667
3.388
2.83
2.692
1.799
2.477
2.614
2.666
2.18
3.894
1.833
3.234
2.222
1.899
2.488
2.555
3.907
2.702
2.271
3.794
3.927
2.516
2.172
2.797
1.715
1.989
2.475
2.912
2.247
1.63
3.123
3.205
2.532
3.817
2.826
2.814
1.64
3.851
1.931
3.015
2.986
3.436
1.832
1.7
3.304
2.23
2.193
3.639
3.464
2.84
2.312
2.538
1.964
3.623
2.856
2.383
3.976
1.575
2.531
1.81
2.114
2.217
2.167
3.303
1.723
3.834
3.794
3.391
2.476
3.332
3.986
1.957
3.038
2.816
1.82
1.505
3.156
2.86
2.909
3.494
2.701
2.923
1.925
3.135
2.088
1.507
3.268
3.401
3.928
2.162
3.846
1.58
2.324
3.033
2.083
3.162
2.763
2.917
1.551
3.665
3.307
1.713
2.776
1.688
2.342
2.827
1.911
2.988
1.793
1.562
3.273
3.934
3.215
1.728
3.569
2.886
3.994
3.049
3.002
3.683
2.326
1.61
2.076
2.008
2.017
2.279
3.476
2.373
3.11
3.913
3.662
3.204
2.026
2.751
2.759
2.841
3.074
3.233
1.997
3.11
2.709
1.689
3.114
2.911
1.704
3.319
3.549
2.373
2.752
3.167
3.948
1.666
2.983
1.69
3.32
2.541
3.376
2.496
3.522
1.582
2.794
3.803
3.709
3.071
2.973
1.859
2.088
1.961
2.068
2.748
2.207
1.634
3.832
3.376
2.907
2.431
1.946
2.464
2.306
2.273
2.25
3.62
3.975
2.972
58.441
3.459
3.594
3.883
3.163
1.676
2.083
3.958
3.76
2.185
3.001
1.963
3.935
2.579
3.91
3.897
3.741
3.446
3.499
1.995
2.162
3.877
2.699
3.85
2.983
2.085
2.351
3.98
2.946
2.769
1.758
1.607
3.59
1.762
3.528
1.913
2.289
2.837
1.606
2.66
3.894
2.78
2.595
2.47
2.983
2.873
2.77
2.473
2.193
2.51
2.494
3.455
3.895
2.247
3.736
2.644
3.211
3.699
2.001
2.649
3.765
3.87
2.562
2.211
3.444
3.166
3.287
2.625
3.743
2.349
3.532
3.957
2.403
2.827
3.598
2.925
1.845
3.697
2.763
2.367
3.331
2.28
3.928
3.971
3.038
1.941
2.224
1.946
2.889
1.902
2.265
2.174
1.779
2.794
3.803
2.103
2.53
2.457
3.892
1.723
3.595
3.674
3.818
3.293
1.785
3.776
3.394
1.93
1.693
2.129
3.626
3.392
2.852
3.227
1.816
3.192
2.291
2.701
3.81
2.979
2.008
3.762
3.189
2.946
1.781
3.82
3.066
2.753
2.189
1.699
3.391
3.716
2.336
3.365
1.823
3.484
3.142
1.538
3.797
2.916
2.607
3.799
3.333
3.58
3.362
2.02
3.401
3.062
2.699
2.862
1.961
3.792
2.731
3.713
3.7
2.033
2.62
2.119
1.736
1.547
1.592
3.836
3.287
3.95
2.948
3.678
1.8
2.819
1.685
2.824
3.858
2.47
1.815
1.824
3.799
2.184
2.641
2.767
2.917
3.301
1.772
2.185
2.123
2.514
3.916
3.023
1.696
2.099
3.769
2.329
3.415
2.617
2.42
1.861
2.246
3.304
3.078
2.098
3.627
3.195
1.525
2.564
2.778
1.732
3.286
1.614
2.102
1.541
2.467
1.508
2.594
3.626
1.541
3.024
3.234
3.356
1.66
2.82
1.908
3.222
3.239
1.923
3.445
2.277
1.64
1.628
3.519
2.082
1.944
3.372
2.783
3.478
3.704
1.627
2.821
2.354
1.851
3.684
1.671
3.038
2.23
1.527
1.85
3.539
2.702
3.353
3.056
3.341
2.418
2.43
3.198
2.092
2.814
2.657
2.996
3.325
3.545
2.149
3.923
2.115
2.05
3.649
3.361
3.735
2.962
3.904
3.739
3.134
3.98
3.567
1.877
1.968
3.28
2.645
3.824
2.345
3.729
2.105
2.687
1.538
3.353
1.965
3.961
2.691
1.997
3.934
3.856
3.37
3.666
2.733
1.936
3.644
1.648
2.606
1.671
1.976
2.126
3.191
3.315
2.69
3.742
3.922
2.482
3.641
2.821
3.119
2.749
2.207
3.222
2.768
3.889
3.873
2.934
3.102
2.553
1.813
1.74
2.112
2.858
3.999
2.713
2.29
1.55
2.656
3.862
2.543
3.027
2.29
3.828
1.681
2.509
2.013
3.968
2.857
2.078
3.519
3.66
2.922
1.876
1.757
1.568
3.654
2.945
1.599
2.135
1.787
1.846
2.819
3.984
3.064
2.979
2.141
2.417
3.097
3.389
2.672
1.809
2.019
3.474
3.484
1.678
2.742
3.571
2.861
3.732
3.142
3.525
2.271
1.536
2.977
3.841
2.767
3.799
1.534
1.981
1.882
2.569
3.215
3.514
3.533
1.558
2.782
2.667
3.561
2.233
3.981
3.795
2.045
2.047
3.012
3.712
3.648
2.104
1.987
3.992
2.24
2.866
1.974
2.194
3.136
Error de lectura!!!
2.242
2.041
2.072
3.895
1.997
3.446
2.703
1.599
3.51
3.599
3.355
2.939
1.986
3.2
3.441
2.619
3.679
3.588
1.737
2.625
1.982
2.471
2.6
2.515
3.329
3.512
2.952
1.682
2.195
3.653
1.959
1.932
2.614
3.823
1.673
2.227
2.696
2.781
3.218
2.779
3.505
2.955
2.532
3.48
3.701
3.536
1.919
2.782
3.333
3.868
3.904
2.291
3.974
3.665
1.737
3.61
3.112
3.745
3.302
3.976
2.475
2.061
1.64
2.507
3.883
3.095
2.765
2.882
2.494
2.698
1.727
2.74
2.819
3.02
1.958
1.814
3.312
1.875
3.535
2.632
3.87
2.608
1.939
3.906
2.696
2.982
1.976
3.681
2.367
1.964
3.592
3.603
2.707
3.915
1.531
3.087
2.834
3.22
3.05
2.243
3.41
2.489
1.526
3.834
3.002
1.788
2.201
3.685
3.865
2.834
3.234
1.771
2.698
3.136
2.994
3.914
3.083
3.435
3.583
1.727
1.71
1.883
3.838
1.752
2.86
2.085
1.611
3.648
2.301
3.867
3.046
3.787
1.845
2.465
2.153
2.375
2.853
3.166
1.521
2.264
2.551
3.37
3.547
3.651
3.963
2.965
3.551
1.55
1.652
1.522
2.267
1.716
3.102
2.321
2.878
2.506
3.674
3.937
3.2
2.462
3.954
3.516
2.701
2.986
3.51
2.238
2.742
1.92
3.022
2.234
1.955
3.451
1.566
1.77
1.661
1.691
1.65
3.492
3.947
2.645
3.136
1.953
2.562
2.136
2.72
3.199
3.484
2.39
3.545
3.774
3.838
3.987
2.223
3.549
3.504
2.331
