3.103
3.862
2.433
3.048
2.772
3.031
1.926
3.224
2.835
1.566
2.156
2.47
2.702
3.976
1.504
2.382
2.952
1.518
3.362
2.018
2.507
3.47
3.613
3.107
1.863
2.296
3.547
3.39
2.856
2.156
3.991
3.62
2.804
3.664
2.657
3.024
3.697
1.811
2.384
3.659
2.926
2.37
1.636
2.211
3.657
2.126
2.43
1.52
3.42
1.662
2.682
2.918
1.735
2.74
2.423
3.913
2.375
3.422
3.672
2.832
2.533
3.083
1.589
2.555
2.363
2.83
3.179
2.321
2.353
2.69
2.826
3.92
3.811
2.869
2.76
1.624
3.413
1.695
2.047
2.534
2.169
3.204
1.877
2.776
3.692
1.953
3.639
3.17
3.086
3.666
2.298
3.685
3.957
2.083
3.358
3.946
2.063
2.389
1.905
3.347
3.375
2.805
2.37
2.141
2.025
2.28
3.486
1.831
3.89
2.26
1.538
3.594
3.583
2.402
1.987
3.735
2.803
2.303
2.077
3.05
2.299
2.529
1.889
2.887
2.474
2.226
1.92
2.003
2.668
2.363
3.37
2.967
1.563
2.859
3.553
3.637
2.453
1.693
3.626
2.633
1.911
1.773
3.411
2.481
3.156
2.063
1.72
3.948
2.26
2.351
2.903
3.023
3.81
2.76
3.283
3.957
2.311
3.998
2.142
3.626
1.748
2.889
1.681
2.56
2.918
1.775
3.315
1.926
2.749
3.294
3.428
2.049
3.279
2.826
3.989
3.487
1.784
1.798
3.616
3.211
2.846
2.075
1.927
3.917
2.279
2.79
1.516
3.065
2.02
2.325
2.174
2.014
2.817
2.164
1.767
3.235
1.584
2.067
3.601
3.924
1.744
2.406
1.888
3.065
3.12
2.632
2.427
1.851
2.584
2.97
2.371
1.542
1.902
1.533
1.628
3.795
3.676
2.376
3.796
3.137
2.138
2.166
2.194
2.783
1.655
2.291
1.891
2.269
2.994
1.768
2.25
3.457
1.604
1.892
3.404
2.467
2.562
3.021
2.031
3.527
2.068
2.887
2.162
2.067
2.026
3.772
3.85
1.92
2.666
3.276
2.229
3.849
2.034
3.224
3.588
3.456
3.422
2.023
2.458
2.512
2.438
3.402
1.677
2.349
2.835
3.727
3.455
2.146
2.273
2.794
3.386
1.909
3.949
3.102
2.806
2.635
2.356
3.188
2.188
2.47
1.714
3.265
1.853
1.923
1.513
3.172
3.239
3.395
3.602
3.217
2.495
2.93
2.606
3.354
2.316
3.338
3.103
3.894
2.267
3.079
3.778
3.854
3.856
3.186
3.68
3.081
2.065
3.815
2.202
2.903
1.511
2.743
2.398
3.333
3.125
2.367
3.621
2.594
2.277
2.591
3.375
2.924
3.661
2.338
2.979
3.926
2.902
2.062
1.705
2.864
3.081
2.514
2.246
3.441
2.221
3.583
3.028
2.389
2.854
1.754
3.056
2.251
3.633
3.607
2.652
1.694
2.42
3.922
3.194
2.642
3.122
1.882
2.645
3.314
3.77
2.203
3.509
2.285
2.744
1.59
3.179
3.82
3.68
2.265
1.856
2.033
1.582
3.756
2.374
1.544
1.745
3.859
1.616
2.821
3.343
3.032
1.976
3.673
1.705
1.737
3.017
2.938
3.441
2.737
2.072
3.879
3.535
3.937
3.917
3.098
3.027
3.932
2.857
2.259
3.625
1.748
2.385
2.466
1.984
3.042
3.422
2.719
1.996
3.932
2.926
2.553
1.535
3.092
3.316
2.872
3.278
3.283
2.109
2.316
1.916
2.895
3.459
2.625
3.012
2.876
2.192
1.793
3.044
2.831
1.958
3.327
3.1
3.865
2.611
2.763
3.814
2.394
2.034
2.106
2.057
3.293
2.427
2.808
2.168
2.89
1.715
2.829
2.952
3.662
1.786
2.701
3.13
2.815
2.766
2.599
2.972
1.534
3.988
2.016
2.105
1.783
2.392
2.252
3.873
2.452
2.452
1.968
2.121
2.029
2.93
1.824
3.58
2.947
2.241
2.431
2.229
3.739
3.94
1.987
1.686
1.894
2.665
3.328
2.457
3.059
3.512
2.718
2.199
3.336
2.392
2.672
3.169
2.067
1.703
3.022
3.536
1.917
2.186
1.689
1.595
2.983
3.474
1.733
2.01
3.253
2.047
2.239
1.513
3.524
3.32
2.045
2.0
2.098
3.174
2.817
3.77
2.921
2.255
3.341
1.697
2.684
2.588
3.314
3.326
3.316
2.238
2.876
2.812
3.154
2.731
3.802
3.603
2.382
2.668
2.724
2.837
3.796
3.085
3.768
2.598
3.041
2.305
1.74
3.95
1.673
3.337
2.805
1.564
1.53
2.529
2.051
3.411
3.91
2.913
3.289
1.912
2.939
2.227
3.902
2.219
3.28
2.359
3.061
3.882
3.86
2.496
2.221
1.501
3.379
2.869
2.734
3.789
2.596
3.859
2.922
3.722
2.514
2.784
3.225
3.915
1.938
2.271
2.051
1.529
3.316
2.192
3.728
2.133
3.735
1.522
2.177
1.556
3.31
3.84
2.439
3.851
1.92
2.619
3.666
2.665
2.616
3.298
1.932
1.759
2.572
3.965
1.787
3.836
1.905
1.788
2.217
1.692
3.702
3.022
1.801
2.618
2.029
1.645
2.545
2.781
3.068
2.457
2.934
3.217
2.421
2.3
2.599
3.201
2.916
2.712
2.515
1.902
1.936
3.283
3.217
2.838
2.943
1.956
2.671
2.831
3.212
2.322
2.696
1.689
1.968
3.252
2.644
2.265
2.429
2.672
3.58
2.863
1.698
3.607
3.45
2.513
1.984
1.999
3.972
1.558
3.274
1.881
3.17
3.516
3.228
2.618
3.976
3.576
3.422
2.237
3.106
1.604
3.895
1.744
2.68
1.617
3.474
3.303
2.363
2.268
3.5
3.598
2.83
3.72
1.668
3.642
1.579
2.871
2.607
3.007
3.499
3.348
2.83
3.479
2.475
2.615
1.799
3.471
2.762
1.69
1.537
2.019
3.599
3.195
3.153
2.341
1.636
2.726
3.635
2.038
1.502
3.488
1.783
2.0
2.082
1.998
2.695
3.087
3.598
2.37
3.537
3.533
2.366
2.872
1.781
3.407
1.947
2.885
3.514
1.554
3.925
2.296
3.593
3.921
2.717
1.855
2.867
3.052
3.929
2.764
3.127
1.59
3.32
2.137
2.756
1.662
3.733
2.23
1.989
2.554
1.587
2.635
2.084
2.293
2.008
3.267
3.945
1.587
1.731
2.855
2.25
2.922
2.115
1.714
2.661
1.986
2.385
2.84
3.416
2.999
3.843
2.526
3.382
3.596
2.381
2.621
3.682
3.928
3.91
3.033
1.877
1.979
1.804
2.116
1.694
2.114
3.413
2.113
1.825
1.911
2.05
2.635
1.59
1.821
1.69
2.525
3.653
3.378
2.078
2.44
2.818
2.911
2.946
2.105
2.237
1.746
1.985
3.227
1.623
3.806
2.408
3.922
2.369
3.639
2.71
3.982
3.898
3.521
3.73
3.237
2.908
3.204
2.729
3.465
3.311
2.178
3.012
3.461
2.918
2.765
3.653
2.946
2.985
2.925
2.347
1.672
2.654
1.86
2.759
3.774
3.562
3.684
2.11
1.766
2.283
3.943
1.619
3.747
1.958
2.566
2.635
2.529
1.985
2.904
3.049
3.911
1.634
2.41
2.079
2.042
2.714
2.237
2.168
1.788
3.278
3.487
3.949
3.716
2.949
2.051
3.366
2.598
3.835
3.28
2.404
2.875
3.171
2.925
2.942
3.518
2.422
3.305
1.957
3.695
3.762
2.62
3.718
1.804
2.05
3.03
1.719
3.147
2.203
3.554
1.528
3.625
2.984
2.036
1.991
3.814
2.712
1.638
2.045
2.553
2.974
2.807
3.795
1.921
2.638
2.33
3.003
3.293
3.371
3.761
1.703
3.406
2.461
2.358
2.736
3.668
2.952
2.356
3.663
3.842
2.274
3.562
3.036
1.833
2.212
2.436
1.572
3.836
2.242
2.471
2.487
3.212
2.035
3.865
2.465
3.548
3.382
2.223
2.986
1.772
3.527
3.837
3.709
2.123
1.5
2.687
1.534
3.084
2.103
3.318
2.963
1.877
2.716
2.058
2.617
2.15
2.76
3.758
3.656
3.289
1.676
3.046
3.034
2.84
1.845
3.741
3.991
2.099
2.792
3.904
2.231
2.98
3.996
2.027
2.081
2.917
1.697
2.726
2.44
2.395
3.008
3.127
2.931
3.194
1.959
1.842
2.781
2.253
2.568
2.908
2.925
3.075
2.739
2.509
2.177
2.457
3.008
2.309
2.486
2.076
3.663
3.877
2.476
3.864
3.714
3.689
3.721
3.342
3.79
2.98
2.799
3.735
3.078
2.143
3.144
3.65
2.088
3.685
2.862
2.428
1.716
3.763
3.394
2.129
2.512
2.459
3.136
2.703
3.722
2.982
3.211
2.515
3.577
2.722
2.332
2.778
3.822
3.791
3.043
3.81
3.551
3.584
3.622
1.818
2.3
3.086
2.182
2.639
2.856
2.035
3.115
3.218
2.143
2.906
1.506
2.504
1.592
2.424
2.071
2.668
1.624
3.797
1.704
2.339
2.484
1.927
3.555
2.175
1.702
2.852
2.561
3.205
3.799
1.807
2.129
2.558
1.742
2.327
1.802
3.978
2.096
2.985
1.944
3.375
3.555
3.909
3.231
1.967
1.526
2.563
1.577
3.475
3.886
2.634
2.558
3.025
2.713
1.949
3.873
1.858
3.205
2.804
3.536
3.468
2.867
3.056
2.001
2.138
3.73
2.821
2.117
1.762
3.53
3.25
2.048
2.888
2.042
1.762
1.863
3.329
3.209
3.888
3.722
3.148
1.794
2.545
1.907
3.011
2.563
3.542
2.245
2.458
2.308
1.766
3.142
3.356
2.959
2.418
2.338
2.808
1.712
3.215
2.71
3.663
2.784
1.564
1.503
3.952
3.214
1.867
2.602
3.278
2.747
2.193
1.809
2.414
1.555
2.898
2.921
2.76
3.972
2.261
2.268
2.16
3.882
3.33
2.01
2.547
2.06
2.131
1.643
1.956
1.601
1.691
1.96
2.842
1.601
2.353
3.049
2.025
3.643
3.756
2.368
1.7
1.877
2.475
2.339
3.092
2.39
3.116
2.123
2.613
2.386
3.523
3.9
3.771
3.248
3.454
2.391
2.352
3.029
2.697
3.838
1.739
3.454
2.569
3.923
3.321
1.732
1.84
3.021
3.847
2.49
2.111
2.087
2.445
1.525
2.739
3.467
2.774
2.589
2.942
3.254
3.503
3.654
2.511
1.969
3.328
1.767
3.908
1.941
1.601
1.533
1.678
1.516
3.904
3.65
2.847
3.189
1.624
3.602
2.332
3.95
2.04
3.037
2.768
1.576
3.934
2.368
2.303
3.98
2.523
1.704
2.745
2.95
2.904
2.208
2.281
1.737
1.816
2.663
3.69
2.837
2.276
3.446
3.374
2.075
1.893
1.605
2.214
1.653
3.178
1.559
3.832
2.135
2.322
2.394
3.592
3.421
2.27
2.553
3.358
2.268
2.371
3.426
1.5
2.026
2.828
2.422
1.628
2.733
1.795
2.5
1.653
2.574
2.377
2.913
3.529
2.684
2.028
2.019
3.006
1.642
2.954
3.129
2.861
3.127
2.912
1.646
3.221
2.735
3.672
2.567
2.092
3.253
3.013
3.129
3.66
3.121
1.97
1.733
2.054
2.414
1.812
2.168
2.076
1.665
2.422
3.254
3.599
2.709
3.513
1.713
3.091
3.263
2.952
2.146
3.632
3.546
3.406
2.894
2.023
3.527
3.752
1.916
2.661
3.701
3.324
1.688
3.795
3.113
3.758
1.953
2.509
2.773
2.802
3.068
2.627
2.083
2.796
2.009
3.761
3.907
2.415
3.092
1.923
3.352
2.495
3.919
3.688
2.924
2.934
3.169
3.403
1.592
1.941
2.109
3.99
3.76
3.324
2.498
3.395
3.324
1.67
2.954
1.966
2.684
1.521
2.157
2.833
2.28
2.476
2.221
1.731
3.51
2.416
2.138
1.559
3.446
3.149
2.048
3.037
3.437
1.672
2.408
2.785
2.513
3.244
3.519
2.912
2.415
2.654
2.336
2.417
2.499
3.251
3.147
1.963
3.162
2.523
1.854
3.11
3.73
1.603
3.466
2.843
3.804
1.998
1.985
3.794
1.664
2.62
3.864
1.516
3.503
2.744
3.826
2.256
1.809
3.205
2.785
3.293
2.791
1.688
1.994
2.392
2.009
2.364
3.353
2.547
2.94
3.341
1.704
3.136
2.443
3.712
1.605
3.808
1.647
3.287
2.66
2.83
2.981
2.048
2.413
3.258
3.456
1.846
2.222
2.688
3.906
2.879
2.552
2.172
2.93
3.567
1.994
3.292
2.048
3.56
2.876
2.334
2.301
2.285
2.619
3.113
2.394
2.949
1.647
3.473
1.784
3.494
2.752
3.466
3.323
3.432
1.579
2.048
2.817
3.812
2.374
3.101
3.997
3.368
3.242
3.521
3.265
3.119
1.576
2.177
1.823
3.774
2.775
2.246
2.405
2.367
3.797
3.353
1.559
2.297
1.935
3.41
3.142
2.174
1.824
2.907
3.802
3.113
3.722
2.713
2.021
3.206
2.945
1.9
2.459
1.889
2.838
3.628
2.512
2.877
3.93
3.913
2.878
3.397
3.899
1.787
1.784
3.233
2.056
2.332
3.437
2.663
3.072
2.127
1.63
1.976
2.978
1.9
2.899
2.638
1.634
3.613
3.799
1.761
2.864
1.509
3.412
2.409
2.319
1.591
2.341
2.358
2.437
3.274
3.936
2.359
3.963
3.084
2.462
2.327
3.618
3.198
3.739
3.399
3.64
2.064
1.593
2.687
3.82
3.433
2.801
1.867
3.137
2.739
2.191
3.716
3.441
3.39
3.711
3.272
1.542
2.469
3.716
4.0
3.28
3.822
1.51
3.013
3.497
3.902
2.693
3.336
1.652
3.074
2.85
3.58
3.859
1.676
3.382
1.635
3.509
2.156
3.085
2.39
1.919
3.503
1.555
3.825
3.781
2.736
3.631
2.2
2.73
2.369
3.085
2.037
3.247
2.945
1.732
2.588
2.333
1.678
3.89
1.683
1.735
2.883
1.572
3.99
3.512
3.865
2.525
3.696
1.998
1.715
2.655
1.779
3.038
3.701
3.711
1.898
3.972
2.128
1.718
3.136
3.732
2.844
2.231
3.875
2.319
2.774
3.104
3.526
1.967
1.67
2.89
1.529
2.708
3.027
3.755
3.828
1.722
2.153
3.919
2.486
3.699
1.538
2.348
2.121
3.795
3.27
2.128
2.74
3.861
1.538
2.307
2.485
2.942
1.738
1.601
2.016
3.074
2.435
2.384
3.824
2.019
3.369
2.308
3.821
3.034
2.332
3.686
1.503
1.955
1.68
1.909
2.801
1.916
3.269
1.642
2.264
1.725
1.629
1.695
3.309
3.454
3.125
1.589
3.289
3.866
2.581
2.756
2.184
2.99
3.068
1.753
2.593
2.639
3.01
3.762
3.766
3.374
1.631
2.752
2.128
3.989
2.563
2.662
3.343
1.815
3.693
3.143
3.967
2.964
3.795
1.99
2.572
1.915
3.7
3.345
3.172
1.681
2.002
3.308
1.958
3.042
2.494
3.453
2.885
2.162
3.057
1.77
2.648
3.369
2.306
3.054
2.217
3.147
3.11
2.246
2.874
1.583
2.244
3.012
3.725
3.342
1.659
3.708
3.759
1.754
2.609
2.358
3.428
2.669
2.322
2.4
3.927
2.445
3.005
2.834
2.18
3.585
3.804
1.515
3.582
2.045
3.929
3.24
2.136
2.045
2.824
2.522
1.934
3.31
3.031
1.737
2.426
2.026
1.591
2.15
2.083
3.226
2.913
2.385
2.74
3.952
3.011
3.989
1.757
2.595
2.711
3.223
2.777
3.401
2.962
3.069
3.444
1.968
3.307
3.275
1.575
2.157
2.628
3.302
3.402
2.634
2.72
2.311
3.982
3.264
2.993
3.799
2.154
1.567
3.604
2.682
2.247
3.619
3.737
2.652
1.896
2.503
2.306
3.087
3.583
2.337
1.631
1.506
3.493
3.444
2.645
3.164
2.482
2.126
2.241
2.644
3.727
2.534
3.21
3.043
1.659
3.291
1.526
1.982
3.319
1.517
1.671
2.746
3.25
1.854
3.694
3.103
3.302
2.028
2.841
3.082
2.862
3.339
1.715
3.406
2.508
2.878
3.668
2.189
1.681
3.652
3.819
1.795
3.516
3.214
2.485
2.639
3.098
3.105
1.601
3.642
2.02
2.215
3.806
3.177
2.85
2.027
3.859
3.037
3.09
3.844
3.508
2.013
2.972
1.714
3.285
3.246
2.107
2.253
2.21
3.783
2.433
3.787
3.066
2.191
3.669
3.843
1.758
3.206
2.377
3.452
2.585
3.679
1.68
1.869
2.611
1.929
2.365
3.725
3.749
1.796
1.616
3.172
3.252
2.929
3.448
2.517
3.296
2.571
2.05
2.458
3.859
1.565
3.581
2.017
3.602
2.246
1.548
2.729
1.656
1.866
2.528
3.371
2.275
2.202
2.951
2.198
2.53
2.299
1.906
2.733
1.694
2.525
2.332
3.741
3.092
3.051
1.568
3.265
1.993
2.259
3.519
1.651
2.861
3.828
2.552
2.48
3.018
3.713
2.391
1.593
2.803
2.354
1.844
1.691
2.264
2.401
3.067
3.169
1.57
2.38
2.34
2.983
3.273
2.585
2.388
3.46
2.831
3.538
3.086
2.824
3.725
1.552
3.952
2.864
1.809
2.331
2.997
2.97
3.256
2.427
2.836
3.513
1.528
1.521
3.496
2.946
1.788
1.824
3.795
3.202
2.662
3.11
2.551
3.58
2.484
2.394
1.51
3.166
3.72
2.41
1.664
2.443
3.632
2.767
2.737
2.22
1.681
3.872
2.591
3.867
3.635
1.572
1.656
2.964
3.315
3.872
2.795
3.831
2.393
2.263
3.391
2.376
3.803
1.558
2.824
3.749
3.376
1.696
3.078
2.589
2.467
3.031
3.675
1.786
2.912
3.284
2.38
2.338
1.584
1.905
2.763
2.434
3.097
2.563
3.507
2.52
2.606
1.939
3.534
3.277
3.767
3.132
2.187
2.438
3.433
2.442
2.271
2.515
3.377
3.662
2.424
3.207
3.104
3.172
3.91
2.153
2.83
2.095
3.918
2.29
3.251
3.357
3.004
3.54
2.741
1.538
3.284
2.222
3.723
3.947
2.512
3.43
3.096
2.029
2.652
2.894
3.423
3.91
2.778
3.106
3.901
3.561
1.763
2.462
3.138
2.013
3.033
2.482
1.738
2.97
1.746
2.251
3.757
3.177
3.956
2.075
3.264
3.402
1.831
3.181
1.81
1.588
2.39
2.892
1.647
3.146
3.727
3.644
3.296
3.816
2.885
3.737
2.499
2.155
3.658
1.624
3.059
1.721
1.708
2.53
3.989
3.289
2.191
2.125
1.851
2.58
2.94
3.281
3.594
2.894
1.952
3.675
1.914
3.502
3.121
3.532
2.865
1.796
2.144
2.26
3.091
2.403
1.741
3.844
2.88
3.058
2.284
1.69
3.729
3.523
2.677
1.986
1.85
1.996
2.922
3.156
2.754
3.399
3.005
1.826
1.605
2.187
2.193
3.995
2.093
2.446
1.983
2.073
3.496
3.872
3.989
3.221
2.073
3.59
3.436
3.54
3.247
1.665
2.18
1.618
2.012
2.678
3.711
1.962
3.648
3.101
1.961
3.331
3.832
2.575
3.104
3.585
2.164
3.525
3.101
3.368
2.821
2.875
2.636
2.671
3.577
2.881
2.965
2.332
2.151
3.958
2.576
2.466
1.927
2.112
3.971
2.503
3.809
2.633
2.001
2.057
1.63
2.736
2.704
3.616
3.804
3.55
3.734
3.189
2.367
3.026
3.071
3.794
1.878
3.687
1.953
1.563
3.165
3.907
3.433
2.198
3.956
1.516
3.774
3.712
2.519
2.269
1.71
3.07
2.368
2.82
3.468
2.73
3.391
1.831
3.462
3.685
2.461
2.503
3.69
2.248
3.82
3.018
3.026
3.033
3.597
2.761
1.806
2.967
2.524
1.707
2.23
2.014
3.007
2.544
1.703
3.82
2.521
3.099
3.144
1.905
2.623
3.556
1.585
2.653
2.563
2.542
3.608
3.187
3.339
3.464
2.202
2.752
2.539
2.752
2.786
1.944
3.139
3.034
3.304
2.674
1.83
3.032
2.442
2.539
2.599
3.491
2.032
2.289
3.689
3.287
1.762
1.947
3.552
3.604
2.8
2.66
1.61
3.194
2.564
3.374
3.655
2.824
3.405
2.156
3.694
2.514
2.787
2.855
3.817
1.78
3.761
3.736
1.549
3.517
2.89
3.367
2.976
2.141
3.57
2.713
2.246
3.373
3.051
3.988
3.232
2.852
3.624
1.504
3.405
3.305
3.518
3.11
2.727
3.319
1.788
2.149
3.457
3.72
2.588
2.157
3.787
3.628
3.357
2.053
2.18
2.277
2.285
1.783
2.559
3.644
3.518
3.516
2.431
2.897
1.88
3.53
2.518
2.378
3.518
3.988
3.252
3.421
3.46
2.999
2.188
2.37
2.547
2.986
3.67
2.199
1.785
3.51
3.404
3.838
3.462
2.2
3.699
3.944
3.249
1.739
3.786
1.642
1.811
3.01
3.745
3.731
3.344
3.222
3.34
1.84
2.589
3.267
1.931
2.052
3.844
1.95
2.594
3.288
3.301
3.526
3.589
3.625
2.464
2.166
3.519
3.13
3.658
3.179
3.997
3.016
3.425
1.871
3.462
2.734
2.042
3.186
3.819
1.553
2.538
2.433
2.287
3.38
1.919
3.551
1.931
3.178
2.282
2.96
3.074
2.446
2.171
3.148
3.722
1.972
2.546
1.575
3.157
3.172
2.279
3.241
3.151
2.571
3.983
3.556
3.356
1.521
1.668
2.731
2.458
1.956
3.38
2.148
3.288
2.209
2.778
2.155
1.865
3.564
3.883
2.595
2.298
2.615
2.505
2.027
3.076
2.122
3.848
2.752
3.354
2.883
2.309
2.821
2.609
1.519
2.458
3.145
3.387
2.227
2.864
3.055
2.24
3.642
2.092
3.907
3.686
2.794
2.665
3.367
1.543
2.358
1.563
3.838
3.383
2.496
2.77
1.814
3.954
3.117
2.706
2.669
1.54
3.15
2.464
2.582
2.002
2.749
2.41
3.752
3.25
3.777
3.996
3.127
3.781
2.909
3.577
3.275
2.778
2.182
3.458
2.16
3.661
3.211
2.06
3.018
3.904
2.934
3.107
2.242
3.809
3.95
1.751
3.721
3.413
1.871
1.863
3.6
2.203
3.705
3.409
3.899
3.702
3.122
3.996
3.64
3.819
2.001
2.472
3.33
1.536
2.929
1.877
2.27
3.213
3.656
2.058
3.724
3.951
3.775
1.716
1.671
3.641
1.503
3.227
2.657
2.899
3.932
3.298
2.537
2.556
3.563
2.208
3.221
2.602
2.434
3.309
1.602
2.996
2.223
2.093
2.39
3.571
3.884
3.049
2.912
3.692
1.947
3.316
2.403
2.388
2.478
1.546
3.049
2.111
2.914
1.81
1.961
2.721
2.909
3.838
3.857
2.021
3.866
1.585
1.947
3.667
1.902
2.391
3.428
1.886
3.165
1.632
3.555
2.925
3.593
1.797
2.798
1.84
3.474
3.922
2.11
1.611
3.656
2.413
3.995
2.009
2.024
2.509
2.898
2.091
3.22
2.433
2.357
2.167
3.221
3.47
2.599
3.438
2.339
2.002
3.309
1.771
2.439
2.871
2.195
2.647
2.394
2.625
3.366
2.958
2.526
2.703
1.854
2.845
3.782
2.384
2.271
3.742
3.533
2.667
2.605
3.767
2.053
3.719
2.447
2.721
2.452
2.392
3.973
2.158
2.786
3.178
1.732
2.96
3.724
1.6
3.385
1.538
2.112
3.284
3.559
2.836
2.79
3.877
1.612
3.264
2.232
2.961
3.429
3.488
3.052
2.325
1.574
3.298
2.7
1.975
3.64
3.46
2.031
1.68
2.475
2.343
2.053
1.613
2.287
3.189
2.878
2.893
3.208
3.131
3.624
2.048
3.097
3.911
2.816
2.491
2.753
3.745
1.84
3.354
2.887
3.122
1.559
2.545
1.897
3.463
2.886
3.651
3.301
2.18
2.705
3.78
3.33
1.792
1.826
1.622
1.779
2.223
1.531
1.941
1.941
2.755
3.509
3.252
3.106
1.836
2.326
2.997
2.03
2.385
2.581
2.78
2.687
3.435
2.622
3.769
3.869
3.147
1.844
3.715
3.542
2.027
3.247
2.976
1.866
1.845
3.451
2.051
2.377
2.777
1.606
3.748
2.826
2.912
1.612
2.329
2.417
3.972
1.771
3.452
3.177
2.582
1.733
3.931
3.132
3.66
3.968
3.294
2.394
2.481
1.767
2.923
3.672
2.541
1.623
2.121
3.336
1.871
1.675
2.508
1.637
1.942
3.328
2.606
3.583
2.116
1.553
3.74
3.668
3.206
1.794
3.905
2.531
2.254
2.281
1.723
2.448
2.482
2.207
2.805
1.964
2.962
2.298
2.173
3.63
2.276
1.891
3.735
3.257
1.62
2.996
2.002
2.963
3.955
1.642
3.588
2.542
3.863
1.73
3.89
3.826
2.479
2.038
3.826
3.055
2.862
1.676
2.783
1.824
1.627
2.747
2.263
2.034
2.1
1.824
3.786
3.029
2.394
2.32
1.642
1.733
1.57
2.016
1.762
2.715
2.984
2.909
2.935
3.686
1.844
3.044
3.82
2.994
2.519
1.979
3.408
3.2
1.996
2.938
2.744
2.535
2.703
1.502
2.629
3.786
2.319
3.571
2.928
3.333
3.049
1.774
3.574
2.757
3.73
3.784
2.818
3.826
2.725
2.268
2.523
2.041
2.248
2.234
2.579
1.995
2.29
2.538
2.606
2.596
3.055
3.638
2.763
3.639
3.912
3.034
2.212
3.905
1.879
2.163
2.466
3.074
3.23
2.364
2.075
1.922
1.796
3.699
2.834
1.626
1.912
2.295
3.811
3.537
3.265
2.641
3.464
3.01
2.118
3.217
3.193
2.382
1.527
1.898
1.814
2.805
2.867
1.515
1.599
3.155
1.886
2.269
3.999
1.649
3.357
2.962
2.301
3.872
3.679
1.507
2.416
1.967
3.74
3.249
1.709
3.681
3.25
2.34
3.622
3.492
3.539
3.917
2.486
3.602
3.459
3.822
3.915
2.601
3.652
3.316
2.686
3.141
1.982
3.267
2.988
3.313
1.795
2.913
1.581
2.099
3.844
2.898
3.657
2.767
1.957
2.789
3.668
3.567
1.51
2.651
1.743
3.474
1.576
2.505
1.643
2.543
3.093
3.941
3.448
2.861
2.493
1.657
2.372
1.711
1.564
3.578
2.837
3.06
3.438
1.879
2.083
3.918
3.624
3.542
1.966
3.034
2.152
2.383
1.954
1.607
3.46
1.556
3.422
3.122
3.484
1.683
2.466
2.555
1.786
2.786
1.771
3.248
1.872
1.69
2.059
3.404
3.091
1.849
1.874
3.036
3.685
1.583
3.267
3.457
2.628
1.792
3.649
2.333
3.292
2.528
3.913
3.804
2.074
2.021
2.072
2.328
3.264
3.198
1.611
1.934
1.538
2.419
2.709
3.776
1.787
3.123
1.812
2.416
1.912
2.373
1.834
3.854
3.413
1.921
2.856
2.693
2.867
3.173
1.68
3.424
3.116
2.439
1.613
2.456
2.867
2.028
3.998
1.558
3.219
1.82
3.358
2.134
3.558
2.613
3.192
2.281
2.481
1.548
3.178
2.073
3.673
1.608
2.622
3.866
2.744
2.225
1.779
2.216
3.425
3.917
2.186
3.509
3.894
2.607
1.844
3.823
2.904
3.446
3.569
1.582
2.795
2.957
3.057
3.436
1.701
3.04
3.747
3.025
1.82
2.23
3.319
3.066
3.749
2.804
3.435
2.661
3.57
1.879
3.11
2.919
1.738
2.883
2.277
1.665
1.622
1.742
3.962
1.54
1.706
3.933
2.393
2.6
3.78
3.976
1.785
2.846
3.99
3.793
1.899
3.736
3.874
2.537
1.836
2.832
1.647
2.555
2.014
3.516
2.481
2.661
2.55
2.564
3.076
2.294
3.105
3.253
1.666
1.954
2.85
3.086
3.716
1.935
2.786
3.632
2.982
1.671
1.994
1.508
2.651
3.988
1.965
1.981
1.743
1.84
2.282
2.47
3.019
3.377
3.411
2.779
3.195
2.31
3.189
2.088
3.588
3.89
2.07
2.374
2.171
3.338
3.851
1.837
3.474
3.872
3.335
2.743
2.751
3.224
3.255
2.07
2.742
3.306
2.413
2.565
2.795
3.426
3.861
2.052
1.561
2.172
3.235
2.435
3.607
3.296
3.978
3.359
3.011
3.457
3.872
3.042
2.01
3.561
1.992
2.112
3.124
3.542
1.772
1.579
3.43
2.035
3.554
1.857
1.834
3.074
2.947
3.503
2.887
2.84
1.65
3.846
3.772
3.677
3.361
3.901
3.669
2.44
2.932
3.573
1.98
3.62
1.914
2.312
2.874
2.281
2.831
3.437
2.031
3.851
2.092
2.013
3.701
2.366
3.249
2.825
2.79
1.785
1.768
3.058
1.572
2.784
1.645
3.664
3.525
3.448
2.964
2.795
2.024
2.303
3.588
2.033
2.873
3.849
2.947
2.919
2.092
1.857
3.947
1.789
2.23
3.133
2.095
3.874
2.319
2.776
1.671
1.858
2.945
3.66
2.146
2.024
1.542
3.479
3.86
1.885
1.657
1.525
3.494
1.761
1.86
1.816
3.067
2.744
3.13
3.558
2.367
2.729
2.685
3.83
2.877
3.142
1.712
2.386
3.943
2.904
3.873
2.01
3.203
2.448
3.986
2.212
1.977
2.061
2.618
1.979
3.943
1.933
3.494
3.746
1.671
1.718
1.576
2.211
3.114
2.725
2.543
2.17
3.709
2.451
3.609
2.553
2.819
2.048
2.112
3.515
3.36
2.45
1.931
3.031
2.645
2.476
2.315
3.552
2.635
3.968
3.278
2.969
1.844
3.597
3.287
3.943
3.014
2.47
3.303
2.131
1.804
2.503
3.546
2.612
2.691
3.171
3.405
3.359
3.954
1.814
3.085
3.093
2.192
2.573
3.952
3.901
2.27
2.861
2.153
3.714
2.74
2.853
3.699
2.351
1.867
3.493
1.877
2.399
1.925
2.785
3.304
2.452
2.018
3.326
2.815
1.963
1.891
2.936
3.984
2.763
2.948
3.79
2.04
3.403
3.516
1.806
1.601
2.25
3.779
1.759
1.967
3.958
3.804
2.297
2.268
3.85
1.955
3.352
1.915
1.917
1.964
3.304
3.328
2.198
2.48
3.741
3.929
1.843
2.979
3.102
2.66
1.695
1.824
3.56
3.705
3.092
2.49
2.68
1.665
3.117
1.581
1.749
3.814
2.019
1.838
2.752
2.135
2.126
2.464
2.582
2.445
1.952
3.677
2.57
2.192
2.282
1.824
2.926
3.45
3.053
2.185
3.435
1.78
2.945
3.781
3.824
2.722
1.916
2.908
3.93
3.573
1.869
2.925
1.936
3.835
3.114
2.223
3.427
2.217
2.884
2.061
2.554
2.504
3.972
2.754
1.788
1.928
2.784
1.646
1.74
2.336
1.678
3.754
2.667
3.703
2.222
3.343
2.399
3.882
2.098
2.165
2.799
2.736
1.987
2.004
1.51
2.753
3.422
2.458
3.772
2.496
3.163
1.679
3.139
1.987
2.774
2.22
3.71
2.546
3.635
1.848
1.516
3.316
2.858
3.48
2.538
3.665
2.91
2.173
2.774
3.253
3.765
1.591
3.059
2.372
2.203
1.539
3.837
2.528
2.914
3.868
1.644
1.536
1.81
3.326
2.508
3.834
3.125
3.744
3.554
1.597
2.63
3.331
2.923
3.226
1.965
2.808
2.616
1.869
1.574
3.815
1.844
1.811
1.672
2.201
3.192
2.161
1.568
1.515
3.829
3.3
3.123
3.722
2.576
1.534
1.835
3.033
1.553
3.987
2.212
1.913
2.214
3.02
2.855
1.706
1.602
1.988
2.195
1.852
2.331
3.08
3.43
2.889
3.789
2.739
1.785
3.947
3.221
1.788
3.82
2.499
1.669
1.989
2.16
1.873
3.241
2.789
2.433
3.112
3.777
3.945
1.997
1.544
1.955
3.581
2.289
3.852
1.754
2.947
2.178
1.684
1.928
2.108
1.931
2.814
1.593
1.536
1.77
2.725
2.834
1.974
3.174
2.505
3.969
3.28
3.214
1.855
2.091
2.218
2.818
3.033
1.869
2.979
1.553
1.53
3.239
3.8
3.49
2.993
3.06
1.721
2.219
2.727
2.887
3.781
3.217
3.369
1.601
3.534
2.443
2.747
2.28
2.987
3.201
1.624
2.307
3.731
3.483
3.89
1.5
2.254
3.892
3.136
1.6
2.5
2.081
2.614
2.994
2.586
3.976
2.86
3.414
2.922
2.576
3.7
3.768
3.106
1.801
1.909
3.176
1.587
3.43
2.531
1.524
3.181
3.051
3.879
3.473
1.98
3.211
3.235
1.603
2.579
2.291
3.385
2.517
3.486
3.653
3.962
3.904
3.3
1.741
2.481
2.171
3.803
1.74
2.982
2.842
3.906
3.785
3.779
2.181
3.962
3.553
2.671
1.714
2.77
1.785
2.801
2.788
1.62
3.385
2.72
2.215
2.11
2.642
3.086
1.809
1.892
1.869
2.481
2.733
2.415
2.082
3.459
3.334
3.592
2.204
2.653
3.378
2.931
3.03
3.089
2.104
2.673
2.552
3.768
1.735
1.762
3.568
2.575
3.674
2.393
3.264
1.89
3.734
3.934
2.619
2.05
2.083
2.549
2.877
3.06
2.258
3.241
2.101
1.567
3.223
2.323
2.529
3.193
2.993
2.861
3.867
3.912
3.535
2.277
2.917
1.549
3.048
1.996
2.816
3.608
3.285
2.294
2.136
3.717
1.948
2.628
1.82
1.699
3.989
1.612
2.937
3.526
2.241
1.9
1.882
3.557
1.712
2.825
3.224
2.397
1.869
2.135
2.982
3.042
3.657
3.456
1.89
2.321
2.483
3.762
3.051
2.34
2.471
3.968
2.37
2.062
2.059
2.39
1.97
2.728
2.354
3.838
1.641
3.342
3.566
1.871
3.706
Error de lectura!!!
2.89
3.355
2.997
1.679
1.891
3.308
1.531
2.985
2.433
3.948
1.78
1.967
3.949
2.302
2.009
1.943
1.883
3.27
3.412
2.615
1.745
1.778
2.931
1.565
3.489
2.702
3.355
3.115
2.367
1.886
3.467
3.888
3.516
2.986
3.612
1.818
3.21
3.343
3.399
2.339
2.549
1.893
3.968
2.658
2.376
2.109
1.795
2.5
3.366
2.77
1.75
2.953
2.299
3.52
3.718
2.642
3.952
2.627
2.097
3.481
2.738
2.131
2.559
2.789
3.267
2.361
1.91
3.966
2.387
3.605
1.519
3.328
3.14
2.891
3.319
3.745
3.208
2.401
3.066
1.635
2.799
1.707
3.548
3.643
1.784
2.068
3.599
2.693
3.329
2.741
2.924
3.612
1.762
3.295
2.961
1.737
2.831
1.722
2.778
3.212
2.803
3.289
3.522
3.496
2.752
1.868
1.693
3.009
3.547
3.613
2.043
3.376
3.291
2.012
1.939
1.737
2.99
2.278
2.419
2.294
1.778
2.603
2.587
3.744
3.591
3.854
2.007
3.215
3.225
3.239
1.977
3.465
3.631
3.641
1.946
1.588
3.808
3.129
3.875
3.825
2.72
2.237
1.705
2.846
2.687
2.26
3.598
1.712
1.736
3.781
2.638
1.934
1.608
3.852
2.539
3.396
3.35
2.016
2.736
2.537
2.632
3.389
1.75
2.466
2.944
2.088
2.658
1.577
1.771
3.425
1.997
1.934
2.929
3.724
2.613
2.979
3.929
3.752
2.929
1.875
1.589
1.581
3.634
1.732
3.309
2.382
1.622
3.032
3.448
3.627
3.976
3.039
3.788
3.836
3.387
1.565
1.966
3.201
2.811
1.57
3.368
2.285
1.982
2.204
3.193
2.05
2.717
3.557
2.385
3.774
3.221
2.295
2.54
1.836
1.991
3.449
3.263
3.988
2.077
1.733
3.182
1.749
3.331
2.503
3.044
2.447
2.671
3.062
3.708
2.918
3.111
3.163
3.121
2.584
1.9
2.121
2.586
3.978
3.595
3.86
2.521
2.535
2.279
3.254
3.011
3.57
2.353
2.097
3.412
2.272
1.569
3.155
1.94
2.811
3.98
2.103
3.305
1.76
3.011
2.811
2.763
1.925
1.558
1.911
1.599
1.846
2.917
1.867
2.64
3.174
3.632
3.268
2.271
1.861
3.175
3.382
3.175
2.213
2.289
2.803
3.989
3.387
3.445
3.816
2.12
2.55
2.667
3.97
1.927
1.881
2.546
3.02
1.781
3.964
1.857
3.161
2.676
1.611
3.337
1.561
3.184
1.708
3.576
2.387
1.8
2.771
3.345
2.937
2.309
3.384
3.936
1.969
1.902
2.259
2.252
3.691
3.972
1.879
2.075
2.294
3.029
3.428
3.651
2.988
2.376
2.457
2.825
1.503
2.717
1.929
3.308
1.607
3.98
3.73
3.133
3.157
3.824
3.803
2.986
2.165
3.897
3.707
3.52
1.948
2.266
3.752
3.642
3.923
3.522
1.555
3.722
1.971
3.339
2.166
2.82
3.363
3.37
2.798
2.024
2.87
3.112
3.483
3.845
3.757
3.016
1.837
2.072
2.761
3.065
1.727
1.996
1.673
3.402
2.029
3.883
3.521
2.246
1.696
1.715
1.999
2.701
2.976
3.399
2.665
3.249
1.854
3.22
3.308
3.226
3.914
2.677
3.474
1.652
2.62
2.71
1.7
2.891
2.755
1.508
1.795
3.825
1.755
3.485
3.18
2.5
3.058
2.205
2.013
2.764
2.342
2.944
3.357
2.355
1.539
3.628
3.775
1.671
2.814
2.185
2.339
2.231
3.218
3.484
2.834
1.534
3.711
2.287
3.712
2.462
2.03
3.885
2.819
2.64
2.713
2.852
2.445
2.537
3.229
3.522
3.929
2.426
2.685
3.273
3.088
2.1
1.76
3.679
1.526
3.193
2.969
3.606
2.812
3.947
2.629
1.589
3.529
2.019
1.89
1.619
2.808
1.743
1.973
2.011
2.748
2.422
3.92
1.67
3.861
1.686
1.705
2.555
2.814
1.917
2.177
3.281
2.269
2.767
2.752
2.649
1.853
1.805
3.402
1.924
3.794
2.94
2.763
3.51
2.322
3.043
3.293
2.804
2.857
3.733
2.056
3.838
2.123
3.817
3.905
3.707
2.631
Error de lectura!!!
2.544
2.724
2.258
3.734
2.019
3.614
2.97
3.614
3.434
2.566
1.574
2.122
2.415
2.845
2.222
2.463
1.977
1.987
3.452
3.656
1.971
2.261
3.368
1.899
1.817
3.949
2.673
2.766
3.2
3.742
3.84
3.482
2.638
2.164
2.086
2.805
3.799
3.231
2.121
2.983
2.219
2.379
3.994
2.925
1.756
3.126
1.553
2.345
3.96
2.025
1.743
3.039
1.886
1.808
2.368
3.256
3.773
3.96
2.327
2.486
2.499
2.483
3.403
2.063
3.015
3.686
3.887
3.415
2.907
2.332
2.183
2.137
3.258
2.435
3.025
2.54
3.464
2.369
2.43
1.685
3.304
3.028
3.51
2.255
1.876
2.534
3.173
2.14
3.978
2.866
1.878
2.488
2.89
2.44
3.015
2.603
3.579
3.987
1.89
2.102
2.277
2.586
3.207
3.044
1.919
1.888
2.212
3.197
2.792
2.071
1.531
3.524
2.243
3.575
1.862
3.054
2.649
2.242
3.468
3.216
2.906
1.686
2.703
2.766
1.762
1.591
3.422
1.803
2.63
3.04
3.506
3.116
1.731
2.833
2.181
3.249
2.523
1.736
3.149
3.167
1.55
2.509
2.407
2.865
3.764
3.777
3.671
3.355
3.596
1.997
1.631
1.606
2.4
3.292
1.606
2.869
2.011
2.355
1.943
3.058
1.961
2.149
2.52
1.944
3.189
1.625
2.253
3.313
3.042
2.63
1.696
2.207
2.365
2.501
2.729
3.94
3.612
3.524
3.006
2.1
2.842
3.25
3.194
2.308
3.191
2.612
3.772
3.905
2.678
2.697
3.436
3.73
3.449
2.101
2.354
2.004
2.297
2.466
2.145
3.252
3.519
2.897
3.611
3.761
1.946
3.24
2.428
2.616
1.81
3.706
2.399
3.453
1.886
3.056
2.165
2.46
2.27
3.035
3.85
3.113
3.891
3.009
1.747
3.403
2.39
1.656
3.488
2.846
1.852
2.612
3.591
3.892
3.891
3.518
2.82
2.842
3.856
3.744
2.578
2.199
2.272
2.999
3.112
2.598
3.227
Error de lectura!!!
2.209
3.177
2.659
1.641
2.12
3.127
2.256
3.742
1.941
2.078
3.753
2.157
1.52
1.601
2.222
1.725
3.139
3.984
2.158
2.341
3.455
3.645
3.507
2.186
2.334
3.416
2.052
3.578
3.946
2.264
1.705
2.764
2.25
1.762
3.947
1.689
1.507
2.796
3.01
3.859
3.522
3.096
3.523
1.67
3.065
2.516
3.023
1.796
1.933
1.898
2.578
2.174
1.569
2.935
3.411
3.399
2.917
3.23
3.563
2.126
2.064
1.52
1.743
2.713
3.299
3.824
3.959
2.237
1.925
2.747
3.552
2.356
2.507
1.545
2.365
1.981
3.7
1.881
2.557
2.211
2.185
2.608
3.098
2.56
2.02
3.642
3.91
3.45
3.294
3.11
3.694
3.694
2.386
2.999
2.0
3.936
3.618
3.186
2.395
1.842
3.786
2.878
2.348
2.989
3.384
2.84
1.776
1.865
3.597
3.171
3.766
2.483
3.63
2.207
3.728
1.784
3.704
3.943
1.949
1.657
2.208
2.704
2.754
2.805
2.657
3.705
2.776
3.724
1.96
3.692
1.948
1.759
2.712
3.179
1.605
2.561
1.902
2.165
3.039
2.489
3.685
3.355
3.604
2.421
2.933
1.554
2.72
2.326
2.416
3.882
2.32
3.611
3.032
3.593
2.416
3.304
2.392
3.866
2.823
2.685
3.43
3.308
3.391
3.778
1.856
2.497
3.755
2.389
3.431
2.53
3.622
2.991
3.274
3.178
2.926
1.766
3.036
2.0
2.986
1.66
1.955
3.728
3.869
1.903
3.864
3.525
3.975
3.257
3.913
2.915
2.207
1.741
2.026
2.429
1.697
3.958
2.581
2.102
3.236
3.151
2.149
3.945
2.533
2.744
2.698
3.869
2.426
3.493
3.119
2.598
3.775
2.48
3.389
3.9
3.106
3.177
3.281
3.787
3.106
2.664
2.87
2.478
3.878
2.716
1.55
2.081
3.114
3.061
2.073
2.315
2.421
2.709
3.791
3.817
2.327
3.347
2.342
3.656
3.538
1.808
1.655
2.052
3.798
1.792
2.132
1.507
3.014
2.733
3.57
3.352
3.891
1.777
1.817
1.755
1.669
3.576
2.466
1.991
2.389
2.732
3.444
2.084
3.538
3.288
1.717
1.963
2.376
1.657
1.859
2.64
3.146
2.032
3.959
2.024
3.285
2.865
2.907
3.601
3.173
1.98
3.108
2.837
3.458
2.606
3.822
2.741
2.147
2.213
3.834
3.894
2.522
2.02
2.272
2.197
3.936
2.159
1.72
2.124
1.817
3.578
2.998
3.573
3.0
2.188
2.867
2.881
3.986
1.538
2.075
2.688
1.798
2.494
3.501
2.177
3.229
3.872
2.83
1.993
1.937
3.705
3.64
3.421
2.956
3.232
1.887
2.713
3.095
2.247
1.969
1.571
3.654
3.318
2.558
3.681
2.587
3.147
2.541
2.787
3.669
2.741
3.89
2.487
2.553
1.563
2.818
1.813
1.78
3.256
2.584
1.513
1.625
3.651
3.476
3.096
3.463
3.484
1.907
3.253
2.591
3.637
1.555
2.456
1.95
2.023
2.516
3.218
2.23
3.712
1.562
1.97
2.272
3.323
3.388
2.869
3.797
1.603
2.552
3.602
3.539
3.934
2.28
1.967
3.419
1.644
2.72
3.172
2.059
2.798
3.557
2.236
2.563
3.418
3.882
1.768
2.761
2.111
2.759
2.174
3.56
3.017
3.574
1.722
2.694
2.777
1.705
1.821
1.737
1.665
2.143
2.99
1.984
1.967
3.612
3.22
1.644
3.957
1.501
3.561
3.524
2.443
2.115
2.831
2.866
1.577
3.074
2.678
3.237
3.42
3.284
2.514
2.586
3.072
2.32
2.83
3.407
1.572
2.642
3.592
3.364
3.771
3.246
3.526
3.597
3.733
3.917
3.026
2.564
3.577
2.167
2.085
3.628
1.685
1.887
3.168
2.892
3.05
2.506
2.147
3.969
3.941
3.156
2.18
1.977
1.704
3.296
3.017
2.288
2.344
3.644
1.786
3.431
2.651
2.332
2.536
2.497
3.56
2.59
3.673
3.062
2.96
2.546
3.797
3.757
2.837
3.608
3.813
1.663
3.379
3.548
1.593
1.921
3.013
2.061
2.6
2.351
3.83
3.232
2.04
3.141
1.869
2.497
1.706
1.627
1.713
3.994
3.521
2.805
3.245
2.921
3.008
2.767
1.609
3.552
2.616
3.709
2.689
1.967
1.71
3.43
2.112
3.334
2.266
2.963
3.436
3.297
3.658
1.844
3.142
3.273
1.849
3.104
1.729
1.954
3.469
3.9
2.512
3.5
2.486
3.455
3.825
3.043
2.536
1.774
2.589
3.729
2.404
3.858
3.97
3.664
3.139
1.657
2.212
2.318
1.79
2.028
1.771
3.742
3.894
1.73
2.338
3.746
3.082
3.055
3.155
2.521
1.519
3.451
3.894
1.608
1.61
3.646
1.853
2.763
3.368
2.513
2.552
1.541
3.192
3.44
2.447
2.166
2.548
3.245
2.14
2.846
3.385
3.383
2.153
3.223
3.714
3.164
2.552
2.766
1.574
3.495
1.51
2.635
2.65
1.924
3.369
3.816
2.12
3.346
1.913
2.586
2.048
3.269
2.17
3.919
2.186
1.902
2.207
2.767
2.677
3.389
2.884
3.759
2.077
3.28
2.61
2.587
2.867
3.034
3.874
2.593
3.176
1.555
2.206
1.764
3.685
2.101
2.087
1.53
2.756
3.385
2.155
2.98
2.82
3.488
1.811
2.298
2.304
1.504
3.587
3.32
2.283
2.131
2.454
3.66
3.724
2.545
2.584
2.103
2.708
3.698
3.958
3.721
2.036
1.993
2.665
3.989
2.51
3.519
3.664
1.935
1.911
1.997
1.791
3.187
2.291
2.543
1.61
2.738
2.443
3.694
3.189
2.032
2.719
3.522
1.669
2.839
3.604
3.387
2.681
2.2
2.911
2.873
2.878
1.75
3.903
2.94
3.834
3.76
1.932
3.607
3.938
1.84
3.296
3.234
3.549
3.762
1.88
1.92
2.172
3.947
1.648
3.108
1.834
2.274
2.631
2.48
2.551
3.262
1.683
2.052
2.009
1.75
3.411
3.118
2.96
1.52
2.019
3.133
3.163
3.45
1.654
1.907
2.564
1.585
3.9
3.058
2.973
1.578
1.553
1.732
2.536
2.932
2.15
1.759
3.587
2.791
1.56
1.536
3.95
3.206
1.543
3.631
1.82
2.238
3.616
3.468
3.506
2.356
2.902
3.521
2.933
1.689
2.419
3.352
2.837
2.616
2.424
3.479
2.839
2.792
2.475
3.683
2.275
3.514
2.279
2.928
3.538
3.402
2.587
2.354
1.501
2.31
2.874
2.849
3.223
2.647
2.135
2.968
1.829
1.975
2.419
2.866
2.471
2.942
3.784
2.683
3.617
2.231
2.371
1.65
1.556
3.306
2.997
3.614
3.274
2.536
2.85
1.772
3.416
2.537
2.675
1.869
1.742
2.371
3.924
1.758
3.943
3.962
2.258
3.2
2.109
1.646
3.841
2.499
3.357
2.234
2.945
3.694
1.727
3.345
2.301
2.301
2.618
2.736
3.341
3.589
2.257
3.358
3.641
2.577
1.671
2.949
1.717
2.425
2.433
3.972
3.348
3.784
2.807
3.583
3.404
2.955
2.414
2.027
3.995
2.006
3.432
2.985
3.752
3.636
2.664
1.741
3.08
3.569
3.377
2.304
1.705
3.555
3.931
2.656
2.721
2.35
2.77
2.715
2.638
2.488
1.98
3.42
2.109
3.097
1.96
2.421
2.105
3.562
2.366
2.432
2.217
2.057
1.724
3.564
2.669
3.75
3.283
1.796
1.764
1.525
1.72
2.612
3.054
2.144
2.33
2.759
3.823
2.867
3.122
3.422
1.982
2.137
2.351
2.94
2.417
2.997
3.732
2.994
2.315
3.33
2.841
2.857
2.877
3.981
3.747
1.502
2.998
2.727
3.41
2.366
3.737
2.795
2.611
1.813
1.614
3.57
3.291
3.171
3.726
2.293
2.584
3.37
1.696
3.441
3.96
2.04
1.582
3.274
2.997
2.705
2.418
2.675
2.184
2.144
2.24
2.825
3.197
2.879
2.522
3.552
2.044
3.334
2.788
3.236
1.972
1.612
3.717
1.65
2.506
2.059
1.664
3.64
2.404
2.733
1.616
3.124
3.447
1.548
3.828
3.657
3.641
3.327
2.936
3.202
2.262
3.652
2.653
2.896
2.426
1.639
3.701
1.625
3.57
3.78
3.987
2.663
3.674
3.915
2.552
1.566
3.581
3.212
2.525
1.53
3.829
3.776
1.973
2.664
2.391
3.096
3.193
3.884
1.976
2.918
3.992
2.391
2.268
2.534
2.112
3.61
2.252
3.886
3.659
3.413
3.131
3.752
3.168
3.799
3.74
2.669
2.434
2.388
2.017
2.2
3.181
3.387
1.668
2.93
2.667
3.516
2.107
3.884
1.797
1.674
3.76
3.169
2.99
2.906
3.978
2.0
3.808
2.976
2.154
2.665
2.962
2.146
3.483
1.902
2.319
3.6
3.54
3.038
2.562
2.607
3.439
2.513
1.762
1.731
2.137
1.893
1.706
1.844
3.323
2.318
3.935
3.368
2.274
3.512
2.048
3.522
3.547
2.401
1.928
2.775
1.579
2.762
2.374
2.201
3.269
3.734
3.984
2.934
3.964
3.55
3.601
1.54
1.57
3.159
1.832
1.982
2.6
2.481
1.789
1.963
2.799
3.203
3.417
3.468
2.365
3.161
1.579
3.631
2.803
3.144
3.605
2.44
3.008
3.317
2.681
1.952
2.084
2.321
2.621
3.724
2.857
2.742
3.187
3.553
3.695
2.092
2.494
3.73
3.882
2.122
3.422
2.89
3.277
2.091
2.626
3.991
3.398
1.635
2.167
3.667
3.174
2.39
2.011
2.915
2.935
3.194
3.714
3.214
3.896
3.812
2.521
1.666
3.052
3.806
3.983
2.588
1.864
1.924
2.083
2.147
2.61
2.662
3.678
2.584
1.837
3.188
2.179
3.198
3.397
2.486
2.785
3.788
2.468
1.998
3.91
3.088
2.798
3.024
2.207
2.507
1.836
2.092
2.118
1.772
1.66
2.12
2.588
3.408
2.161
3.117
2.537
1.663
3.52
3.69
3.565
2.093
2.855
2.523
2.631
2.594
2.65
3.881
3.679
2.133
2.503
2.974
2.212
3.676
1.935
3.398
3.686
3.892
3.759
2.486
3.889
2.32
3.096
1.705
3.251
2.981
3.05
3.396
1.508
2.175
3.518
3.768
3.002
2.514
1.547
2.715
2.766
3.246
2.129
1.609
1.825
3.385
2.589
2.223
2.487
2.875
2.563
3.906
2.398
3.167
2.396
3.146
1.764
2.698
2.197
3.958
2.893
3.509
1.911
2.894
2.19
1.739
2.369
2.457
3.283
2.274
2.832
1.878
2.757
2.455
3.351
3.314
1.831
3.23
2.727
2.248
2.901
3.228
2.691
3.269
1.771
3.784
2.819
2.174
3.022
2.721
2.067
3.049
3.009
3.357
1.954
3.744
2.986
2.411
1.54
3.471
3.815
2.307
3.948
2.987
3.325
3.677
3.241
2.907
1.666
1.512
1.818
1.916
2.106
2.253
3.522
3.219
3.858
2.485
3.537
2.617
3.746
3.957
2.065
3.702
1.733
2.287
2.525
2.65
3.658
2.768
3.75
2.845
3.731
3.928
3.059
2.409
2.47
1.995
3.229
3.168
2.186
2.47
3.223
2.539
3.258
3.435
3.623
1.636
1.615
3.441
2.977
2.135
1.764
2.941
2.531
1.977
1.711
2.804
3.855
2.208
2.494
2.207
2.549
3.433
1.891
1.978
2.087
2.665
3.47
3.136
3.972
2.196
2.058
2.084
3.865
1.66
3.999
1.831
3.915
1.572
2.942
3.423
3.378
2.595
2.412
3.427
3.185
3.191
2.394
3.671
1.568
2.33
1.627
3.544
3.851
2.948
3.914
3.655
2.17
2.821
1.737
2.13
3.048
2.999
3.665
2.884
2.433
1.979
3.462
3.861
2.557
2.525
3.657
2.73
3.574
3.857
3.387
2.692
3.666
2.687
3.571
2.691
2.425
1.97
3.183
3.955
3.555
2.554
2.423
3.737
2.117
2.56
1.826
2.108
3.39
3.734
2.151
2.995
3.212
1.569
1.933
3.278
3.756
2.025
3.943
3.753
3.112
1.891
1.535
2.373
1.814
1.799
2.5
1.957
1.901
2.733
3.315
3.996
3.214
2.03
2.305
1.821
2.948
3.047
3.549
3.331
3.504
1.893
3.912
1.619
2.025
3.922
2.585
1.721
2.117
3.012
2.959
3.371
2.483
3.348
2.584
2.943
3.882
2.615
2.775
3.066
2.213
3.429
2.09
3.433
2.586
2.093
2.53
3.896
2.231
3.806
2.084
3.011
3.773
3.47
1.788
3.443
1.588
3.57
2.385
2.307
2.399
2.551
3.305
3.316
3.172
3.294
3.629
3.332
3.696
1.758
1.86
3.6
3.911
1.673
2.47
2.484
3.212
1.992
2.98
1.828
3.095
1.678
1.649
2.208
1.999
2.891
1.997
3.806
1.815
3.705
2.847
3.605
1.953
2.532
2.425
2.288
3.848
2.708
2.199
1.848
1.585
3.87
2.947
2.045
2.795
2.215
1.539
2.313
2.5
2.408
3.707
2.08
2.323
3.026
1.956
2.369
1.661
3.049
3.379
2.567
3.544
3.042
3.17
3.78
3.774
2.027
2.511
2.568
2.307
3.923
2.058
1.5
2.798
3.554
2.372
2.696
1.952
3.567
3.772
3.403
3.937
2.565
2.517
2.294
2.061
1.519
2.068
2.826
2.326
2.162
3.828
1.615
1.71
3.409
4.0
1.616
2.56
2.755
3.43
2.337
1.982
2.022
1.61
3.865
3.369
2.013
1.644
2.156
1.932
1.67
3.398
3.572
3.965
1.851
2.752
1.821
3.684
2.51
3.83
1.685
2.338
2.131
3.282
1.901
2.073
2.11
2.474
2.245
3.829
2.254
1.775
2.751
2.091
3.413
1.784
1.582
2.983
3.625
3.376
3.565
2.879
2.43
3.019
2.727
2.607
1.632
3.174
2.156
1.601
1.851
3.25
3.538
2.299
2.451
3.566
3.481
3.596
3.049
3.479
2.348
3.02
3.304
3.269
3.482
2.606
3.856
2.51
2.555
2.299
2.753
2.294
3.304
2.622
2.536
1.912
1.646
1.979
3.816
1.579
2.776
2.436
2.418
2.683
1.678
3.494
3.757
3.261
2.231
2.422
2.556
2.975
2.478
3.815
3.659
1.526
2.536
3.265
2.017
2.769
3.362
1.671
3.007
2.395
1.655
2.351
2.419
3.739
2.5
2.324
3.517
3.633
1.977
3.35
2.947
1.634
2.924
3.824
1.775
1.939
1.857
2.756
2.178
2.746
1.674
3.642
2.072
1.5
3.621
3.936
3.746
3.649
3.8
2.934
3.067
2.577
3.847
3.438
2.444
2.127
1.717
2.896
2.562
1.917
1.82
3.21
1.94
2.365
2.543
2.721
3.299
2.226
3.633
2.945
3.675
1.575
1.717
2.603
3.308
2.605
2.408
3.286
2.779
3.561
2.089
1.776
2.152
2.789
3.723
3.694
3.43
3.925
2.869
3.99
2.491
3.22
3.449
2.251
2.516
2.674
2.139
2.941
3.199
2.929
2.882
3.852
1.639
2.046
2.628
1.654
3.383
1.961
2.578
3.526
2.192
1.952
3.901
3.424
2.535
2.103
1.987
1.522
3.3
1.738
2.425
2.775
2.818
2.197
2.765
2.632
2.289
3.258
2.732
1.679
2.865
2.645
2.113
3.571
3.704
2.359
3.823
1.705
3.183
1.649
3.181
1.743
3.07
3.394
2.734
2.232
3.138
3.793
2.296
3.487
2.297
3.081
3.446
2.473
2.38
2.596
3.192
3.799
2.954
1.743
2.35
3.404
3.484
2.899
1.522
2.27
2.842
2.792
3.312
3.965
2.734
2.831
1.823
3.112
2.191
2.19
3.567
3.407
1.676
1.943
1.828
2.179
2.775
2.573
2.395
2.747
2.084
2.311
3.947
2.394
3.02
2.978
3.188
3.219
3.465
3.399
2.802
1.673
1.973
3.792
1.594
1.503
2.576
3.485
3.546
3.997
2.533
1.706
2.153
1.838
2.272
1.738
1.676
1.873
3.376
2.94
1.527
2.196
3.129
3.088
3.325
3.423
2.539
2.676
2.804
2.314
3.96
2.631
3.671
1.927
3.461
2.682
3.972
2.096
1.763
2.813
3.211
2.276
3.366
1.689
2.84
2.834
2.013
3.898
2.881
2.706
3.453
2.654
2.356
2.07
1.947
3.508
1.669
3.062
2.265
3.34
3.502
2.128
1.773
2.774
2.234
2.933
3.675
3.505
3.472
3.911
2.935
2.647
2.274
2.552
3.253
2.989
3.79
3.606
1.665
2.595
2.793
2.763
3.692
2.906
2.003
1.901
2.387
2.373
2.889
2.722
1.759
1.54
1.937
2.862
3.842
3.052
3.044
1.792
3.159
2.827
3.259
3.332
3.582
3.785
1.833
1.816
1.817
3.607
2.556
3.395
2.762
2.991
1.7
3.756
3.538
3.64
2.043
2.54
3.407
1.633
3.512
1.894
3.013
3.709
2.283
1.893
2.562
3.291
1.526
3.636
3.967
2.327
1.786
1.795
3.576
2.934
1.544
3.986
2.834
2.415
2.166
3.408
1.955
1.942
2.624
3.395
2.204
3.093
2.048
3.858
1.904
2.438
2.033
2.247
3.14
2.311
3.096
1.665
2.927
1.586
3.034
2.182
1.733
3.635
1.619
2.796
2.929
3.54
2.437
3.309
3.628
1.51
3.524
1.975
1.666
2.7
1.709
2.46
1.7
1.739
2.054
3.456
2.891
2.77
2.355
2.609
3.196
2.725
2.992
3.456
2.014
3.927
1.878
3.756
1.843
2.406
2.676
2.765
3.889
2.704
1.917
3.428
2.102
3.031
3.462
3.793
2.343
3.968
1.756
1.804
2.815
3.623
3.364
3.878
1.553
3.084
3.238
3.308
3.974
1.977
2.472
1.836
3.77
1.939
3.813
2.721
2.441
2.628
3.544
2.942
2.598
3.552
3.351
3.066
3.775
2.984
3.261
3.092
3.654
1.858
2.239
2.752
3.998
1.858
1.567
3.084
3.448
1.639
3.521
2.689
2.27
3.684
1.823
3.647
2.404
1.773
2.292
2.722
1.843
1.864
3.213
3.6
2.981
2.774
3.448
3.001
2.113
3.849
2.999
1.997
3.87
3.902
3.198
2.281
2.717
2.577
3.802
2.355
3.049
3.821
1.777
2.673
3.662
3.181
3.727
3.578
1.882
1.757
3.816
2.22
1.68
1.61
3.409
2.029
1.956
2.073
2.004
3.528
3.811
3.493
3.474
3.057
2.72
3.272
1.94
1.631
1.973
3.021
3.54
3.057
3.437
2.848
3.225
1.92
2.572
2.034
3.727
3.506
2.274
1.575
2.309
2.936
3.095
3.804
2.86
2.285
3.295
2.672
2.152
2.109
3.377
2.08
3.373
3.994
3.123
2.368
3.403
2.101
1.618
2.716
3.926
2.872
1.539
3.991
1.627
1.892
3.183
3.694
3.35
3.173
3.649
2.919
2.146
2.413
3.017
3.032
3.561
2.88
2.29
3.697
2.016
3.49
2.921
2.399
3.018
3.734
1.958
2.848
3.365
3.091
3.356
2.594
1.911
2.335
3.496
2.844
3.914
2.438
2.928
2.964
1.825
2.006
2.184
2.521
2.635
1.964
1.819
1.855
3.076
3.267
2.766
1.881
3.063
1.541
3.226
3.838
3.206
2.931
3.764
3.576
3.138
3.011
2.67
1.878
1.88
2.314
3.733
1.993
3.831
3.997
3.54
3.83
3.943
1.575
3.884
2.954
3.52
1.727
2.107
1.98
2.254
2.151
3.572
2.172
1.969
1.79
3.143
3.146
3.219
1.908
2.219
3.692
3.719
2.735
3.417
2.791
2.179
2.682
2.511
2.849
1.524
1.501
3.132
2.875
1.635
2.809
2.634
2.275
3.836
1.617
2.578
2.897
1.761
2.368
2.074
3.956
3.577
3.429
2.785
1.914
1.708
3.404
1.939
3.539
3.94
2.559
2.996
3.499
2.532
1.783
1.732
3.278
2.094
1.619
3.343
2.65
2.058
3.031
1.943
1.692
2.536
3.146
2.655
2.143
1.721
3.456
3.395
3.715
3.381
2.318
2.361
3.402
2.129
2.708
2.855
1.815
3.803
2.414
2.328
2.276
3.794
1.689
2.096
1.912
2.296
2.737
3.423
2.386
1.545
2.058
3.655
2.36
1.926
3.246
2.745
3.768
2.779
1.709
2.906
3.852
2.117
3.922
3.452
3.266
1.694
1.758
3.899
3.763
1.887
3.707
3.887
3.128
1.767
2.558
2.573
3.85
2.598
3.564
3.247
2.469
2.518
2.85
3.118
2.826
2.404
3.056
3.306
2.539
3.359
1.77
1.768
2.115
3.437
2.243
2.762
2.518
3.371
3.315
2.163
3.386
3.798
3.687
3.172
3.12
3.86
2.502
3.946
3.909
1.934
2.448
2.263
3.104
1.692
2.099
3.22
2.981
3.365
3.34
2.896
2.171
2.515
1.637
3.772
3.112
1.606
2.5
2.853
3.002
3.112
1.92
3.571
2.9
1.782
2.834
2.584
2.983
2.684
1.848
2.002
3.145
2.101
2.564
3.272
3.509
3.919
1.73
2.814
3.985
1.994
1.634
3.049
2.057
3.687
2.371
3.067
2.792
2.897
2.821
2.78
2.552
3.47
3.427
3.554
3.528
3.994
3.73
2.951
3.817
2.15
2.024
3.338
2.85
2.619
3.876
3.371
3.978
3.89
2.298
1.958
1.584
3.955
2.521
1.859
1.675
2.373
3.022
1.928
3.54
2.762
2.702
3.671
2.313
1.745
3.486
1.82
3.359
1.715
1.871
2.851
3.574
2.159
2.082
2.35
2.995
2.539
1.513
3.18
1.885
2.387
2.822
2.785
2.863
3.004
2.197
2.813
3.558
3.088
3.272
1.675
3.782
1.8
3.007
1.521
3.217
3.472
2.787
2.253
2.378
3.79
2.999
3.964
2.679
1.619
2.73
3.397
2.423
1.848
1.893
2.449
2.462
1.597
2.935
3.105
3.0
2.483
1.519
2.015
1.741
2.102
2.579
2.8
2.427
3.198
2.596
1.85
1.837
1.91
3.421
2.279
1.783
3.048
1.964
1.776
3.583
2.982
3.93
3.945
2.607
3.569
3.649
2.49
2.888
3.055
3.684
3.159
1.885
3.777
3.473
2.166
2.493
2.105
2.291
3.346
2.775
3.707
2.395
2.879
1.605
3.728
1.695
1.999
3.681
3.93
2.846
1.608
2.118
3.525
3.809
2.512
1.852
1.648
3.953
3.163
3.347
3.214
3.171
3.049
3.564
1.635
3.548
3.135
3.692
3.03
3.353
3.025
3.863
3.507
3.255
1.767
3.128
1.97
2.646
3.783
3.112
3.387
1.842
2.553
3.836
3.63
2.479
2.461
1.667
3.124
3.15
2.443
3.484
1.967
3.93
2.844
2.241
3.754
2.645
2.128
2.283
2.14
3.81
1.625
3.65
2.111
2.506
3.967
1.827
3.237
1.813
2.738
3.229
3.44
2.141
1.558
2.182
3.144
2.07
2.723
2.67
2.077
1.6
3.54
3.729
2.477
1.563
2.557
2.179
3.773
2.696
1.816
1.984
3.512
3.92
1.75
1.684
2.784
1.889
2.887
2.427
3.767
3.93
2.255
3.0
3.205
3.13
3.1
1.617
1.899
2.675
2.263
2.846
1.905
1.875
1.518
3.737
2.076
1.799
1.599
2.384
3.25
3.251
3.311
2.075
2.077
3.473
2.474
3.071
1.812
2.395
3.845
2.754
3.98
2.795
2.823
1.967
1.527
3.917
3.297
3.94
2.704
2.458
2.184
3.247
2.368
1.785
3.31
3.712
3.77
2.04
2.253
1.885
2.042
2.73
1.806
2.681
2.281
1.871
1.555
2.19
1.633
1.647
1.528
3.172
3.468
3.222
2.91
1.985
3.198
2.2
3.411
1.872
3.976
3.515
3.764
2.209
2.688
3.209
3.169
3.368
3.166
3.567
3.239
3.2
2.233
3.446
2.083
2.338
3.302
2.589
3.688
1.852
2.539
2.531
3.829
3.773
1.761
2.539
3.211
2.633
2.635
3.506
1.693
2.193
1.566
2.688
3.787
3.791
3.409
2.683
3.546
2.074
3.955
3.52
3.568
3.782
3.473
3.456
3.567
3.396
2.649
3.239
3.835
1.681
2.578
2.727
1.909
3.619
1.984
3.299
3.396
2.433
2.437
1.899
2.668
3.036
1.936
4.0
3.467
2.543
3.632
2.262
2.568
3.336
1.866
3.742
2.862
3.582
3.231
1.836
3.938
2.713
2.28
2.372
1.623
2.478
2.736
3.293
3.325
3.002
1.925
3.071
3.897
3.823
2.009
3.062
2.16
2.104
3.629
3.445
2.545
2.236
1.523
2.831
1.915
3.723
1.833
2.61
2.098
2.21
1.692
1.974
1.97
1.878
2.708
2.5
1.891
2.113
2.601
2.178
3.141
3.884
2.429
2.732
2.021
2.257
2.653
3.217
1.869
2.257
2.007
2.044
3.439
2.688
3.165
2.078
1.592
2.663
3.632
2.618
1.978
1.975
2.069
3.253
3.875
3.301
3.484
3.69
3.159
3.272
2.321
3.01
1.851
2.855
3.115
2.526
3.266
2.296
3.145
3.062
1.909
1.732
2.468
3.608
3.97
2.699
1.801
3.979
2.015
1.589
1.96
1.902
2.062
1.654
3.847
1.871
2.893
2.2
3.586
2.523
2.788
3.065
2.122
3.452
3.592
2.723
3.476
2.768
3.414
3.722
3.054
2.097
2.672
3.215
2.09
2.538
1.837
2.948
2.062
3.434
3.301
3.925
3.751
3.368
3.285
1.638
1.943
3.226
3.53
2.058
2.517
3.061
2.323
3.192
3.678
2.946
1.748
3.826
1.766
2.648
2.356
1.553
2.546
1.879
2.777
2.607
2.001
2.978
3.707
3.921
1.916
1.524
3.681
2.8
3.042
2.265
2.42
3.59
3.283
2.662
3.896
2.195
3.4
3.0
3.692
3.805
2.574
3.508
2.15
3.825
3.144
2.607
2.083
2.132
3.621
1.736
2.056
1.912
1.907
3.365
1.564
2.746
1.798
3.594
3.364
2.625
2.226
3.496
2.794
2.55
1.621
2.095
3.123
2.114
2.172
3.59
3.234
2.681
3.731
3.465
1.663
2.604
3.47
3.946
2.848
3.649
1.787
2.937
3.303
1.899
2.925
3.92
2.548
3.283
3.164
2.604
2.163
1.522
2.669
2.366
2.166
2.348
2.822
2.783
1.911
3.702
1.757
2.848
2.012
1.659
3.253
1.885
2.04
2.576
2.837
3.548
3.034
3.405
3.909
3.458
1.572
2.846
2.313
2.842
3.609
1.578
3.025
1.994
3.543
1.638
2.566
2.754
2.693
3.244
3.361
3.096
3.651
3.056
2.843
3.647
2.073
3.745
3.587
2.276
3.581
1.777
2.096
2.085
1.569
3.512
3.55
2.137
2.097
1.736
3.005
3.056
3.23
1.999
2.228
2.567
3.012
3.855
1.644
3.944
3.209
2.755
2.765
2.907
3.866
3.486
1.742
1.685
1.929
1.537
2.44
3.028
3.519
3.4
1.705
2.211
3.443
3.5
3.632
2.098
2.93
2.706
3.691
1.518
1.509
3.975
3.14
1.502
3.156
2.486
3.988
1.723
3.321
1.508
3.369
2.919
1.667
2.903
3.997
3.539
3.902
3.195
2.365
2.955
3.733
1.653
3.187
2.428
3.008
2.736
3.871
3.458
3.99
2.125
3.579
3.78
1.723
3.033
3.346
3.56
3.116
3.854
2.748
1.779
2.127
2.121
3.186
2.876
3.708
2.469
2.423
1.759
2.196
3.259
3.158
1.756
2.016
2.092
3.017
2.39
2.105
2.717
1.922
3.674
2.186
3.39
1.869
3.169
3.69
3.301
1.565
2.041
1.546
3.753
2.494
3.976
2.718
3.329
1.792
1.802
1.506
3.953
2.913
1.759
3.973
2.614
3.518
1.671
3.038
3.874
2.682
3.249
2.651
2.802
3.611
3.003
1.967
3.618
2.262
1.795
3.478
3.421
1.96
3.124
2.537
3.828
3.457
2.493
1.554
2.743
2.535
3.736
2.929
3.474
2.584
3.205
2.75
2.674
3.604
3.716
1.896
1.707
2.624
2.181
2.056
2.515
2.856
3.968
3.6
3.271
3.359
3.727
3.205
2.571
2.366
2.603
1.5
3.08
2.164
3.454
3.405
2.897
3.25
3.056
3.635
2.128
1.615
1.88
2.496
2.799
3.718
3.92
1.663
2.924
3.8
3.563
2.536
3.568
3.44
2.227
1.681
1.935
2.077
3.49
3.153
2.158
2.825
1.971
1.594
2.338
3.357
3.85
2.653
2.892
3.408
1.734
2.864
2.248
3.405
1.898
3.869
3.633
2.507
2.31
3.953
3.954
3.666
2.038
3.145
1.981
3.913
3.681
3.95
2.332
1.837
3.996
2.709
3.493
2.656
3.113
3.696
2.711
1.779
3.167
2.446
2.308
3.277
1.831
1.618
3.885
3.294
1.9
1.827
2.863
2.46
1.655
3.079
2.78
3.829
3.793
3.971
2.338
2.281
2.06
3.886
2.073
1.923
3.139
1.682
3.935
1.935
2.006
3.554
3.035
2.367
1.625
1.877
1.503
1.868
3.672
2.878
1.799
3.552
2.692
2.359
2.609
2.757
3.937
1.611
1.504
3.5
1.67
3.667
1.929
2.162
3.69
3.641
3.775
3.743
2.439
2.684
3.38
2.47
2.303
1.832
1.769
1.506
1.656
1.743
2.93
2.942
2.022
2.173
1.916
3.245
2.455
3.768
3.781
2.696
3.341
2.585
2.687
2.587
2.249
3.9
2.386
3.658
2.876
1.821
2.418
1.683
2.009
3.444
3.244
2.056
2.689
3.071
3.39
1.778
3.021
2.652
3.627
3.45
2.842
3.405
3.135
2.923
3.842
3.702
2.254
3.77
2.434
2.713
1.523
2.457
1.536
2.535
3.679
2.416
3.742
1.516
2.051
2.403
3.939
3.961
3.78
2.696
2.053
2.352
3.618
2.021
3.951
2.91
3.557
3.437
2.607
2.304
2.93
2.483
1.756
3.063
2.703
1.718
3.963
2.844
2.284
3.606
3.781
3.269
1.573
3.559
2.973
2.914
3.779
1.886
1.636
1.588
3.505
2.746
3.151
3.817
3.926
3.177
3.273
1.866
2.022
3.709
3.444
2.429
3.944
2.269
2.883
2.414
2.784
1.656
3.963
2.601
3.429
2.928
1.839
2.666
2.006
3.179
3.676
2.644
3.427
3.491
2.191
1.863
1.945
1.838
3.37
2.34
3.712
1.934
3.391
3.375
2.445
3.607
3.881
3.382
3.437
3.311
2.523
2.604
3.671
1.968
1.545
3.13
2.738
2.566
2.026
1.667
2.691
2.523
3.947
3.848
3.923
2.399
2.724
1.622
2.119
2.321
2.955
3.956
1.646
2.325
3.734
1.828
2.34
2.568
1.513
2.176
2.718
2.438
1.687
2.76
2.964
1.653
2.017
2.531
2.651
1.751
3.689
3.293
1.618
1.652
3.151
2.991
3.407
3.278
2.896
2.852
2.64
1.68
2.566
3.925
2.984
2.048
2.153
3.707
3.34
2.397
2.187
3.805
3.214
3.467
2.786
3.373
3.944
3.119
2.794
2.85
2.415
3.811
3.904
1.603
1.518
3.0
1.771
1.896
2.057
2.005
3.851
1.808
2.444
3.524
2.248
3.005
3.235
1.741
2.627
3.997
2.366
3.348
3.236
3.087
2.458
1.509
3.91
3.939
2.747
3.553
1.908
2.453
3.512
3.546
1.985
2.99
3.389
2.302
2.04
3.071
3.433
2.414
2.763
3.51
3.865
2.809
3.326
2.118
3.895
2.831
2.808
3.226
2.745
2.754
2.461
2.308
2.064
1.782
2.01
2.178
2.594
2.096
1.563
2.307
1.574
1.593
1.863
3.881
Error de lectura!!!
1.747
2.413
2.007
2.297
2.301
1.83
2.338
3.954
3.901
2.82
1.77
2.86
2.626
2.055
2.627
3.66
2.937
3.694
1.881
2.129
1.848
2.662
2.927
2.398
3.61
3.112
2.97
2.493
3.991
3.8
2.848
1.909
1.962
3.079
2.244
2.975
1.87
3.026
1.517
3.849
1.585
2.804
2.169
1.922
2.719
1.989
3.267
3.828
3.24
3.096
1.997
2.239
3.677
1.932
3.092
3.685
3.962
2.116
2.66
1.614
2.545
2.827
2.91
3.112
1.625
2.688
3.991
2.454
3.324
1.8
2.305
2.215
3.917
2.126
2.452
2.422
3.253
3.418
2.937
2.932
2.891
2.519
3.069
2.517
3.433
2.299
2.428
3.552
2.013
3.64
3.038
3.776
3.62
2.064
1.722
3.2
3.228
3.178
3.873
3.382
3.666
1.76
3.73
2.344
1.761
1.584
2.797
2.832
1.87
3.58
2.0
3.672
3.095
2.607
3.441
1.941
2.234
2.536
2.863
1.9
3.528
1.858
3.282
3.031
3.386
1.593
3.427
1.881
3.205
2.818
2.388
3.275
1.967
2.132
2.38
3.664
3.405
1.551
3.187
2.969
1.587
2.337
3.281
2.233
2.891
1.754
2.991
3.124
3.414
3.145
1.602
2.771
2.782
3.717
1.874
3.674
1.702
3.049
2.115
3.099
2.826
3.312
3.932
3.614
1.854
2.625
3.294
1.835
3.92
2.059
2.383
3.688
2.252
2.754
3.047
2.327
3.403
2.223
3.158
2.243
1.695
3.355
3.31
2.257
2.705
3.015
1.899
2.004
2.593
1.246
3.302
3.438
1.851
3.991
3.647
2.291
2.591
3.104
3.95
2.455
1.718
2.344
1.797
2.905
1.805
3.995
2.604
3.15
3.742
2.315
2.471
3.328
1.647
1.736
3.14
2.042
2.06
2.388
3.707
2.775
3.287
2.123
3.173
3.185
2.44
3.424
2.216
3.988
1.629
2.047
1.753
2.089
2.037
2.488
2.882
2.885
3.611
2.764
3.474
3.899
3.222
2.413
2.221
3.588
3.611
2.786
3.353
3.335
1.613
3.325
3.577
2.982
3.282
1.515
2.443
3.127
3.894
3.05
2.721
3.798
1.655
3.749
1.765
1.948
3.884
3.582
3.606
3.565
2.971
2.58
2.885
3.875
3.626
3.341
3.803
3.199
1.634
1.515
2.737
3.504
2.953
1.844
2.307
1.928
3.951
2.998
3.673
3.47
1.893
2.258
3.737
3.79
2.391
2.003
2.859
1.773
3.181
3.272
2.057
3.628
2.878
2.928
2.415
3.111
3.107
3.857
1.715
1.927
3.761
2.693
1.986
2.821
2.926
3.316
2.255
3.008
1.626
3.318
3.856
1.993
2.696
1.696
2.98
2.303
2.769
2.496
3.018
3.82
3.171
3.294
3.208
3.399
2.209
2.342
1.763
3.858
3.471
3.879
3.29
2.61
2.259
3.706
3.331
1.512
2.414
3.694
2.135
2.819
3.088
2.212
1.796
3.194
3.178
3.267
3.73
2.69
2.103
2.533
1.612
2.383
3.919
1.773
3.051
11.238
1.7
2.295
2.506
1.943
3.396
3.528
2.627
2.606
1.834
2.09
2.163
3.587
2.399
3.876
2.147
3.47
2.305
2.158
2.843
1.941
3.026
2.331
3.199
3.72
1.951
2.913
2.915
2.626
1.609
2.391
3.48
2.367
1.846
2.227
3.032
2.395
1.557
1.532
1.838
2.246
3.044
3.821
3.854
3.066
2.008
3.189
2.152
2.184
2.102
2.653
2.22
2.245
3.792
2.078
3.087
3.458
2.558
2.467
2.751
3.825
3.189
2.702
2.696
3.586
1.952
3.735
2.794
3.851
1.935
3.759
1.787
2.824
2.964
3.028
3.561
2.195
2.625
2.139
2.738
3.664
2.44
3.626
2.503
3.885
2.949
3.515
1.789
2.455
1.536
3.783
1.706
1.877
2.379
3.835
2.019
2.841
2.261
2.743
2.548
3.92
2.214
3.67
3.826
1.649
1.504
3.063
3.105
2.029
3.995
1.683
1.566
2.375
3.981
2.656
2.523
1.517
1.901
2.445
1.923
1.895
3.618
3.164
1.548
2.392
3.399
2.709
1.844
3.969
2.422
2.751
2.61
2.894
1.62
2.267
1.615
2.557
2.703
2.348
3.448
1.516
2.082
2.569
2.925
2.329
2.699
3.415
3.516
2.26
3.503
1.782
1.85
3.52
2.858
2.417
2.615
2.834
2.421
3.97
2.223
2.372
2.597
3.092
2.632
3.022
3.486
3.019
2.745
1.922
1.884
3.443
1.677
3.826
3.123
3.61
2.325
3.272
3.517
3.336
1.801
3.166
3.332
2.967
2.189
2.179
2.89
2.362
2.372
2.103
2.18
3.675
3.26
3.295
2.972
3.865
3.211
2.713
2.946
2.583
1.846
1.869
2.111
3.748
3.683
1.671
3.825
3.752
2.852
1.903
1.577
3.742
1.945
1.737
1.63
2.862
2.193
2.881
2.995
3.113
3.374
3.413
2.113
2.296
2.436
3.394
2.074
2.556
3.385
3.382
2.811
2.255
1.716
2.946
2.03
1.639
1.76
2.258
2.504
1.666
3.814
1.901
3.296
3.62
2.462
3.103
1.997
2.406
3.445
3.272
1.706
3.02
3.514
3.121
2.123
2.654
2.108
3.261
2.787
3.224
3.536
2.706
2.689
2.916
2.916
3.41
2.565
2.569
2.714
3.88
3.778
1.86
2.516
3.143
1.641
2.188
3.443
3.19
3.179
2.304
2.226
3.728
1.724
3.927
1.5
2.321
1.557
3.258
1.725
2.394
1.604
2.59
2.624
3.235
1.906
2.623
3.748
3.311
2.52
3.117
2.884
2.484
Error de lectura!!!
2.415
2.129
3.487
3.154
2.374
2.503
2.668
1.513
1.815
3.824
2.188
3.299
2.771
2.492
2.906
3.287
2.51
2.462
2.639
3.058
3.883
3.504
2.634
2.234
2.45
1.907
3.691
3.715
2.445
3.918
1.598
3.128
2.661
2.833
2.835
2.493
3.831
2.396
3.73
2.572
1.679
1.986
1.552
2.574
1.72
3.708
3.036
3.469
2.14
3.341
2.051
1.703
2.859
2.488
2.702
3.698
1.586
3.807
3.062
1.675
2.827
1.51
3.725
3.056
3.644
1.591
2.579
2.486
2.929
2.989
2.255
3.899
3.544
1.915
1.706
2.119
2.308
3.191
3.356
3.031
2.528
3.303
1.519
1.647
2.8
2.645
2.967
3.961
1.943
2.31
2.2
3.456
2.974
2.561
1.611
2.933
2.046
1.636
3.697
3.493
2.064
2.564
1.841
2.217
3.69
3.376
3.247
2.307
1.584
1.621
3.373
3.248
3.299
2.559
2.041
2.408
1.903
2.532
2.62
2.396
2.668
2.006
2.382
3.383
3.387
1.892
3.484
2.318
2.875
2.512
3.07
1.574
3.555
1.749
1.877
2.635
1.858
3.498
1.736
3.756
3.036
2.735
3.764
2.873
3.889
2.76
1.602
2.583
1.915
2.528
2.083
2.978
2.546
1.934
2.151
2.731
3.747
2.627
3.737
1.662
2.518
3.329
2.507
2.706
2.078
2.444
2.027
3.293
2.131
1.702
2.243
3.683
3.563
2.61
2.935
1.739
1.501
1.831
3.156
3.373
3.225
1.752
2.418
3.788
3.68
2.7
1.644
3.247
3.138
2.056
2.999
1.757
3.051
2.888
2.928
2.835
3.229
2.299
3.346
1.97
3.561
2.834
3.749
1.56
1.956
2.932
3.289
2.726
2.059
3.99
3.42
3.672
3.479
1.856
3.655
3.23
2.822
2.794
3.642
3.05
2.188
3.116
1.715
2.696
2.146
2.366
2.102
2.241
2.574
3.509
3.528
1.617
2.763
2.883
1.814
3.78
2.514
2.882
3.07
3.651
3.818
3.799
1.534
3.492
2.427
2.198
3.486
3.175
1.913
2.501
2.95
3.72
2.409
2.365
3.155
2.058
1.918
3.058
3.3
1.887
1.564
2.747
3.584
3.515
2.131
1.916
2.747
1.79
1.933
2.859
2.868
3.888
3.305
1.834
1.675
3.022
1.618
3.986
3.833
2.663
2.634
2.455
2.168
3.806
1.961
2.77
3.334
3.442
3.768
3.474
2.273
2.839
3.058
3.044
3.249
3.979
1.796
3.902
3.989
3.249
3.511
3.555
2.243
3.371
3.732
3.923
3.712
1.5
3.33
2.388
3.467
3.256
3.966
2.453
1.785
3.798
3.876
3.028
1.976
1.853
1.975
1.542
3.505
2.584
3.503
1.558
3.092
2.436
3.523
1.518
3.942
3.181
1.517
2.882
3.901
3.85
2.905
1.795
1.587
2.408
1.81
2.126
3.607
3.822
2.469
3.171
1.988
3.934
2.002
2.154
3.565
3.387
3.906
2.244
3.92
3.053
2.174
3.708
2.522
2.473
1.545
1.516
3.129
3.425
2.421
2.057
2.835
3.057
1.694
2.169
1.973
3.67
1.871
2.035
2.148
2.474
3.472
1.683
2.162
3.721
2.282
3.045
3.989
3.716
2.125
3.896
2.899
3.418
3.567
2.517
2.387
1.854
1.716
3.046
3.498
3.655
2.547
3.541
2.394
3.602
2.767
1.678
3.636
3.218
3.215
1.872
1.997
2.912
2.54
2.963
3.664
2.584
2.144
3.629
2.146
1.956
2.295
3.433
3.923
3.398
3.399
1.835
1.765
2.034
3.23
3.529
1.559
2.661
3.427
1.575
1.68
1.53
2.271
2.148
3.148
3.441
3.017
1.59
2.453
3.84
2.796
1.554
1.588
1.581
2.278
3.624
1.927
2.819
3.975
2.733
3.216
3.726
3.71
3.151
3.424
1.769
3.465
2.827
3.565
2.877
3.648
3.408
3.597
2.128
1.804
1.588
3.393
1.824
1.942
3.293
2.257
3.834
1.998
3.768
2.285
2.519
1.931
2.003
3.696
1.66
3.796
2.005
3.812
3.982
2.333
2.335
2.989
2.35
1.986
1.849
1.961
3.49
2.569
2.031
3.963
3.643
1.809
3.776
1.679
2.151
1.645
3.582
1.507
2.323
1.662
2.266
3.992
2.266
3.837
2.589
3.849
1.73
3.727
3.307
3.495
2.211
1.627
1.896
3.938
2.373
3.816
2.106
3.728
2.982
2.708
3.463
3.695
2.05
3.808
2.059
3.411
1.9
2.144
1.725
3.724
2.039
3.291
3.31
2.706
2.71
3.501
3.597
2.781
1.722
1.933
3.279
3.254
2.979
1.816
2.259
2.239
1.898
3.033
2.14
2.48
2.572
3.79
3.555
3.185
3.369
3.482
1.853
3.766
3.019
2.047
2.551
2.755
2.529
2.092
2.189
1.959
1.915
1.823
3.365
3.373
2.468
2.455
3.007
3.202
2.965
3.966
3.287
3.877
1.829
2.91
1.844
2.517
3.535
2.381
2.409
1.863
3.755
2.674
2.578
2.122
1.762
3.202
1.634
2.416
3.841
3.289
2.7
3.845
2.14
2.308
2.121
2.312
2.094
3.182
3.388
3.601
3.165
2.579
1.651
3.815
2.782
2.991
3.125
2.647
2.078
2.243
2.236
1.925
3.562
3.846
2.319
3.494
3.821
1.915
3.535
2.802
3.654
1.551
3.214
2.39
2.947
2.673
2.633
3.799
1.854
1.866
2.378
2.428
2.649
2.535
2.705
2.15
2.879
3.031
3.531
2.908
1.673
2.888
3.841
1.61
2.273
2.255
1.614
3.091
2.31
3.608
1.582
3.148
2.478
1.646
3.797
2.493
2.426
2.55
3.151
3.113
2.228
3.993
2.164
3.396
3.659
2.705
3.205
3.959
3.338
2.357
2.223
2.511
3.177
3.986
3.077
2.334
3.306
2.992
3.056
3.395
3.809
3.712
3.632
3.403
2.735
3.288
3.953
2.962
2.265
3.94
2.36
3.119
3.021
2.386
3.428
2.5
2.178
1.961
2.619
2.699
2.4
2.71
2.049
3.171
2.56
3.41
2.128
3.157
1.933
2.621
2.946
1.907
2.564
3.757
2.945
3.866
3.47
2.955
3.512
2.046
3.689
3.701
3.987
2.978
2.993
2.771
2.576
3.002
3.649
2.4
2.923
2.636
3.831
3.489
2.162
3.063
3.219
3.976
1.876
2.385
2.359
2.095
2.636
3.214
1.763
3.332
3.06
3.197
3.652
1.928
1.666
3.123
2.425
2.289
2.829
3.541
3.537
2.31
2.271
1.535
1.512
3.954
3.755
2.862
3.056
3.879
2.211
2.407
3.656
2.237
2.87
3.599
1.863
3.609
3.659
2.494
2.974
2.225
3.342
3.245
1.954
2.652
2.098
2.154
1.87
2.517
3.114
2.759
3.066
2.265
3.737
3.958
3.976
1.794
1.645
3.827
1.789
3.994
1.751
3.833
2.466
1.845
2.677
1.996
2.293
1.966
2.529
2.228
3.081
1.862
3.627
2.605
2.658
1.777
3.345
1.737
3.278
1.613
2.39
2.169
2.543
1.676
2.451
2.284
3.044
2.397
2.816
1.879
2.61
3.622
1.644
2.05
2.596
3.918
2.419
1.931
3.456
3.36
3.418
2.256
1.896
3.868
2.861
1.61
3.772
2.676
2.127
1.721
1.751
3.489
2.239
3.243
2.236
3.983
2.265
3.737
2.405
2.324
3.224
3.855
2.541
1.874
2.634
3.122
3.889
3.403
3.623
2.092
3.242
1.88
2.881
2.411
1.91
1.703
3.252
1.747
2.572
3.517
2.873
2.426
3.331
1.792
3.283
2.438
3.715
2.528
3.767
3.931
3.651
3.07
3.904
2.811
2.209
3.341
3.31
2.574
2.781
2.962
3.27
3.484
3.677
1.528
2.797
3.591
3.876
3.868
2.905
3.657
3.041
3.577
1.703
3.947
1.922
3.25
3.754
2.949
2.967
3.656
3.557
2.827
1.852
3.516
2.038
2.313
2.376
2.542
1.834
2.906
2.869
3.801
1.614
2.496
3.45
2.276
2.885
2.893
3.97
1.746
3.937
3.169
2.636
1.886
2.793
3.499
2.285
3.058
2.688
3.6
2.21
2.066
3.018
2.594
3.712
1.611
2.208
3.004
1.99
1.799
2.262
3.454
3.516
2.406
2.779
3.765
2.845
3.822
2.321
2.761
3.432
2.212
3.262
1.614
2.0
3.382
1.78
2.033
3.745
1.781
2.485
2.87
2.223
1.954
2.672
3.281
2.967
2.56
2.887
2.907
1.586
2.698
1.964
3.073
2.219
2.869
3.09
2.159
2.757
3.732
2.421
2.044
3.349
2.287
2.277
3.289
3.155
2.35
2.658
1.852
1.738
3.643
2.623
2.374
3.237
3.979
2.718
3.848
2.65
2.369
1.969
2.687
2.176
2.197
2.021
2.025
3.8
3.716
3.658
3.257
3.617
2.039
2.912
3.437
2.324
3.962
2.008
3.105
3.625
3.783
2.2
1.712
3.437
2.411
1.572
2.705
1.713
2.0
2.039
1.563
3.219
3.062
3.059
1.876
3.964
2.865
3.673
3.033
3.933
3.618
2.827
2.364
3.583
2.968
2.77
2.972
1.801
2.425
2.566
3.128
3.481
2.959
3.341
2.86
2.046
2.595
3.836
2.643
3.397
3.877
1.794
3.159
3.28
3.075
3.395
3.426
1.814
2.44
2.746
3.981
2.138
1.853
1.791
3.65
1.526
1.69
1.645
3.162
2.669
2.254
3.991
1.786
3.123
3.564
2.455
3.19
2.849
2.496
3.072
3.772
2.386
1.747
1.744
2.513
3.989
3.614
2.162
2.164
3.583
2.446
1.897
3.671
3.172
3.062
2.298
2.824
1.926
1.613
2.13
2.073
2.112
1.542
2.56
3.29
1.606
2.388
2.619
2.796
2.598
3.759
2.955
3.094
3.657
2.383
2.264
1.672
2.126
1.574
2.844
3.104
3.925
3.855
3.967
3.575
2.935
3.646
2.733
2.329
2.223
1.544
2.467
3.236
3.381
3.642
3.229
2.002
2.777
2.341
3.2
2.411
3.214
1.9
3.397
2.115
2.316
2.579
2.671
3.455
3.445
2.683
2.177
3.273
2.72
1.769
2.879
3.2
2.428
2.158
2.375
2.216
1.519
1.742
3.048
2.222
3.848
3.542
2.615
2.948
3.454
1.75
1.9
1.512
3.176
1.847
3.602
3.503
3.139
2.956
2.902
3.645
3.839
2.642
3.971
3.161
2.017
3.534
2.984
3.02
3.988
3.789
3.408
1.778
1.948
2.258
3.282
3.078
3.62
1.705
1.635
1.681
1.949
3.848
1.633
2.068
3.615
3.315
2.614
2.59
3.436
2.096
1.796
2.251
3.881
1.553
3.351
3.686
2.341
2.545
3.943
2.94
1.648
3.78
2.405
3.63
2.792
3.516
3.763
2.344
2.284
1.82
3.485
2.65
3.675
2.669
2.942
2.816
2.427
1.984
2.482
2.661
2.498
1.952
2.181
3.654
2.433
2.774
1.743
3.96
2.255
2.061
1.714
3.411
2.376
3.753
3.382
3.543
3.427
3.771
2.765
1.553
3.344
2.048
1.843
2.64
2.172
3.139
2.158
3.513
2.876
2.91
2.129
3.335
3.424
2.992
1.97
2.277
3.989
1.65
1.581
2.626
3.796
1.626
2.708
2.33
2.65
2.141
3.511
3.054
3.962
3.183
2.997
2.149
2.593
3.213
3.972
2.72
3.625
2.78
2.486
2.699
3.451
3.289
3.451
3.268
2.705
2.151
3.974
3.838
1.555
1.976
1.558
3.914
1.903
2.372
2.785
2.332
3.366
2.348
1.926
2.718
2.738
2.982
3.508
3.773
3.004
3.11
3.941
3.295
3.371
3.803
1.991
3.025
2.454
3.674
3.471
2.352
3.268
3.908
2.546
2.161
3.211
1.568
3.404
1.771
2.565
2.238
2.317
1.746
3.295
3.73
1.951
1.814
3.581
2.565
2.472
2.538
3.727
3.857
3.582
2.315
1.882
1.564
1.77
3.296
3.193
1.527
1.703
2.483
1.917
3.914
3.467
1.914
2.193
3.53
3.511
3.421
3.82
3.431
3.048
3.614
2.59
3.089
3.686
2.747
3.01
2.021
2.433
2.597
2.069
3.577
2.825
1.676
3.23
2.901
2.973
1.783
3.082
1.726
1.883
2.78
3.689
2.914
1.932
1.61
1.922
1.782
2.799
3.751
1.818
2.392
3.669
2.522
1.855
3.631
3.486
2.286
2.954
3.984
1.987
3.577
3.021
3.794
3.365
2.92
2.338
1.501
3.346
2.865
3.168
1.557
2.456
1.603
2.759
2.599
2.459
2.474
1.612
2.576
3.38
2.523
3.964
2.49
3.904
3.251
3.096
3.829
3.901
2.861
1.727
3.083
1.923
2.389
2.58
2.076
2.393
3.357
2.069
3.257
2.246
2.264
3.56
1.666
2.153
3.337
1.899
1.839
3.142
1.785
2.845
2.776
3.358
2.075
3.481
1.924
2.09
1.974
2.843
2.039
3.151
1.84
1.553
3.285
3.255
3.963
3.805
1.744
3.012
1.713
3.735
2.806
2.401
3.043
1.735
3.25
1.812
2.934
3.002
3.648
3.965
3.586
2.017
1.987
1.529
3.555
2.3
2.347
3.759
