3.336
3.789
1.921
1.664
1.855
3.913
2.159
1.617
1.66
3.691
1.78
2.136
2.987
1.925
2.284
2.847
1.704
2.377
2.514
3.691
2.905
1.517
2.018
2.823
2.159
3.214
3.451
1.569
2.728
1.569
2.861
1.948
2.711
3.651
2.054
1.876
2.33
3.038
3.158
1.836
3.94
2.601
1.923
1.939
3.855
3.415
2.699
2.413
2.367
2.385
3.887
3.928
3.806
3.828
3.959
3.165
1.66
3.586
1.72
2.882
1.527
3.559
3.247
3.464
3.358
2.215
2.585
3.316
2.324
3.051
2.49
2.404
3.714
3.137
3.873
3.542
3.837
2.643
1.797
3.992
3.213
2.314
2.796
3.677
3.434
2.564
2.187
3.363
3.14
3.217
2.842
2.115
2.698
2.165
2.24
1.748
3.879
2.836
1.969
3.558
2.555
2.696
1.749
2.622
2.399
2.66
2.07
2.883
2.502
3.096
2.771
2.415
3.061
3.58
1.594
1.695
3.893
2.8
1.92
3.624
1.712
2.353
3.648
3.958
2.644
3.758
3.952
3.548
3.584
3.142
2.701
2.904
3.278
3.697
2.426
3.603
3.179
2.515
2.791
3.533
1.696
1.831
3.838
2.613
3.313
3.144
3.829
3.445
3.779
3.669
3.024
3.752
2.702
1.754
3.223
2.917
3.768
3.538
3.349
3.646
3.039
2.465
1.993
3.1
2.291
2.117
1.636
3.034
1.6
3.311
2.973
2.784
1.745
2.439
3.655
2.74
2.105
3.623
3.663
3.29
3.683
2.829
2.822
2.139
1.783
1.522
2.624
2.923
3.644
1.789
1.749
2.809
3.43
2.587
2.312
3.189
2.859
1.633
3.698
3.178
3.778
1.998
2.624
3.521
2.394
2.425
3.308
2.026
2.784
2.832
2.781
3.618
2.565
1.976
3.822
3.179
3.787
3.741
3.426
2.558
3.681
3.151
3.189
2.423
3.93
1.535
2.795
3.355
2.953
1.877
3.951
2.14
2.559
2.087
2.533
1.526
3.442
2.322
1.716
2.837
1.564
2.262
1.769
1.666
3.751
2.342
1.555
2.905
3.427
1.865
2.666
3.747
1.986
3.547
3.247
2.227
3.085
1.661
2.129
2.361
2.302
3.222
2.277
2.706
3.237
3.387
2.782
2.805
2.553
1.854
2.042
1.755
3.113
2.552
3.407
3.602
3.312
2.384
2.869
1.965
1.573
3.772
2.947
3.303
1.57
3.07
2.85
1.861
2.677
1.504
3.045
3.155
2.453
3.797
3.412
2.396
1.591
3.956
3.207
3.243
2.192
3.564
2.726
2.817
1.988
3.809
3.826
1.688
3.555
3.825
3.483
2.244
1.871
3.021
2.609
3.841
2.518
3.726
3.966
3.671
2.079
1.686
3.034
3.42
2.035
3.656
1.963
3.975
3.467
3.429
2.271
2.993
3.297
3.97
1.602
3.105
3.376
1.533
3.763
3.675
1.599
2.234
3.118
3.944
1.505
3.687
3.306
3.904
3.594
1.879
3.077
2.392
3.686
2.022
2.592
3.442
2.944
3.641
3.688
2.355
2.081
3.132
3.045
2.181
3.979
3.106
1.52
2.69
1.706
2.235
3.641
3.683
3.508
3.564
3.884
3.278
3.318
2.136
1.822
3.338
3.696
1.656
3.475
2.947
2.29
3.466
3.061
2.328
2.334
1.965
3.593
3.925
3.461
3.306
3.369
3.537
2.513
3.677
2.221
3.016
1.98
1.619
3.157
3.922
1.652
2.607
3.402
2.864
2.438
1.692
3.7
2.8
3.123
2.3
2.813
3.817
1.639
3.015
3.962
3.216
3.867
2.328
3.637
3.302
2.28
1.677
1.678
2.738
3.382
3.287
2.731
1.982
2.763
1.725
1.688
2.305
2.098
2.537
3.039
1.87
2.843
1.617
3.779
2.053
3.284
2.726
2.598
2.411
1.602
1.867
3.582
3.674
2.881
3.288
3.379
3.449
2.07
2.76
1.617
2.843
3.746
1.676
3.042
2.333
2.562
3.94
1.716
3.043
2.303
2.955
2.549
2.482
3.145
3.868
3.664
3.809
3.148
3.16
3.583
3.556
2.699
2.13
3.8
1.504
3.305
2.006
1.935
3.898
1.578
3.497
2.856
1.899
2.936
3.013
3.693
2.266
1.976
2.145
3.983
1.927
1.529
1.859
2.668
2.245
1.996
2.831
2.582
1.604
3.785
3.041
1.87
2.437
3.414
1.969
3.583
1.528
1.512
2.71
3.31
2.956
3.038
1.81
3.909
2.973
3.383
2.877
1.945
2.423
2.672
3.061
3.394
1.747
3.624
2.694
2.099
3.275
1.596
3.6
2.249
3.544
3.342
2.349
3.119
3.466
1.986
2.92
3.506
3.276
3.281
2.657
3.105
2.773
2.039
3.841
3.16
2.592
2.015
3.181
3.811
1.538
2.907
3.478
1.765
2.643
3.728
1.85
3.6
1.681
2.633
2.438
1.672
3.368
3.821
1.8
1.6
3.8
2.371
2.4
2.701
1.633
2.345
3.776
2.476
2.574
3.52
2.225
2.978
2.912
2.681
2.587
3.157
2.87
1.572
2.277
1.734
1.731
1.95
3.595
1.724
3.539
2.224
1.513
3.46
2.519
3.667
3.133
3.646
3.253
2.781
3.89
3.97
2.228
2.332
2.26
3.289
3.876
3.155
3.241
1.906
2.275
3.255
2.641
3.62
3.865
2.033
3.192
1.746
3.536
2.519
1.509
2.556
2.172
2.009
2.623
2.138
3.937
1.798
2.133
2.538
2.762
3.143
3.596
3.526
1.609
3.733
1.617
3.537
2.951
1.613
3.684
2.479
3.466
3.895
1.733
2.562
3.959
1.527
1.739
2.537
1.88
2.02
2.522
2.113
3.186
3.924
1.887
3.911
1.917
2.725
2.309
2.377
2.013
1.94
1.785
1.834
2.015
1.942
1.926
3.441
2.924
3.648
2.094
1.588
3.837
2.883
3.104
2.72
3.637
3.832
3.973
2.054
3.793
2.375
1.994
1.815
2.267
3.677
2.451
2.212
3.222
1.925
2.283
2.031
2.903
2.451
3.468
2.969
3.75
2.922
3.206
2.886
2.234
2.664
3.508
2.31
2.291
2.729
2.697
3.133
3.344
2.772
2.652
2.734
1.602
3.423
2.459
3.771
3.792
3.861
3.242
1.872
3.389
2.11
2.879
2.584
3.596
1.53
3.337
2.349
1.736
2.597
2.083
1.795
3.812
2.815
1.989
2.599
1.661
3.55
1.854
1.931
2.955
2.082
2.111
3.026
2.508
1.824
2.484
2.387
3.441
1.907
3.032
1.935
2.05
3.144
2.906
2.098
3.576
2.489
3.521
3.524
3.79
3.607
3.481
3.577
2.255
2.742
3.77
3.506
3.105
2.898
3.953
1.579
3.998
3.065
1.965
1.582
3.87
3.798
3.136
2.109
2.302
2.115
2.299
2.802
3.998
2.317
2.428
3.223
1.614
3.086
3.037
3.243
1.544
2.057
2.727
3.512
2.099
3.537
1.858
3.494
2.119
2.352
2.61
2.131
3.177
3.626
2.509
2.362
2.121
3.349
1.591
2.384
2.816
2.229
1.572
1.986
2.094
2.01
1.578
3.643
3.119
3.641
3.112
3.071
1.892
3.885
2.722
2.864
3.308
1.58
2.483
2.011
2.781
2.767
3.327
1.659
3.448
3.607
1.61
3.465
3.436
3.968
1.83
3.048
3.587
3.438
1.602
3.503
3.794
2.977
3.903
2.025
3.606
2.624
3.525
2.77
3.602
3.023
1.861
3.022
1.545
3.244
2.356
2.234
3.476
2.373
3.871
1.795
1.979
2.46
3.244
1.793
2.906
2.648
2.468
2.211
1.575
3.673
2.599
3.113
2.159
3.207
2.067
3.459
3.76
1.726
3.944
2.288
1.794
2.058
2.392
3.167
2.417
2.621
3.5
3.281
3.876
2.478
1.856
2.636
3.76
3.93
3.783
3.852
2.841
2.875
1.717
2.609
1.905
2.906
2.408
2.956
3.605
3.311
1.503
3.762
3.311
2.473
2.274
3.815
1.848
3.161
3.406
3.217
2.895
3.515
2.842
2.604
3.521
3.552
2.018
2.082
1.699
2.048
1.648
3.176
3.396
2.921
3.326
2.181
3.449
3.831
3.055
1.739
2.177
2.462
3.146
1.707
3.73
2.841
3.124
2.783
3.109
3.125
3.217
2.328
1.907
1.5
2.653
2.86
2.597
1.916
2.248
2.635
3.343
3.015
1.82
3.404
2.581
2.867
3.307
2.947
1.604
3.177
2.82
1.989
2.211
1.813
2.509
3.876
1.949
3.868
3.686
3.666
3.4
3.773
3.232
1.782
1.722
2.673
2.156
2.311
3.316
1.718
2.694
3.196
2.231
2.056
1.573
2.346
2.148
3.937
1.632
1.566
3.123
2.184
2.157
3.075
2.585
2.788
2.277
2.351
2.994
2.892
2.5
2.481
1.774
3.964
2.582
3.723
3.952
2.949
2.203
1.757
1.695
2.725
3.575
2.583
2.42
1.969
2.649
1.61
1.685
1.841
2.714
2.295
2.916
3.095
1.734
3.965
2.285
3.771
3.772
3.165
2.92
2.498
3.906
1.753
2.403
1.961
3.241
3.718
2.172
2.807
3.552
1.567
2.652
2.031
1.861
2.082
1.539
1.847
3.031
3.637
3.888
3.043
3.63
2.997
3.759
2.012
2.878
1.726
3.884
1.585
3.76
3.367
2.053
3.096
2.458
2.386
1.821
3.23
3.452
1.799
1.759
3.128
3.487
2.254
2.598
3.487
3.129
1.762
2.762
3.889
3.912
2.781
3.846
3.33
3.193
2.895
2.12
3.291
3.98
1.971
2.605
2.994
3.271
3.683
1.67
3.495
2.347
3.449
3.738
2.628
2.655
3.66
3.869
1.58
3.524
2.112
3.213
3.862
3.3
2.656
1.779
2.399
2.852
3.763
2.765
2.488
2.978
1.932
3.212
1.555
2.408
1.997
1.554
1.61
2.954
3.224
3.914
2.964
3.497
1.836
2.221
1.751
3.175
2.076
2.367
2.208
3.504
3.989
3.782
2.611
3.284
2.598
2.032
2.158
2.902
1.832
2.729
3.906
1.576
2.943
2.6
2.858
2.95
1.62
2.618
2.189
3.812
3.513
3.888
2.72
3.524
3.244
2.171
1.62
2.632
3.246
3.246
2.137
2.318
3.33
3.209
3.073
2.05
1.679
3.614
1.939
3.487
1.646
2.884
1.776
2.66
3.69
1.89
2.276
2.28
3.782
2.06
2.842
2.601
2.043
2.56
3.773
1.862
2.256
1.556
3.652
2.745
2.277
3.707
3.187
3.805
3.484
1.909
1.729
1.618
2.458
3.728
3.495
3.162
1.594
2.343
2.357
3.782
1.785
2.831
3.593
3.38
3.405
1.74
3.067
1.642
3.816
1.837
2.502
2.344
3.092
1.663
2.547
2.69
2.404
2.66
3.548
1.678
3.527
2.136
3.597
1.528
2.066
3.285
3.815
1.787
3.507
3.842
3.392
3.839
2.903
3.791
1.656
1.781
2.583
2.697
2.545
3.646
1.621
2.259
2.201
2.479
2.668
2.763
2.689
2.564
3.935
2.168
1.885
3.295
2.437
2.969
1.529
2.963
1.713
2.635
3.292
2.717
2.604
2.98
3.113
1.959
2.524
2.288
3.44
3.979
2.101
3.873
2.429
2.986
2.829
2.406
1.633
2.781
2.499
3.187
1.513
1.585
1.975
2.652
2.125
3.948
2.436
2.653
2.727
1.719
1.858
2.994
1.64
2.932
2.261
2.053
1.841
3.258
3.008
3.307
2.286
3.197
3.244
1.5
3.132
3.885
2.146
2.399
2.559
2.671
3.087
2.404
3.079
2.302
3.837
3.705
2.17
3.036
3.647
2.674
3.267
3.715
2.04
2.878
3.477
3.861
3.293
2.047
2.698
2.647
1.953
3.153
2.062
3.861
1.604
3.976
2.065
3.198
3.719
3.721
3.429
1.847
2.559
3.965
3.289
3.786
2.772
3.303
3.032
2.309
2.767
2.04
2.13
2.553
1.879
1.954
3.449
3.421
3.859
3.52
1.963
2.515
2.362
1.84
2.605
2.566
1.923
2.515
2.955
1.644
3.419
2.378
2.117
2.769
2.433
1.927
2.183
1.855
2.295
3.901
1.625
1.527
1.508
1.648
2.297
3.218
3.795
3.367
2.226
2.95
3.2
3.454
3.229
3.059
2.712
1.74
3.31
1.557
2.39
1.996
3.026
1.939
2.994
1.645
3.609
2.828
1.515
2.798
2.334
1.966
2.797
2.226
2.139
3.814
1.567
2.821
2.491
2.373
3.129
2.216
3.532
3.652
2.687
2.292
2.085
2.347
3.739
1.67
1.536
3.975
3.132
2.787
1.517
1.626
3.662
1.806
3.693
3.863
2.388
1.754
3.48
2.474
1.964
3.329
2.949
1.626
2.9
3.458
1.67
3.251
2.51
2.088
2.762
2.123
2.784
2.33
3.369
3.707
2.115
2.648
3.726
3.226
2.044
3.893
2.889
2.819
2.548
3.321
1.859
3.18
1.908
2.396
3.55
3.643
3.37
1.69
3.891
2.637
2.078
2.554
1.796
2.486
3.873
2.803
3.707
3.884
3.024
2.329
3.551
3.633
2.33
3.61
2.135
3.923
2.594
3.056
1.871
1.824
3.538
3.995
3.476
2.11
3.097
2.517
1.828
1.929
3.705
2.06
3.822
1.873
1.876
3.0
2.633
2.039
3.149
2.866
2.049
3.844
1.535
3.441
2.243
3.951
1.944
3.829
2.224
3.282
2.904
1.866
2.988
3.217
1.952
2.397
2.307
3.877
1.754
1.867
1.743
1.839
3.034
2.31
1.793
1.991
3.596
1.695
2.625
2.83
3.539
3.36
1.803
3.503
2.033
2.753
3.871
2.343
2.375
3.016
2.084
3.196
2.245
3.452
2.037
3.042
2.943
2.239
2.575
3.385
3.375
2.512
2.931
2.831
2.135
2.443
1.892
2.032
1.977
3.6
3.181
1.809
3.865
2.721
1.682
2.454
3.531
2.497
2.509
2.9
2.502
2.443
3.194
2.666
2.911
3.253
1.762
3.032
2.816
3.154
3.727
3.07
3.447
3.434
3.377
2.3
2.212
2.668
2.556
1.996
1.89
2.266
3.927
3.891
3.807
2.82
2.64
3.292
3.97
3.924
2.074
3.06
2.661
3.183
2.09
2.196
3.99
3.433
1.705
1.935
2.095
3.327
1.891
3.645
2.978
2.61
1.922
2.733
3.506
2.697
2.067
3.23
1.999
2.731
2.15
2.046
2.467
2.088
3.652
3.638
3.902
1.972
1.922
2.118
1.835
1.618
1.584
3.239
2.577
3.522
2.222
1.836
1.986
2.267
2.315
3.511
1.794
3.351
1.988
3.952
3.916
2.196
2.224
2.703
2.427
3.344
2.834
2.987
2.965
3.697
2.663
2.173
2.966
2.829
3.932
1.952
3.458
3.723
2.336
2.841
3.365
3.465
2.079
2.048
2.343
2.071
2.212
2.687
3.238
2.988
1.501
3.842
2.681
3.901
3.093
3.617
3.812
2.397
2.656
1.902
3.175
2.908
1.56
3.172
3.84
3.868
2.748
3.684
3.292
2.635
2.384
2.589
2.276
3.026
3.762
3.698
1.874
3.438
2.997
3.943
1.751
1.956
2.624
1.599
2.912
3.454
3.375
3.546
2.878
1.549
3.899
1.582
3.551
2.698
1.54
1.727
3.357
3.312
1.904
2.711
1.827
3.089
2.708
2.636
2.575
2.036
2.59
3.828
1.508
2.23
3.194
1.58
3.22
1.818
1.925
3.321
1.877
3.491
3.383
2.138
2.073
3.49
2.445
2.084
1.592
3.815
1.858
3.698
3.959
2.892
2.464
2.346
1.954
3.225
1.873
3.876
2.723
3.436
1.692
1.713
2.3
2.715
2.9
2.179
2.591
3.257
3.474
3.668
1.556
2.393
2.942
2.862
2.387
2.427
1.669
3.088
1.898
2.56
3.027
2.768
2.371
1.706
1.896
2.658
3.122
3.459
2.254
3.234
3.461
2.187
3.395
2.482
2.548
1.749
2.733
2.847
1.551
3.188
2.163
3.951
2.328
3.458
3.198
3.483
3.718
3.791
1.831
1.987
2.818
3.411
3.278
2.205
3.046
3.187
3.893
2.128
3.124
3.787
1.528
2.362
2.496
2.743
2.779
2.945
3.395
2.848
1.981
2.422
1.739
3.758
3.889
3.3
3.725
3.066
3.347
2.769
2.237
2.739
3.01
3.096
2.721
2.427
3.67
2.967
2.433
2.44
2.187
3.61
2.221
1.802
3.145
2.717
2.046
1.63
3.495
3.485
2.416
3.004
2.41
3.252
3.683
2.348
3.612
3.48
1.697
3.552
1.508
1.741
2.656
3.0
3.04
3.223
2.582
3.487
3.383
3.167
2.839
2.802
1.76
2.274
1.946
3.824
3.995
2.431
3.054
1.776
3.358
2.16
2.367
2.517
2.86
1.878
2.701
2.279
1.919
3.157
3.886
2.442
3.246
1.73
2.258
2.405
3.074
1.734
3.303
3.382
2.061
3.397
2.303
1.599
1.696
2.627
2.854
2.421
3.089
1.672
1.885
1.936
3.711
1.503
3.403
2.75
2.858
2.774
3.905
1.856
3.14
1.697
3.98
2.642
2.741
3.093
2.198
3.516
1.744
3.269
3.332
2.365
2.246
3.041
2.716
2.704
3.918
3.664
2.575
2.89
3.888
1.832
3.372
2.692
3.287
1.795
3.943
3.555
2.547
3.563
1.815
3.95
2.008
2.058
3.55
3.248
3.09
2.895
2.289
3.469
1.505
2.979
3.774
1.67
3.107
3.947
2.374
3.049
2.036
2.014
3.025
2.63
2.415
1.996
3.715
3.304
3.732
2.871
3.34
3.179
3.936
2.236
2.647
3.418
1.586
2.054
2.01
1.545
3.961
3.216
2.76
1.94
2.679
3.262
3.231
3.25
3.573
2.709
3.426
2.749
2.103
3.11
1.862
1.843
1.552
2.888
1.586
1.782
3.225
1.845
2.739
2.377
3.441
1.904
2.339
2.257
3.62
3.827
2.732
2.325
2.363
2.231
2.348
3.159
3.506
2.56
3.402
1.555
2.541
1.615
1.504
2.354
2.994
3.082
3.368
3.908
2.38
3.947
2.954
2.507
2.267
2.557
1.86
2.121
3.117
2.302
2.263
3.981
3.594
1.931
3.856
3.235
2.897
3.842
3.266
3.518
3.348
2.365
2.887
3.41
2.381
3.593
2.917
3.378
3.107
1.709
3.617
2.233
2.691
3.98
3.776
2.115
3.266
2.936
2.908
2.444
2.451
2.194
2.757
3.631
1.724
1.939
2.487
2.022
3.801
2.29
3.506
3.024
2.511
3.003
1.834
3.879
1.557
1.676
3.69
1.84
3.086
2.213
3.049
2.281
1.853
3.313
1.561
1.953
3.569
3.273
3.438
2.238
3.722
3.519
2.394
1.969
3.957
2.299
2.463
1.501
2.857
3.663
2.039
3.439
2.984
1.704
3.024
3.573
3.611
2.68
3.103
1.521
3.847
3.908
1.801
2.16
3.342
1.319
2.243
3.116
1.571
2.358
2.545
3.626
2.511
3.614
3.877
2.083
3.376
3.9
3.259
3.631
2.804
2.006
1.766
2.719
2.422
3.237
2.63
3.768
1.785
2.316
3.784
3.668
2.641
3.552
3.606
2.46
2.256
3.715
2.367
1.775
1.551
1.565
2.698
1.708
2.47
3.832
1.709
3.241
2.935
3.662
2.944
3.482
3.334
3.663
1.583
3.341
1.677
2.06
1.604
2.636
2.672
1.877
3.32
1.885
3.084
3.478
3.429
3.174
1.512
1.812
1.947
3.359
2.625
2.327
2.113
3.128
2.863
3.793
2.907
2.412
1.869
3.918
3.33
2.638
3.981
2.427
1.553
3.764
2.3
2.364
2.474
3.324
3.817
2.332
3.789
1.735
3.556
3.897
2.665
2.127
1.96
1.504
3.203
2.137
3.459
3.345
2.281
3.607
2.44
3.26
3.146
2.028
3.835
2.344
2.186
1.636
3.562
2.559
2.829
1.744
2.693
3.233
2.958
1.588
1.742
3.044
2.923
1.6
3.373
3.397
2.39
2.047
2.476
2.666
2.473
2.8
2.645
3.363
2.46
2.591
2.909
2.534
2.224
1.869
1.883
2.616
2.566
2.089
2.012
1.61
2.686
2.777
1.583
2.986
2.93
2.489
3.754
3.258
3.711
3.591
2.274
1.965
3.861
3.793
3.413
2.641
2.473
1.529
3.199
2.903
3.589
1.555
1.738
3.329
2.526
3.958
3.291
2.506
2.56
1.753
2.043
2.682
2.161
3.416
2.565
3.883
3.247
3.435
1.553
1.914
3.301
3.285
2.475
3.731
2.387
3.663
2.736
2.839
1.589
3.483
2.895
2.578
1.874
2.145
2.793
1.736
3.287
1.755
3.086
3.618
3.325
2.891
3.438
1.5
3.291
2.91
1.764
2.636
3.247
3.515
1.832
2.228
2.062
2.04
3.002
2.851
2.839
1.805
3.886
3.376
3.428
2.602
3.962
2.233
3.19
1.806
3.891
3.464
2.45
3.645
3.631
1.976
2.217
3.037
3.736
3.681
3.136
2.814
1.924
3.621
3.229
3.155
3.778
1.827
3.349
1.722
3.0
3.011
3.59
3.267
2.836
1.744
1.571
2.942
3.171
3.646
3.046
2.929
3.148
2.467
3.11
3.052
2.745
1.855
3.042
2.512
1.574
2.551
2.874
3.419
3.907
1.814
1.627
3.113
3.129
3.724
3.616
3.339
3.237
2.232
2.241
2.981
2.482
3.68
2.2
2.062
2.539
3.633
2.854
2.687
2.186
1.943
2.507
2.968
1.955
3.38
2.284
1.613
3.889
3.672
2.973
2.756
3.926
3.251
3.867
2.103
3.81
3.37
3.287
3.665
2.307
2.984
2.972
2.109
3.243
2.02
3.756
1.954
2.484
1.847
1.87
3.947
3.785
3.337
3.685
3.058
2.868
1.884
3.655
3.739
3.575
1.579
2.131
2.776
1.507
3.962
2.509
2.767
2.539
1.934
3.6
3.08
3.324
2.409
3.07
2.438
2.015
1.729
3.648
3.471
3.14
3.024
3.685
1.665
3.318
3.198
2.749
2.165
3.409
3.133
2.018
2.118
3.353
2.943
1.97
3.425
2.967
2.015
2.178
3.964
2.51
3.362
1.642
3.569
3.701
3.744
3.73
3.42
3.696
1.553
2.016
2.997
2.07
1.64
1.796
2.828
1.871
3.575
2.607
3.376
1.718
2.732
3.883
1.797
3.104
3.127
3.267
1.506
3.102
3.15
2.277
2.849
2.603
2.576
1.799
3.502
3.503
3.956
3.788
1.817
3.786
2.092
3.641
1.536
1.547
2.842
3.693
1.867
2.415
3.52
2.142
1.514
3.289
3.135
2.892
2.394
2.326
3.841
1.992
2.074
1.507
2.881
3.132
2.179
3.534
2.8
2.053
2.876
1.76
2.331
1.535
3.632
3.305
2.222
1.667
1.535
2.265
3.03
3.711
3.717
3.935
3.571
1.77
3.855
2.379
2.555
3.343
2.584
2.847
3.473
2.261
3.537
3.543
3.215
2.692
3.814
2.357
3.439
3.744
3.603
1.692
3.843
1.78
3.297
1.711
1.544
3.668
2.016
2.522
3.93
2.627
3.898
1.532
1.842
2.392
3.094
3.571
3.953
2.616
2.793
1.621
3.634
3.724
1.608
2.807
2.95
2.239
1.571
2.5
1.669
1.85
2.25
2.232
3.181
1.752
2.199
2.235
3.707
2.666
3.663
3.495
3.632
3.317
1.656
3.126
2.511
2.65
1.711
2.324
3.341
2.173
3.386
2.823
3.358
3.299
2.963
2.717
2.457
2.801
2.544
3.515
3.766
1.872
2.738
1.545
2.479
3.582
3.435
2.947
2.0
3.093
3.368
2.66
1.872
3.814
2.388
2.31
3.654
2.095
3.443
2.662
2.192
2.576
3.005
2.358
3.101
2.172
2.254
1.871
2.627
1.667
2.519
2.31
2.951
3.954
2.918
2.907
1.772
1.505
3.402
2.039
3.952
2.177
1.768
2.308
2.265
3.688
2.739
2.979
3.987
1.587
3.659
3.448
1.75
2.374
1.595
3.527
3.052
3.637
3.64
3.65
1.854
3.568
2.439
3.494
1.672
2.531
2.401
3.439
1.907
1.701
3.568
1.693
2.806
1.559
2.321
3.69
2.507
2.366
2.138
2.004
2.382
1.951
2.366
2.884
3.692
3.779
3.765
1.691
1.818
2.227
2.175
1.87
3.106
3.743
1.605
3.722
2.863
3.938
2.463
1.882
3.688
1.623
1.588
2.102
3.093
1.704
2.177
2.898
2.695
2.049
2.261
2.093
3.743
3.675
2.667
1.54
3.22
2.061
1.961
3.172
3.243
2.676
2.05
3.551
2.384
2.714
3.042
2.09
3.817
1.819
1.75
2.671
3.366
2.119
1.877
3.583
2.701
2.414
1.718
2.059
2.998
1.597
3.002
2.66
3.102
3.35
2.74
3.95
3.464
3.169
3.849
2.582
1.939
3.068
2.111
2.603
2.631
3.87
3.768
3.656
1.667
2.672
2.869
1.829
1.598
3.116
3.888
2.344
2.59
1.549
3.504
3.381
1.661
1.692
1.531
1.969
2.169
1.813
3.815
2.693
2.174
2.445
2.085
3.26
1.654
2.617
3.933
2.386
3.408
3.427
2.876
2.914
3.596
3.531
1.861
3.508
3.212
2.963
3.186
2.283
3.902
3.304
1.59
3.523
3.129
1.691
2.722
2.099
2.446
3.272
3.36
2.069
3.763
1.963
3.011
3.09
1.908
2.299
2.436
2.794
1.715
2.7
2.969
3.533
3.054
2.004
1.883
3.795
2.799
2.374
1.828
1.689
2.023
1.803
2.48
3.105
2.753
2.019
2.58
2.638
2.428
1.8
2.701
3.886
3.369
1.853
2.034
2.076
2.027
2.669
1.542
2.507
2.472
2.598
1.763
3.81
3.431
3.771
2.878
3.412
3.819
1.993
2.053
2.26
3.816
1.857
3.219
2.684
2.452
2.085
1.563
2.301
1.961
1.998
2.857
2.693
3.653
1.966
3.952
2.71
2.044
3.211
2.484
2.166
3.527
3.527
1.784
3.942
3.19
3.068
2.691
2.841
2.232
2.158
3.674
3.207
2.267
3.68
1.934
2.571
2.621
2.849
1.631
1.568
1.966
3.653
2.209
3.734
3.336
2.079
2.008
1.541
1.784
1.75
2.032
1.511
3.807
2.002
3.055
2.11
2.604
3.635
1.691
2.597
1.508
1.802
2.517
2.08
2.945
3.521
3.625
2.517
1.861
2.194
2.174
2.745
3.073
1.822
1.851
1.548
2.936
2.889
2.671
3.845
2.029
2.124
1.914
1.997
2.008
3.077
3.041
2.247
3.275
3.39
1.712
3.336
2.291
2.555
3.967
3.993
2.775
1.655
2.274
2.911
1.965
3.439
2.395
3.973
1.996
3.844
3.897
3.484
3.297
2.401
1.643
2.498
1.513
3.131
3.986
3.785
1.918
2.069
2.727
2.64
2.278
3.997
1.735
1.797
2.546
3.605
3.375
3.76
2.142
3.588
2.152
2.21
3.313
1.904
2.671
2.122
2.421
1.919
1.738
1.716
3.534
2.884
3.161
3.548
3.53
2.045
2.829
3.727
3.892
3.047
3.09
3.876
1.912
2.183
2.949
3.87
3.505
3.489
3.291
3.936
3.231
2.301
3.626
3.134
2.541
2.585
3.569
3.434
2.832
3.902
3.947
3.874
3.974
2.937
2.396
2.778
2.175
1.702
1.57
3.514
1.941
3.084
3.003
1.745
3.532
3.856
2.08
2.027
1.659
2.459
2.717
2.529
3.223
3.708
1.939
2.28
3.386
2.565
3.725
2.549
1.908
3.58
3.096
1.709
3.057
1.809
2.255
2.635
1.714
3.123
3.684
2.848
2.3
2.61
2.784
3.398
2.29
2.498
2.321
3.883
2.96
2.156
3.003
3.039
3.048
2.591
2.181
2.738
3.376
2.15
3.395
2.083
3.363
1.93
3.991
3.234
2.874
3.064
3.133
1.611
2.267
2.484
3.904
3.439
3.734
2.314
2.226
2.44
3.146
2.967
3.737
3.349
1.767
2.196
2.77
3.339
2.467
2.533
2.775
1.62
2.369
1.891
3.599
3.335
3.412
3.786
1.667
1.874
2.557
1.813
3.378
1.631
1.546
3.499
2.635
2.592
1.733
2.438
3.612
1.735
2.804
3.09
2.73
3.915
3.382
2.217
2.119
3.07
3.051
2.646
3.989
2.32
2.371
2.18
3.405
1.977
3.327
2.845
3.102
3.457
3.287
1.827
1.707
1.692
2.732
2.295
2.71
3.657
2.52
3.014
2.99
3.788
3.419
2.822
1.647
2.374
1.867
2.467
1.548
3.258
3.187
2.045
2.085
3.191
2.803
3.753
3.07
1.67
3.434
3.027
2.801
2.511
2.474
3.76
2.173
1.944
1.562
2.033
1.675
2.712
2.101
3.932
2.935
1.742
3.815
3.253
2.933
2.244
3.891
1.609
3.853
2.528
3.713
3.777
3.968
2.207
3.26
3.343
1.93
3.368
2.702
3.794
2.152
2.849
2.34
3.865
1.814
2.587
2.116
3.727
3.067
2.746
2.58
1.64
3.568
3.559
1.89
2.652
2.224
2.793
3.961
1.747
3.336
3.119
2.965
2.556
2.426
3.068
3.16
2.467
2.967
3.598
2.231
2.507
2.52
2.922
2.31
1.544
2.693
1.865
1.762
2.76
1.765
2.257
2.167
3.444
3.305
3.007
3.931
3.656
1.572
2.624
2.235
2.026
2.267
1.655
2.897
3.684
3.354
3.434
3.523
2.029
2.486
1.833
3.835
3.473
1.823
3.265
1.775
3.285
3.411
1.874
1.506
3.871
1.597
1.894
1.655
3.83
3.173
2.197
1.937
1.913
3.512
3.86
3.128
3.021
3.318
2.468
1.61
2.448
3.659
3.663
3.349
3.465
3.037
3.466
3.724
3.158
2.914
2.383
1.55
3.393
2.353
3.334
3.063
1.83
1.932
3.228
1.734
3.183
3.955
3.623
1.533
3.889
3.193
1.817
1.781
2.424
3.0
3.209
1.7
2.802
3.119
1.635
2.719
2.19
3.352
3.328
2.0
2.524
3.807
1.607
1.635
2.415
3.105
1.522
3.176
2.952
2.846
3.285
3.641
2.941
2.628
3.169
2.975
2.435
3.565
3.796
2.198
2.112
2.185
1.852
2.175
3.831
1.878
2.587
3.925
3.006
3.106
3.801
2.751
3.087
2.212
1.802
1.783
2.935
2.411
3.382
2.86
1.766
2.923
2.997
2.474
2.645
3.742
3.594
3.029
2.455
3.006
1.549
3.851
3.752
3.735
3.33
3.299
2.134
2.098
3.761
3.918
2.174
2.75
3.415
2.173
3.059
2.335
3.345
2.522
2.151
3.774
1.719
3.295
2.016
3.652
3.73
2.282
1.747
2.428
1.759
2.127
3.946
1.699
3.034
2.517
2.041
2.31
1.688
2.411
3.962
3.553
3.444
1.742
1.906
2.661
3.378
2.759
3.4
2.666
2.731
2.591
2.547
2.066
2.136
3.328
3.109
2.014
1.688
2.38
2.806
2.583
2.1
3.895
3.114
3.117
3.907
2.049
1.552
3.362
2.194
1.884
2.951
3.546
2.033
1.592
1.59
2.732
2.182
2.832
2.239
1.77
2.211
2.054
1.763
3.254
2.686
3.456
3.913
3.072
1.653
3.266
2.845
2.107
2.491
3.201
1.707
3.049
3.375
2.744
2.284
2.641
2.261
1.65
1.804
2.489
2.629
1.849
3.504
3.868
1.924
2.341
1.988
2.449
2.54
2.825
2.786
1.505
3.326
3.318
1.562
2.047
2.218
3.219
3.95
3.222
2.807
3.16
3.12
3.064
2.696
3.58
3.739
3.397
3.341
2.01
2.368
2.934
3.401
3.715
2.183
2.511
3.382
2.521
2.381
3.83
3.346
1.623
3.356
2.582
1.62
1.808
3.145
3.239
1.718
1.825
1.581
1.532
3.817
2.393
2.279
2.135
2.938
2.173
2.639
2.183
3.472
3.069
2.852
2.763
3.935
2.157
2.915
3.293
3.1
2.003
3.132
3.545
3.065
3.371
3.808
3.244
3.904
1.879
1.641
1.853
2.548
2.297
3.411
2.398
3.777
2.108
3.912
3.529
3.303
2.157
2.814
1.836
3.401
3.473
2.071
3.508
3.446
2.26
1.882
2.446
3.461
3.649
3.702
1.822
3.318
3.414
1.904
2.849
3.484
2.23
2.472
3.652
3.159
1.537
1.8
2.319
2.034
3.633
1.778
2.437
2.561
3.578
2.114
2.14
1.506
2.988
2.461
2.385
3.273
2.695
1.656
3.934
3.494
1.926
3.482
2.412
3.078
1.52
2.529
3.175
2.35
1.798
1.648
3.82
3.102
2.611
3.214
3.545
1.566
3.965
3.398
3.632
1.675
1.691
3.139
3.164
3.652
2.619
3.206
3.469
3.461
2.071
3.235
2.327
2.139
1.791
3.412
3.387
2.338
3.76
3.619
2.878
3.788
2.094
2.166
3.155
3.461
3.569
3.315
2.501
2.526
2.355
3.329
2.569
1.659
2.763
3.501
2.366
1.634
2.504
2.938
3.294
2.346
1.665
2.59
2.522
2.391
2.021
1.745
3.38
1.989
2.382
1.97
3.07
3.05
2.884
3.728
3.632
2.946
3.717
2.137
1.656
3.281
3.635
3.89
1.702
3.367
3.62
3.848
3.181
2.588
3.895
1.715
3.895
3.655
1.545
2.429
2.206
3.383
2.861
2.927
2.344
3.453
1.638
2.481
3.179
3.491
1.727
3.172
3.784
2.725
2.957
3.092
3.731
2.955
2.51
3.357
3.964
1.725
1.561
2.252
2.483
3.988
2.945
1.846
1.873
2.077
1.726
1.894
1.937
1.671
1.566
1.682
2.299
2.055
3.726
3.344
2.141
1.626
3.22
2.055
2.741
1.848
3.435
2.131
3.34
3.486
2.285
1.929
3.459
3.056
3.183
1.772
3.992
2.034
2.944
3.956
2.267
2.39
1.876
2.564
2.652
3.006
1.809
3.203
3.455
3.182
3.812
3.269
3.398
1.879
3.679
3.576
2.603
2.556
1.871
2.788
2.789
3.151
2.367
2.528
3.89
1.903
3.459
2.233
3.482
2.116
2.17
3.677
3.085
2.235
3.892
1.696
2.432
2.83
2.789
3.006
3.681
2.648
2.321
3.212
2.026
2.192
3.076
2.209
3.236
2.485
3.249
3.693
2.635
2.497
1.674
3.813
2.181
2.189
2.916
2.728
3.237
2.371
2.728
3.029
3.86
3.391
2.623
1.746
3.582
1.936
4.0
1.831
3.268
2.513
3.665
3.022
3.213
2.043
2.355
1.623
2.046
2.325
2.882
2.58
2.08
2.06
1.596
2.477
1.987
2.434
1.782
3.916
2.232
2.552
1.943
3.103
2.274
2.878
2.873
2.605
3.852
3.073
2.908
1.989
2.872
3.967
2.354
3.433
1.943
1.696
2.216
1.668
1.604
3.548
2.407
3.599
2.25
1.964
3.701
1.535
2.459
3.136
2.415
2.846
3.941
2.495
1.588
2.44
2.996
1.994
3.855
1.994
2.05
2.653
1.844
3.423
2.224
3.749
3.295
3.943
2.364
3.635
1.776
2.861
3.73
3.236
2.662
2.567
2.302
3.834
3.466
3.435
3.172
2.36
3.919
2.958
2.523
2.33
3.031
2.785
2.319
2.095
3.127
2.189
3.697
2.223
2.14
3.169
3.502
2.652
3.197
1.873
2.369
2.653
3.164
2.992
2.966
2.158
2.731
1.914
3.188
1.701
2.263
2.622
3.654
3.075
2.935
1.533
3.622
2.344
3.062
2.012
3.843
3.586
3.075
3.378
2.825
3.948
2.279
2.611
3.606
3.725
2.106
2.803
3.785
3.538
3.958
1.721
3.663
2.33
3.864
3.214
2.209
3.689
3.828
2.569
1.642
3.37
1.57
2.093
1.698
2.767
3.079
3.612
3.492
2.712
3.712
1.55
2.81
3.051
2.92
2.808
1.66
2.421
3.288
2.104
3.791
2.668
3.912
3.389
3.975
2.319
3.029
1.731
2.123
2.899
3.331
3.142
3.345
1.654
1.984
2.275
1.807
2.917
3.723
2.891
1.82
3.085
3.804
3.043
2.269
1.646
3.982
2.077
2.607
2.311
3.75
3.382
2.461
3.2
1.696
2.787
3.752
2.037
3.212
3.959
2.654
3.789
2.445
2.081
3.522
1.788
3.812
1.637
2.748
2.682
2.597
3.842
2.109
2.123
3.867
2.418
2.3
2.842
2.379
2.088
2.674
3.923
3.359
3.173
1.796
3.162
2.426
2.502
2.924
3.687
2.809
2.538
3.225
3.913
3.494
2.239
3.277
3.021
1.851
1.524
3.938
1.767
2.788
3.492
2.018
3.643
3.723
3.874
1.996
2.081
2.308
2.016
2.439
3.091
1.792
1.938
3.393
2.827
3.189
2.788
2.994
3.77
2.471
2.179
3.657
3.882
3.461
1.694
1.915
2.251
3.277
2.437
1.945
2.659
1.834
2.046
3.702
2.456
3.758
3.853
2.721
3.125
2.985
3.023
3.914
3.47
2.899
3.593
1.989
2.828
3.512
2.344
1.809
3.985
3.92
2.347
2.621
2.915
2.267
1.927
2.937
3.04
1.751
2.128
2.421
1.563
2.686
1.616
1.836
1.834
1.593
2.429
3.486
3.19
2.244
2.477
1.716
2.056
2.845
2.51
3.709
2.588
2.996
2.85
2.097
2.67
3.825
2.056
2.302
2.009
2.32
3.775
3.751
2.967
3.088
1.926
3.784
2.39
1.9
3.68
3.03
2.973
2.824
3.498
3.313
2.624
3.362
3.081
3.819
2.074
2.141
2.964
3.479
2.914
1.653
1.777
2.766
3.403
3.806
2.336
1.938
2.705
1.56
3.742
3.832
3.687
2.513
3.655
2.572
2.674
2.691
3.379
2.036
3.362
2.523
2.629
3.769
3.251
2.885
2.384
2.828
2.009
2.658
2.929
3.969
1.791
1.808
2.111
2.027
1.71
1.816
2.656
1.558
2.305
3.806
1.544
2.029
1.671
2.64
3.875
1.513
2.567
2.829
1.55
3.944
3.263
2.489
3.494
3.575
3.698
3.824
2.217
3.524
3.507
2.256
2.837
2.556
2.302
3.371
3.545
2.306
2.829
1.785
3.778
1.95
1.868
3.797
2.03
3.021
2.469
3.91
3.706
3.097
3.388
2.406
2.543
1.848
2.8
3.891
1.779
2.973
3.54
3.805
1.639
1.696
2.083
3.329
3.422
2.405
1.665
2.163
2.099
3.655
2.272
3.009
2.36
3.64
2.991
2.481
3.11
2.733
3.772
3.197
2.438
2.722
1.793
1.518
3.591
2.591
2.515
1.878
3.563
3.03
2.521
2.333
2.599
1.551
3.944
2.369
1.774
2.903
2.314
2.3
3.636
2.27
3.782
1.785
2.112
3.768
3.477
2.048
1.957
3.979
3.52
1.671
1.916
2.554
1.584
3.604
3.051
3.717
2.511
2.312
3.227
3.58
3.514
2.519
2.99
3.702
3.356
1.813
2.658
1.967
3.364
2.245
2.125
2.923
3.659
3.833
2.008
2.85
3.582
3.162
2.377
3.628
2.627
2.082
3.887
3.227
2.649
1.79
1.766
3.879
2.729
1.591
2.632
1.996
3.265
2.152
3.163
1.612
3.899
2.737
3.933
3.312
3.49
2.711
3.654
3.417
2.076
3.329
2.843
2.625
1.868
3.742
2.42
2.16
1.899
1.654
3.074
3.094
3.839
3.643
1.635
1.771
2.798
3.548
2.77
3.348
2.354
3.603
3.54
1.775
3.748
1.756
3.586
3.197
2.027
2.881
2.565
1.692
3.431
3.033
1.689
3.064
2.173
3.057
3.375
3.887
3.462
2.877
2.39
3.302
3.432
3.359
2.64
2.192
3.908
2.698
3.211
2.93
2.712
3.648
3.494
2.211
3.695
3.541
2.197
2.461
3.184
3.693
2.942
2.138
3.575
2.045
2.091
3.334
3.15
1.695
3.706
2.23
1.91
1.819
2.861
1.851
2.17
1.93
3.563
3.213
2.961
1.762
1.668
2.463
1.691
3.377
2.417
2.466
2.636
1.699
3.776
1.678
2.965
1.526
3.191
2.294
1.814
2.899
3.94
2.603
3.164
3.571
2.863
3.034
3.702
3.089
3.873
2.359
2.087
2.072
1.693
1.937
3.632
1.837
2.448
3.835
2.958
3.728
3.412
1.883
2.829
1.999
1.88
2.803
2.845
3.991
2.469
1.807
3.066
3.822
3.358
3.096
2.62
3.227
3.102
2.874
3.954
3.916
1.845
3.197
3.611
2.261
3.078
3.631
3.561
3.509
2.13
3.107
2.715
2.546
1.908
2.91
2.448
2.873
3.526
3.441
1.596
3.435
1.585
2.384
1.586
2.268
1.808
1.838
1.614
2.437
1.582
3.329
2.909
2.849
3.925
2.884
3.617
2.716
3.126
2.032
2.533
1.919
2.87
3.808
2.36
3.568
3.977
3.221
2.47
3.7
2.277
1.851
2.367
2.311
2.712
3.687
3.875
2.425
2.034
2.712
3.645
2.473
3.847
3.111
1.972
2.15
3.992
2.958
2.661
3.623
2.524
3.281
2.569
3.548
2.608
3.886
2.949
2.907
2.034
3.214
2.268
3.892
1.903
2.745
2.679
1.607
2.222
1.677
2.778
3.409
1.792
3.416
2.38
3.202
2.117
1.528
2.636
3.132
1.639
1.592
3.163
1.538
3.182
1.556
3.963
3.066
3.953
3.607
1.581
3.451
2.696
2.465
3.434
2.618
2.956
2.64
3.203
2.929
2.365
3.894
3.083
2.766
1.777
3.481
1.847
3.118
1.619
3.036
3.198
1.88
2.311
3.913
3.216
3.803
3.866
3.293
3.494
2.436
1.612
2.296
3.13
2.31
2.086
2.591
1.912
2.341
2.214
2.345
3.405
2.955
3.397
2.341
1.856
2.037
3.021
3.252
1.674
2.921
2.257
2.204
1.683
2.194
3.342
3.39
3.871
1.605
3.559
2.984
2.182
2.461
3.539
2.807
2.422
3.057
2.256
2.576
3.539
2.353
3.767
3.495
2.48
2.404
2.988
3.316
2.86
3.093
2.388
3.098
2.153
2.118
3.814
2.998
2.918
3.264
1.945
2.602
1.82
2.678
2.778
3.046
2.859
3.801
2.327
1.936
3.267
3.486
2.005
2.817
3.991
1.879
3.718
3.976
2.698
3.528
2.667
3.591
3.373
2.703
1.874
3.246
3.031
3.136
3.823
3.052
3.381
2.005
1.929
2.579
2.031
1.758
2.551
3.364
2.956
3.331
3.9
1.752
3.594
1.93
3.104
3.673
3.633
3.251
1.619
2.128
2.438
2.053
3.801
3.431
3.346
2.957
3.077
1.751
1.673
2.094
2.706
3.941
2.124
2.978
3.29
3.537
3.661
2.549
1.632
3.612
3.866
2.534
1.735
1.958
3.889
2.1
2.29
2.515
1.93
3.879
1.763
2.52
3.608
3.767
2.588
3.803
3.34
1.98
1.607
1.909
2.331
1.696
1.656
3.223
3.171
2.149
3.356
2.231
1.869
1.797
2.505
2.881
3.269
3.102
3.686
3.677
1.875
3.349
2.285
2.559
2.462
1.666
2.043
3.093
2.134
2.461
3.878
2.388
3.019
2.859
1.816
2.998
1.801
2.236
Error de lectura!!!
3.934
2.106
2.675
2.55
3.116
3.719
3.023
1.754
3.531
2.721
2.992
1.641
2.969
1.809
3.379
2.102
1.927
3.101
2.11
2.626
2.185
3.647
2.879
3.142
2.298
2.562
2.732
2.156
2.591
1.828
3.821
3.742
2.221
2.984
2.128
3.071
2.595
3.388
2.675
2.957
2.469
3.023
1.929
2.184
2.407
2.041
3.791
3.17
3.861
3.199
2.908
2.001
1.866
3.538
2.285
1.963
3.816
2.277
3.095
1.551
3.269
2.183
2.835
2.783
1.831
3.805
3.495
3.04
1.987
1.806
2.947
3.219
2.395
2.816
3.341
3.969
2.055
2.56
2.948
1.605
2.445
2.845
1.865
3.445
3.04
3.201
1.927
3.884
3.133
2.95
1.758
1.868
2.498
3.978
1.592
1.647
1.604
2.986
3.138
3.663
3.437
3.531
2.058
2.022
3.324
3.205
1.919
2.025
2.365
2.771
2.624
3.054
3.42
3.122
2.346
2.821
2.765
2.537
3.362
3.755
3.574
3.032
1.7
2.864
3.475
3.598
2.987
3.144
2.236
1.782
1.973
2.593
3.12
3.473
3.607
1.808
2.946
3.032
2.055
1.792
3.847
2.539
3.248
3.6
2.193
1.576
3.606
2.351
3.222
3.014
2.633
1.734
1.941
1.834
1.712
3.404
3.84
1.519
2.111
2.885
3.103
1.629
2.212
3.912
2.878
2.443
2.707
3.34
1.63
3.655
3.36
1.928
2.977
1.852
1.953
3.303
2.893
3.007
2.067
1.555
3.843
3.57
3.19
1.995
2.229
3.249
1.931
2.637
2.224
3.508
2.219
3.642
3.467
3.677
2.975
2.093
3.58
2.326
2.804
3.084
1.583
2.666
3.933
3.912
2.271
1.713
2.535
1.965
3.524
3.658
2.366
1.947
3.915
2.199
3.944
1.829
1.869
1.717
3.638
3.381
2.308
2.421
1.584
2.882
3.998
2.675
1.612
1.728
3.264
2.697
2.419
3.759
2.541
2.523
2.068
1.528
3.833
2.558
2.896
1.903
1.618
2.946
1.895
3.535
3.095
3.06
2.585
1.772
1.664
3.257
3.332
1.801
3.038
3.479
1.936
2.599
3.724
3.326
1.501
2.793
2.969
2.293
2.854
2.883
2.676
2.86
3.64
3.831
2.32
2.299
3.247
2.519
3.166
2.672
2.75
3.616
3.275
3.628
3.448
1.906
1.949
2.055
3.321
2.905
3.978
2.903
3.06
3.532
2.384
3.614
1.59
1.702
2.232
2.782
3.539
1.569
2.599
1.901
1.568
2.097
3.144
3.625
2.183
1.617
2.72
2.294
1.519
3.322
2.156
1.647
1.818
3.127
1.724
1.661
3.158
1.92
3.196
3.778
2.989
3.817
3.006
1.695
2.898
1.721
3.912
3.74
1.507
3.484
2.995
3.71
2.048
2.887
2.055
3.98
1.962
2.525
3.379
3.926
1.517
3.485
3.185
3.644
1.609
2.956
3.575
2.906
1.658
2.15
2.745
1.811
1.772
1.776
1.87
2.379
1.557
2.86
3.908
3.986
1.558
3.276
2.363
1.778
2.492
1.835
1.711
1.709
1.641
2.558
3.895
1.787
2.893
1.709
1.736
3.282
3.564
2.277
1.656
1.87
3.036
2.302
2.84
3.932
3.001
1.853
3.789
2.933
3.813
3.592
2.454
2.519
3.771
3.576
1.809
3.646
1.967
1.831
2.858
2.879
3.244
2.953
2.369
3.917
1.915
3.844
2.98
1.75
2.456
2.826
1.997
3.126
2.802
2.111
2.044
3.436
2.137
2.139
1.573
3.475
3.39
3.632
3.583
2.517
3.881
2.269
1.527
3.39
1.665
2.587
3.987
3.884
2.862
3.101
2.605
2.326
2.81
3.679
3.183
2.223
1.876
3.221
2.816
3.419
2.741
3.161
2.336
3.166
3.856
3.868
2.966
2.812
1.971
3.079
3.443
2.427
3.857
2.623
3.329
2.888
2.131
3.053
3.652
3.293
3.051
2.126
2.916
3.406
2.276
3.777
2.251
2.127
2.392
2.069
3.028
3.295
3.365
3.672
3.622
3.278
3.721
2.076
2.279
3.236
2.976
1.921
2.847
2.523
3.728
3.839
3.333
1.629
2.896
1.91
2.147
2.124
1.536
3.515
3.895
1.502
2.525
3.902
3.955
3.939
2.969
2.401
3.775
3.804
3.99
3.288
1.636
3.224
2.355
3.645
2.96
1.625
3.76
2.271
2.252
1.528
3.792
2.04
2.878
2.221
3.233
3.687
2.174
3.462
2.236
2.073
2.711
2.183
1.862
1.805
3.77
2.723
3.072
2.777
3.701
3.378
3.09
1.969
2.093
1.635
3.023
3.144
3.177
1.718
2.065
3.027
3.729
3.018
2.707
1.533
2.343
2.369
1.618
1.901
2.187
3.155
3.938
2.325
2.743
3.858
3.506
2.653
3.956
1.802
2.1
3.494
2.066
1.861
3.905
2.904
2.387
2.424
3.178
1.918
3.569
2.304
3.2
3.398
2.192
1.89
2.259
2.126
2.485
2.595
1.627
2.705
3.918
2.966
3.036
3.5
1.813
3.747
2.737
3.361
1.623
2.66
2.88
3.696
1.659
3.41
2.543
3.601
2.378
2.79
3.152
1.754
2.773
1.891
2.446
1.834
1.675
1.611
3.472
2.629
2.609
1.592
3.348
2.886
2.193
1.601
1.75
3.564
3.282
3.87
3.044
2.35
3.879
3.126
1.666
2.966
3.166
1.597
2.28
2.354
2.17
3.823
3.699
1.826
1.889
3.373
2.899
2.247
2.446
2.898
1.87
1.728
3.454
3.339
2.396
3.156
3.894
3.928
2.109
1.806
2.723
3.11
3.779
2.625
2.651
2.59
3.305
1.523
3.055
1.726
3.944
1.782
3.747
2.573
3.365
1.746
3.725
1.628
3.887
3.554
2.175
2.589
2.371
3.278
1.519
1.621
1.579
1.755
3.023
2.071
3.06
2.216
4.0
3.599
2.844
2.417
2.357
2.39
1.792
3.393
3.855
3.669
3.142
2.218
3.027
2.133
2.78
3.024
3.6
3.793
2.909
3.67
2.486
3.562
3.372
3.304
3.767
3.074
2.935
3.373
2.048
2.376
3.285
2.252
2.627
2.219
2.453
3.344
1.774
3.909
2.017
3.514
3.248
2.731
2.477
3.602
3.1
2.081
3.097
2.712
1.91
3.838
2.627
3.379
2.009
3.609
1.92
3.64
3.483
2.904
3.746
3.923
3.445
2.135
1.954
2.841
1.627
2.512
2.954
2.969
3.242
3.401
2.452
2.519
1.536
3.611
3.791
1.854
3.049
1.791
2.945
3.705
2.406
3.254
3.114
2.672
3.783
3.002
1.861
1.546
3.113
3.484
2.878
3.33
2.972
3.974
2.888
2.233
3.589
3.488
3.699
1.78
1.779
3.429
3.801
3.669
3.795
2.702
3.15
3.331
1.619
1.654
2.664
2.569
2.908
3.897
3.692
2.598
2.705
2.615
3.269
2.082
3.711
2.2
3.006
1.557
3.209
1.893
3.465
3.535
3.355
2.084
2.773
1.607
3.922
2.549
3.531
2.453
1.904
3.885
3.796
3.935
2.362
2.976
1.529
3.421
3.539
3.52
2.548
1.849
2.179
1.948
3.208
3.335
3.41
2.094
3.97
2.737
2.599
2.197
2.336
2.305
2.425
2.731
3.489
2.607
2.732
2.635
2.832
2.667
2.513
2.36
2.85
3.551
1.897
3.137
3.17
3.1
2.508
3.272
3.922
3.504
3.577
3.148
3.433
2.118
1.643
3.469
3.559
2.034
1.99
2.032
3.317
1.804
1.548
1.943
3.604
3.175
1.955
3.193
1.895
2.669
2.202
2.552
1.973
2.456
2.263
2.202
3.02
2.15
1.559
3.709
2.494
3.029
2.508
3.844
2.674
3.502
2.143
3.645
3.931
2.481
2.197
1.622
2.831
2.973
1.988
3.194
2.439
2.035
1.511
2.972
1.59
1.559
2.443
2.889
1.61
2.803
2.111
3.062
2.695
2.041
3.54
3.205
3.261
3.548
2.019
1.584
2.249
2.104
2.393
1.61
2.894
3.303
3.468
2.427
3.009
2.72
3.496
2.427
3.324
1.56
3.028
3.665
3.783
1.816
2.482
3.121
3.835
2.301
3.284
1.955
2.344
2.57
3.494
3.615
2.582
2.066
2.686
3.856
1.659
3.375
2.271
3.682
3.982
3.077
2.134
3.069
3.342
2.815
2.411
3.415
2.54
3.348
2.016
2.043
1.831
1.519
2.716
1.519
1.85
2.447
1.973
1.769
2.498
3.064
1.782
3.763
3.385
2.388
3.669
3.575
2.812
2.276
2.481
1.781
1.578
1.682
2.992
3.245
2.207
2.861
2.572
3.747
3.7
3.026
3.696
1.52
1.847
1.612
2.938
3.281
2.782
2.732
3.561
3.401
3.985
2.578
3.765
2.861
2.17
3.532
1.729
2.32
2.175
3.434
2.479
1.778
2.727
3.812
2.398
3.451
2.235
1.872
2.066
3.407
2.035
3.014
3.122
2.802
3.611
1.863
2.079
3.368
1.55
1.571
2.841
1.568
2.114
1.563
1.666
2.514
3.86
3.947
2.743
2.759
3.697
3.51
2.993
3.303
1.724
2.663
3.287
1.602
1.53
3.832
2.409
3.183
2.321
3.591
1.952
2.499
3.895
1.582
2.631
1.913
2.073
2.669
3.044
1.709
2.935
2.838
2.413
2.169
2.09
3.293
3.161
2.85
1.95
2.823
2.37
2.596
3.34
2.385
1.837
2.647
1.797
3.617
2.472
3.785
1.624
2.799
3.228
3.796
3.965
3.615
2.533
3.931
3.898
1.542
2.43
3.269
3.63
1.728
3.798
2.805
3.972
3.643
3.883
2.819
2.292
2.63
3.715
2.831
3.746
1.804
2.569
2.824
2.445
2.673
3.123
2.012
2.33
3.63
2.278
2.537
2.025
2.417
2.091
1.747
3.542
1.886
1.999
3.529
2.661
2.417
3.908
2.906
1.621
1.701
3.094
1.79
1.922
3.101
2.467
1.893
2.509
3.096
3.463
2.851
3.436
1.559
3.972
3.999
3.04
2.644
1.51
3.055
3.372
3.152
3.043
2.473
2.562
2.845
3.254
3.474
2.525
3.851
1.738
3.135
3.323
2.817
1.709
2.292
3.298
2.175
1.831
2.243
3.163
3.904
2.194
1.781
3.256
3.402
1.857
2.758
3.376
3.454
2.962
3.933
3.161
3.945
1.77
2.535
3.872
2.354
1.642
3.205
2.411
2.646
1.891
3.654
3.139
2.242
3.547
1.672
3.47
3.939
3.695
2.973
3.368
3.869
3.885
2.169
3.46
2.528
2.261
3.68
1.566
2.788
2.845
3.521
3.993
1.771
1.807
1.637
3.605
3.301
3.768
3.067
3.83
1.767
1.581
2.589
3.801
2.043
3.107
2.706
2.253
1.799
2.634
3.895
1.82
3.77
2.034
2.304
2.728
1.651
1.899
3.317
2.287
2.734
3.054
3.621
3.175
1.739
2.231
3.552
3.266
1.663
3.327
2.954
2.378
2.786
3.236
3.889
2.583
2.117
2.576
2.907
1.851
2.099
2.302
3.175
2.672
1.887
2.053
3.119
2.147
2.617
2.913
2.323
1.762
2.227
3.182
3.664
3.202
1.909
1.75
2.191
1.882
2.951
1.858
3.216
2.94
3.092
2.78
1.875
2.749
3.49
2.416
2.49
1.532
2.417
1.741
2.89
3.45
2.804
2.075
3.975
3.212
3.22
1.593
1.867
3.175
3.397
1.992
3.894
2.962
2.928
2.116
1.662
1.972
3.782
3.306
2.001
1.802
2.221
3.754
2.38
2.931
2.664
2.814
2.115
3.115
3.017
2.566
1.783
3.777
3.584
2.695
3.04
2.702
2.174
1.927
2.477
2.091
2.041
2.932
2.668
2.418
3.628
3.419
2.227
3.398
2.459
2.169
3.894
3.151
3.858
2.901
3.072
2.897
3.527
1.606
2.42
1.778
2.486
3.877
1.988
1.979
1.725
3.74
2.203
3.128
2.259
2.071
3.617
2.387
3.744
3.832
3.904
3.668
2.249
2.272
3.194
1.654
2.468
1.923
2.196
2.553
3.336
3.418
2.347
2.063
2.364
2.101
1.804
2.256
2.137
2.926
3.719
1.782
2.001
1.773
2.607
1.948
2.162
1.766
1.981
1.883
2.696
3.437
2.943
3.171
3.451
3.537
3.949
2.133
1.605
3.626
2.036
2.658
2.956
2.314
3.366
2.388
3.152
3.509
2.98
3.32
2.601
2.06
2.361
3.696
3.598
3.937
2.866
2.077
3.991
2.429
2.721
3.694
2.016
2.276
3.79
3.655
2.324
2.777
3.21
1.93
2.012
2.964
3.935
2.334
1.506
1.715
3.044
2.345
1.945
1.836
3.256
3.992
3.054
2.601
2.078
2.778
2.308
2.697
2.143
1.818
3.051
2.389
3.089
3.589
3.786
3.298
1.773
3.26
3.53
1.844
3.935
3.729
3.807
2.213
3.225
2.767
1.698
2.784
3.458
3.459
2.398
2.115
1.582
2.637
1.594
2.747
2.301
3.52
3.465
3.757
2.176
3.487
2.266
2.717
2.608
2.743
2.224
1.758
3.809
3.59
2.768
2.692
2.186
2.807
2.962
2.412
1.548
1.817
1.622
3.668
3.238
2.698
2.162
2.218
1.734
3.077
1.991
2.878
2.53
1.934
3.416
3.342
3.412
2.479
3.472
2.437
2.979
1.9
1.789
3.728
3.458
2.261
2.265
2.733
1.582
2.907
1.897
2.664
1.909
1.512
1.909
3.285
3.967
1.504
2.031
2.39
2.333
2.858
3.114
2.088
3.632
2.589
3.254
2.319
2.349
2.945
1.555
3.895
3.679
2.682
3.728
2.357
2.807
3.493
3.967
2.642
2.028
3.003
1.807
2.738
1.893
3.622
2.368
3.379
1.6
3.77
3.237
1.813
3.679
3.31
3.631
3.069
1.931
3.787
2.487
3.359
3.27
2.7
3.677
2.925
2.632
2.091
1.791
3.668
3.687
3.74
3.08
1.593
3.489
2.535
3.083
3.359
1.677
3.779
3.532
3.935
3.289
1.752
3.49
1.788
2.921
2.168
2.791
2.342
2.157
3.955
2.569
3.309
1.787
2.818
2.395
3.856
2.639
3.675
3.129
3.698
3.826
1.547
1.825
3.052
3.827
3.73
3.135
3.19
1.624
2.145
3.043
1.758
1.514
2.032
2.55
3.722
1.879
3.655
2.492
3.215
1.631
1.546
1.533
2.277
2.185
2.786
1.949
3.987
3.645
3.097
2.33
3.164
1.937
3.434
2.377
3.094
3.572
2.614
2.378
1.785
3.373
1.856
2.793
3.037
3.593
3.125
2.539
3.215
2.924
2.851
1.925
3.621
1.557
2.708
1.751
2.783
2.62
2.367
3.238
3.255
2.87
2.691
1.508
2.684
3.396
3.465
1.634
2.982
2.984
3.064
3.592
3.867
3.094
2.59
2.649
3.477
3.569
1.796
3.271
2.483
3.802
2.464
1.98
2.628
2.508
3.7
3.7
3.64
3.011
2.746
2.839
2.053
2.376
1.935
3.39
3.0
2.144
3.426
2.289
2.169
3.708
3.979
2.935
1.957
3.579
3.977
2.631
3.989
3.651
2.03
2.932
1.677
3.838
3.008
3.523
1.562
3.129
2.422
2.239
2.881
2.863
3.243
3.123
3.217
2.027
3.493
1.769
1.865
3.346
3.111
3.989
3.544
2.868
1.785
3.827
3.452
3.008
2.895
1.768
2.337
2.713
1.521
2.238
2.059
2.604
1.509
2.068
2.816
1.582
3.406
1.791
1.981
3.98
3.629
3.687
3.345
1.599
3.879
3.041
2.838
2.322
2.801
3.158
3.803
2.011
3.582
3.121
1.85
2.872
2.528
1.594
1.78
2.383
2.284
3.885
2.123
3.242
2.933
3.542
2.872
2.331
2.478
3.337
3.296
3.968
3.509
3.924
3.431
2.015
1.947
2.364
3.393
2.848
3.782
2.779
3.741
3.079
2.457
3.103
2.215
3.947
1.652
2.881
2.746
3.418
3.867
2.853
2.088
1.998
3.48
1.897
1.746
2.027
2.008
3.702
3.238
2.342
2.359
3.342
1.502
1.986
3.024
3.632
3.891
1.78
3.968
3.93
3.425
2.792
1.722
3.19
2.485
3.441
3.879
3.321
3.225
3.896
3.389
2.371
3.09
2.62
3.371
2.306
1.92
2.69
1.907
1.777
3.695
3.592
1.925
1.909
1.95
3.346
3.735
2.859
2.801
1.876
2.672
1.768
3.39
1.724
3.593
2.829
1.704
1.66
2.238
3.982
2.274
2.927
2.732
3.115
3.716
2.166
2.576
3.04
3.531
2.586
1.605
2.686
1.531
3.154
3.283
2.611
3.907
3.81
2.85
2.481
3.625
1.787
3.83
2.165
2.204
2.537
3.405
3.285
3.911
2.048
2.444
3.711
3.502
1.829
2.945
1.894
2.262
3.328
2.763
2.068
1.977
1.937
3.173
3.329
1.729
3.635
1.716
3.509
3.468
1.837
3.896
2.882
2.207
3.9
1.989
1.762
1.846
3.073
2.716
2.069
3.995
1.73
1.684
2.782
2.942
2.752
3.063
2.341
2.137
2.33
2.713
2.968
2.142
3.152
3.162
2.908
2.881
1.878
2.421
2.001
2.353
3.08
2.026
3.082
3.205
2.826
2.166
1.772
3.729
3.15
1.628
3.718
2.195
2.874
3.488
2.142
2.009
2.766
2.121
2.759
2.525
2.629
3.993
3.421
2.917
1.715
3.181
1.946
3.145
3.513
2.583
2.953
1.904
2.642
3.538
2.043
1.582
2.406
1.827
3.835
1.784
1.535
2.749
2.031
2.324
2.524
3.821
1.95
2.094
2.158
3.802
1.969
2.016
3.752
2.137
2.069
1.614
3.467
2.227
3.821
2.286
1.76
3.711
1.906
3.274
3.647
3.681
1.77
1.973
3.11
2.812
3.182
1.78
2.14
2.362
2.766
2.176
2.285
2.766
2.47
2.839
3.794
1.565
1.5
1.506
3.677
3.254
2.848
2.697
3.135
2.309
3.679
3.483
2.949
3.797
3.31
2.742
2.354
3.912
1.509
3.709
2.5
3.748
2.613
3.1
2.286
2.239
3.19
2.966
3.752
1.91
2.194
3.5
3.054
2.137
2.56
2.294
2.406
1.522
2.77
1.548
1.915
1.557
3.388
2.178
3.934
1.98
1.937
3.252
3.333
3.756
2.584
3.988
3.43
1.58
2.857
1.896
2.182
2.68
2.552
1.757
2.456
3.224
3.12
2.966
2.543
3.772
1.724
1.851
3.408
1.872
2.91
3.22
3.083
2.21
2.62
3.082
1.92
3.704
2.567
1.616
3.839
3.63
2.286
3.056
3.241
1.635
3.177
3.088
2.539
2.313
1.976
1.686
3.121
3.198
2.474
3.74
2.225
2.832
3.743
3.267
3.637
3.031
3.702
1.571
2.921
3.485
2.002
2.476
2.696
2.562
3.374
3.96
2.734
2.928
3.122
2.64
3.873
1.853
1.574
1.905
3.762
3.636
2.536
1.86
2.351
3.029
3.864
2.195
3.046
3.552
2.303
3.983
3.621
2.5
1.757
3.977
1.521
2.247
1.717
1.773
3.502
3.338
1.56
2.102
1.505
2.634
2.89
3.621
1.651
3.608
3.899
3.907
3.04
3.402
1.875
3.753
3.184
2.581
2.555
2.59
1.703
3.02
3.208
2.597
3.758
3.339
3.802
2.834
3.924
2.077
2.701
3.082
2.076
2.332
3.991
1.811
2.801
1.722
3.615
2.594
1.501
1.633
2.509
2.914
1.933
1.766
2.618
3.914
3.162
2.803
1.695
2.253
2.402
2.263
3.643
1.559
2.085
2.765
3.886
2.5
3.619
3.125
2.704
1.806
1.851
3.115
3.294
2.78
1.72
2.053
3.613
2.084
3.05
3.552
3.577
1.893
2.225
3.668
2.383
2.375
2.331
1.738
3.688
2.67
1.946
2.693
1.903
2.493
3.918
3.408
3.804
3.773
1.719
3.628
2.616
1.917
2.598
1.689
3.494
3.668
3.011
2.563
1.745
3.599
3.635
1.767
3.374
1.832
2.548
3.672
3.717
3.068
3.799
3.612
3.263
3.603
2.222
2.298
2.678
1.519
2.422
1.514
2.224
2.723
2.468
2.167
1.85
3.395
1.884
3.849
2.03
2.603
3.348
3.727
1.756
2.728
3.538
2.492
3.035
3.016
1.698
3.025
3.467
1.687
2.788
1.659
2.45
2.778
2.249
3.636
2.588
2.682
2.187
2.581
3.04
2.654
2.249
2.747
3.713
2.011
3.399
1.77
1.526
2.903
2.236
3.232
2.467
2.727
1.573
2.591
3.775
1.515
3.457
3.559
3.28
1.586
1.633
3.187
2.157
3.987
3.691
1.675
2.876
3.156
2.301
3.681
2.251
2.247
2.724
3.211
3.909
2.66
3.557
2.65
3.944
3.082
3.09
1.735
1.978
3.544
1.983
3.579
2.978
2.676
2.032
1.77
2.413
3.464
2.268
2.845
3.487
1.986
1.829
3.994
3.616
2.203
2.467
2.088
1.549
3.112
3.654
3.194
3.793
2.662
3.985
2.541
1.804
3.304
2.625
2.314
3.372
1.953
3.205
2.019
1.799
2.225
3.389
3.783
1.566
2.88
2.99
2.164
3.137
2.977
2.202
3.722
3.109
3.278
1.952
2.099
3.975
3.421
1.633
2.957
3.966
3.796
1.771
1.653
3.371
3.922
3.281
3.309
3.52
3.181
1.523
2.296
3.989
2.649
1.95
2.942
3.354
3.784
3.039
2.471
1.798
1.856
3.468
1.897
3.988
3.16
3.281
2.279
1.501
3.234
3.565
3.429
3.342
1.774
1.608
3.652
3.458
1.708
3.552
3.905
3.547
1.576
2.299
2.32
3.492
3.722
3.009
3.483
2.927
2.238
2.654
3.743
2.053
2.292
2.584
3.803
3.702
2.741
3.171
2.361
3.027
2.501
3.649
2.776
2.56
2.723
1.919
2.53
1.582
1.912
2.465
3.856
1.936
3.382
3.443
1.996
1.853
2.409
3.592
1.54
2.869
3.091
1.797
2.566
3.545
2.63
2.448
1.806
2.531
3.163
3.16
3.553
2.099
1.598
2.166
2.951
2.9
3.909
2.647
2.828
3.913
2.379
3.173
1.501
2.99
2.083
3.412
2.415
1.504
3.111
1.616
2.974
3.719
3.076
3.905
1.824
3.039
1.83
4.0
3.848
2.824
3.784
1.612
3.878
2.389
2.093
2.958
1.705
3.188
3.493
2.199
3.922
2.337
1.891
3.662
3.235
1.626
2.788
3.692
3.049
2.089
2.523
3.243
2.26
2.166
3.444
1.944
3.615
2.381
2.683
1.677
2.649
2.6
2.311
2.914
2.903
1.808
1.609
2.397
2.776
3.669
3.501
2.878
2.012
2.565
2.056
3.038
1.83
2.45
3.893
2.301
3.482
1.51
3.465
2.613
3.353
3.112
2.379
1.962
2.083
3.547
2.555
2.858
3.314
1.839
2.266
3.851
2.709
2.355
3.38
1.657
3.935
1.556
1.503
2.298
2.068
3.341
3.185
3.505
2.769
3.918
1.74
1.794
1.928
2.5
2.247
2.105
2.963
2.473
3.896
1.932
2.721
1.553
3.852
3.389
3.847
3.67
2.737
1.639
3.049
1.509
1.887
3.466
1.507
3.729
1.847
1.557
2.419
3.914
3.784
3.976
2.841
2.629
3.511
1.949
3.05
2.882
3.038
1.788
1.522
1.794
2.927
2.849
2.44
3.71
2.676
1.605
1.836
3.324
3.7
3.086
1.728
2.07
1.715
2.617
1.701
2.682
1.989
2.869
2.96
3.167
2.088
2.492
3.313
2.34
2.804
3.011
2.976
1.531
2.044
3.217
2.51
2.566
2.983
3.674
1.539
2.951
2.008
3.373
2.161
2.338
3.822
3.358
1.934
3.148
3.897
3.04
3.63
2.668
1.929
3.377
1.595
1.921
2.731
2.556
2.915
3.18
Error de lectura!!!
2.62
1.718
1.567
3.439
2.061
2.553
1.905
2.703
3.578
2.754
3.958
3.261
3.598
2.692
2.511
3.292
3.98
2.228
3.222
2.793
3.501
2.116
2.58
3.36
2.442
1.65
2.632
2.053
1.631
3.583
2.811
1.615
1.751
3.34
3.749
3.521
2.57
2.308
1.672
3.779
2.81
1.607
1.537
2.351
3.418
3.081
2.184
2.164
3.447
3.292
3.86
1.562
1.705
2.769
1.746
3.204
2.613
2.357
3.694
2.919
3.271
2.124
Error de lectura!!!
2.913
3.712
2.987
3.248
1.598
3.273
3.046
2.328
3.227
3.911
2.312
2.578
2.408
1.977
1.89
2.296
2.386
2.843
2.268
1.879
2.452
3.778
1.927
3.546
1.518
1.901
1.83
2.71
2.54
1.627
1.597
2.797
1.973
1.695
1.857
3.32
1.557
2.603
3.417
3.338
1.576
2.904
3.096
2.892
3.301
2.699
2.114
3.328
2.038
2.349
1.733
2.216
3.446
2.983
2.238
2.398
2.595
3.689
3.559
3.506
1.978
2.755
2.492
2.902
3.122
3.689
2.285
1.609
3.522
3.122
2.323
2.006
2.837
2.073
3.414
1.665
1.518
1.807
2.696
1.997
2.442
2.297
3.511
2.921
3.393
3.694
3.305
1.525
3.82
1.64
3.4
2.272
2.086
1.843
2.193
2.909
2.877
3.712
2.167
2.764
3.436
3.587
3.621
1.927
1.668
2.346
3.397
2.784
2.042
3.239
3.516
2.236
1.636
1.652
2.94
3.657
3.699
2.43
3.233
2.725
2.831
3.603
2.58
2.741
1.86
1.891
2.848
2.63
2.479
2.713
2.15
3.299
3.003
3.324
1.704
1.933
2.481
2.927
3.141
3.453
3.474
2.516
2.295
2.828
1.961
2.451
2.919
2.653
2.503
2.259
1.614
2.542
3.998
3.305
2.137
2.327
3.322
2.971
1.632
3.435
2.284
3.51
1.861
3.139
2.322
2.282
3.503
3.067
3.272
1.651
2.411
1.793
2.923
3.604
2.287
3.212
3.36
1.797
3.327
1.986
3.801
1.694
2.16
1.835
1.579
3.742
3.218
3.518
2.929
2.129
3.345
2.138
2.06
1.549
3.099
1.54
1.899
2.093
2.622
2.276
1.617
1.879
2.003
1.583
2.819
3.813
2.876
2.48
3.04
2.476
2.305
3.035
2.351
2.551
1.631
1.544
3.803
2.312
3.984
1.805
3.904
2.963
3.395
2.89
2.615
2.337
1.531
2.05
3.804
2.451
3.139
3.503
2.695
1.633
3.79
1.904
3.889
2.978
3.316
3.469
1.633
2.564
2.486
3.183
2.07
3.262
1.814
2.664
1.867
1.871
3.851
3.738
3.886
3.69
2.715
2.156
3.847
3.917
2.393
2.385
3.927
3.35
1.571
3.733
1.754
2.445
1.777
2.69
3.115
3.608
1.775
3.671
2.543
2.884
1.998
3.066
3.52
2.45
1.737
2.228
2.119
2.097
3.806
3.767
2.63
3.883
2.723
2.626
1.51
3.578
3.233
2.924
1.712
3.934
3.854
2.993
2.987
3.974
1.529
2.903
2.457
3.891
3.462
2.988
1.6
3.917
2.083
2.667
2.584
2.61
3.061
2.845
3.57
3.621
1.922
2.049
3.351
1.748
2.383
1.799
2.959
2.258
2.721
3.891
1.781
3.802
3.457
3.365
2.596
3.65
2.064
1.531
1.525
3.307
3.155
3.834
2.232
3.192
2.767
2.532
3.409
3.16
2.29
3.954
2.299
3.395
2.345
1.741
3.023
3.228
3.321
3.24
2.953
3.704
3.954
2.296
2.511
3.325
2.422
2.092
1.878
1.737
3.193
1.844
3.08
1.673
2.857
2.29
2.068
3.309
3.575
2.446
3.821
2.201
1.98
3.083
2.571
3.468
3.383
3.002
2.592
2.674
1.954
1.86
2.252
3.055
1.607
3.559
2.483
2.611
2.492
3.157
1.85
2.563
3.596
2.798
1.77
3.953
2.414
2.691
2.944
3.666
3.851
3.534
2.12
3.02
3.834
3.475
1.992
1.651
2.378
2.066
2.447
3.741
2.1
2.865
1.504
2.53
3.239
2.961
2.963
2.219
2.815
3.137
2.622
1.849
3.497
3.789
3.719
3.727
3.062
3.478
3.014
1.552
1.598
2.909
1.573
2.238
2.763
3.996
3.157
3.197
2.773
1.881
2.177
3.693
1.887
1.703
3.658
2.304
2.145
3.251
2.968
3.056
3.422
1.916
2.221
2.989
3.335
2.581
3.337
1.738
2.446
3.955
1.758
3.873
1.668
3.298
1.541
2.702
2.116
2.463
3.31
1.505
3.694
1.531
3.354
2.808
3.977
3.427
2.672
1.925
2.842
2.888
3.75
2.867
3.228
3.794
2.636
3.583
2.597
2.596
1.843
2.712
3.385
3.848
3.228
3.405
3.34
1.827
2.509
3.726
3.246
2.442
2.831
1.863
1.55
3.843
2.733
3.739
3.055
2.694
3.183
3.626
3.741
1.764
2.536
3.537
3.077
3.055
3.438
3.935
2.999
3.088
1.604
3.103
1.95
2.541
2.801
3.249
3.691
2.658
2.491
2.206
3.319
2.803
2.749
1.905
2.859
3.346
3.422
3.301
1.502
1.8
2.589
3.004
3.756
3.778
3.701
1.756
2.696
1.822
1.585
1.787
3.344
1.883
2.077
2.585
2.677
2.684
2.146
2.344
3.681
2.725
2.252
2.232
3.373
3.913
1.714
2.892
2.551
2.983
2.051
2.206
3.717
3.421
3.786
3.29
1.837
2.925
3.511
3.337
2.225
3.527
2.138
1.996
1.795
1.647
1.56
2.054
3.156
3.297
3.634
2.528
1.983
2.319
2.863
3.181
2.036
3.491
2.712
3.907
1.975
1.809
3.871
3.33
3.525
3.003
3.122
3.064
1.753
3.124
2.916
3.14
2.533
3.643
2.693
2.465
2.477
3.813
3.583
2.896
2.986
1.602
1.743
3.695
2.297
2.373
1.675
3.785
3.156
3.492
2.242
2.171
1.854
1.61
3.457
2.327
3.361
3.425
2.528
2.644
2.359
2.614
3.167
2.694
2.831
1.635
3.39
2.2
2.831
3.168
2.539
2.115
2.797
2.824
3.924
3.188
2.953
1.546
1.56
2.448
3.625
1.706
1.828
1.713
2.212
2.932
2.628
3.059
1.728
3.105
1.844
2.898
2.888
3.776
3.472
3.842
3.078
3.666
2.16
1.916
2.559
1.64
3.133
2.96
2.31
2.48
2.679
2.746
3.783
1.997
3.762
1.761
3.757
2.778
3.468
1.56
2.818
3.263
3.759
1.677
3.952
1.811
2.599
1.702
1.833
3.647
1.846
3.232
2.182
3.684
2.872
3.445
1.675
1.986
3.657
2.069
1.735
2.814
3.82
3.996
1.972
3.075
1.916
3.511
1.645
3.235
1.907
2.084
3.615
1.591
2.523
3.693
2.864
3.924
2.326
1.844
3.696
2.993
3.991
3.275
3.263
2.31
2.388
3.203
3.88
3.856
1.808
2.105
3.972
1.947
1.653
2.058
2.377
2.577
3.847
2.607
2.49
1.901
2.981
2.615
2.679
3.19
1.729
3.15
2.077
3.838
3.293
3.019
3.301
3.632
3.362
2.842
2.335
2.687
3.933
3.752
3.124
3.646
1.814
3.162
2.577
2.992
3.401
3.502
2.372
2.094
3.53
2.779
1.503
1.591
3.471
3.988
2.959
2.518
2.501
1.578
1.728
2.935
2.29
2.103
1.985
3.379
1.687
1.811
3.872
2.768
3.1
2.984
3.757
2.175
2.797
2.467
1.885
2.488
2.85
1.823
1.701
1.621
2.649
2.627
2.176
2.121
2.205
3.28
3.867
3.851
3.969
2.39
2.742
2.676
2.191
3.569
3.175
1.506
2.341
2.067
3.376
2.211
2.755
3.687
1.725
3.103
3.698
1.59
2.724
2.217
2.979
3.289
3.574
2.78
2.003
1.5
3.526
2.704
2.79
2.058
3.838
3.767
1.713
3.779
3.423
1.643
2.835
3.984
2.852
3.559
3.115
1.684
2.162
3.672
3.446
2.187
3.934
1.652
2.288
2.635
2.444
2.898
3.01
3.336
2.917
2.211
3.709
3.582
2.822
3.394
3.247
1.817
3.558
3.599
3.111
2.758
1.601
2.68
2.618
2.926
2.686
2.061
1.53
1.949
3.054
1.847
1.56
2.535
2.127
3.01
2.671
1.869
1.676
1.558
3.718
3.92
2.183
1.691
3.612
3.957
2.501
3.867
2.664
2.81
1.607
1.562
2.189
1.975
2.236
1.659
2.803
2.163
2.976
3.941
1.622
3.917
2.413
2.206
2.315
1.928
3.538
3.564
3.963
2.391
2.796
3.322
2.248
2.239
3.845
2.861
2.156
1.74
2.859
1.782
2.606
3.875
1.762
3.525
3.016
3.39
3.536
3.388
3.446
2.334
1.821
2.618
2.987
1.913
3.369
2.118
3.386
2.007
3.561
3.646
2.437
3.789
3.045
1.572
2.51
2.273
3.723
2.823
2.31
3.383
1.684
3.702
3.819
3.501
2.059
3.253
1.932
3.515
2.548
2.136
2.3
1.596
2.543
3.048
3.928
1.948
2.753
3.268
2.873
1.819
2.145
2.423
3.941
3.696
1.637
1.931
3.036
1.919
2.622
3.698
2.553
1.704
1.996
1.52
1.879
3.274
1.882
2.17
1.999
2.544
2.382
1.561
3.75
3.187
3.697
2.815
3.265
3.608
2.161
2.582
3.596
2.775
2.856
1.967
1.951
3.101
3.175
3.33
3.492
3.642
2.558
3.318
3.44
3.227
2.279
1.626
1.803
1.866
3.82
3.877
2.401
2.403
3.469
1.986
1.855
2.519
3.795
3.429
1.515
3.488
2.84
2.46
1.521
1.992
3.619
2.237
1.906
2.385
2.534
2.833
1.511
3.036
1.546
3.144
3.855
2.345
2.378
3.718
3.661
3.907
3.188
3.375
3.672
3.548
2.877
1.72
2.789
1.888
2.066
2.701
3.238
3.309
2.846
2.307
1.858
1.669
3.679
3.711
3.909
2.273
3.523
2.982
2.864
1.539
3.459
3.801
1.894
3.48
3.738
3.231
2.484
3.148
3.207
1.575
Error de lectura!!!
2.207
2.025
2.345
3.184
3.731
1.541
3.314
2.074
3.291
2.344
2.674
3.564
1.63
2.4
2.104
2.841
2.679
3.046
2.814
2.776
1.984
3.71
3.939
2.478
2.024
3.848
3.13
1.707
3.511
2.509
2.494
2.445
2.322
2.269
1.776
3.576
3.987
1.692
2.534
3.488
3.812
3.591
2.461
1.696
3.151
3.202
2.579
1.911
2.07
1.672
2.67
1.985
3.801
2.201
3.802
2.97
3.746
2.626
2.619
3.928
3.319
3.744
2.386
2.687
3.733
2.606
3.601
3.115
2.264
2.297
2.188
2.85
2.13
3.255
2.062
2.457
3.262
2.073
1.649
2.608
2.458
2.322
2.778
2.131
2.39
3.023
3.076
2.178
3.211
3.464
1.998
2.078
2.021
3.096
1.84
1.709
3.771
2.117
2.59
3.74
2.832
1.764
3.514
2.959
3.533
2.575
1.505
3.968
3.985
2.386
1.711
2.957
3.11
3.912
3.298
3.811
2.862
1.685
2.113
3.144
1.812
3.618
2.988
2.18
3.293
2.849
2.241
3.654
3.713
1.567
3.593
2.779
3.541
2.396
1.622
2.43
3.49
1.965
2.875
3.98
1.576
3.117
2.819
1.977
3.841
3.913
1.855
3.445
2.967
1.922
3.534
2.865
1.608
1.829
2.163
2.639
3.05
2.637
2.253
1.819
3.759
3.871
1.709
1.94
2.606
1.72
1.973
2.811
3.181
3.237
3.018
1.648
2.899
3.41
3.467
2.666
3.072
1.569
2.478
3.703
3.541
2.169
1.558
1.667
2.54
3.909
2.969
3.951
2.075
2.309
1.609
3.27
3.789
3.609
3.603
1.867
2.314
1.587
1.993
