3.83
3.621
3.267
2.031
3.845
2.248
1.506
3.709
1.817
3.277
1.994
2.926
1.89
3.818
2.789
3.396
2.529
2.414
3.425
2.368
3.781
2.684
3.022
1.8
2.684
3.661
2.656
3.51
3.009
2.355
3.549
3.096
3.662
3.636
1.729
2.105
3.754
2.823
2.685
2.395
3.703
2.257
1.943
3.91
1.841
2.705
1.724
2.359
3.818
2.608
3.091
3.493
2.897
3.037
2.56
3.971
1.879
2.654
2.939
2.881
3.848
3.082
2.744
3.506
3.234
2.669
2.464
3.432
3.035
3.66
2.503
1.506
3.259
1.609
2.228
2.252
3.036
2.073
3.848
1.962
3.04
2.234
2.076
1.524
3.028
3.006
2.34
2.388
3.446
2.894
1.726
2.457
2.807
3.443
2.983
2.101
3.073
2.705
3.452
2.016
2.738
2.625
2.491
3.213
2.008
2.196
2.666
1.853
2.214
2.497
3.776
1.945
2.629
3.924
3.101
3.386
2.81
2.233
2.219
2.728
2.292
2.561
3.636
2.492
3.688
3.205
2.088
2.853
3.948
3.651
3.119
1.779
1.781
2.489
3.202
2.937
3.421
1.563
2.177
2.263
1.648
3.816
1.714
2.296
2.959
3.711
3.051
1.847
2.56
1.619
3.797
2.141
3.707
3.037
1.85
3.076
2.072
3.411
3.523
2.037
3.686
3.771
3.913
3.614
1.804
3.575
1.961
2.639
3.526
1.693
3.939
2.674
3.566
3.281
3.55
3.954
1.802
3.03
2.932
1.87
3.046
2.413
3.88
1.551
2.747
2.399
3.905
3.763
2.25
3.271
3.622
2.28
2.128
1.54
1.759
3.532
3.657
2.573
3.151
1.871
3.68
3.443
3.321
1.532
3.071
3.24
2.278
2.432
1.672
3.28
3.071
1.701
2.576
2.048
2.596
1.774
2.914
1.668
2.733
3.995
1.959
3.329
3.598
2.673
2.302
2.497
1.629
2.059
3.948
2.147
3.36
3.832
2.729
2.549
3.358
3.978
3.028
2.977
2.486
2.478
2.625
3.342
3.537
3.594
2.575
3.835
2.063
3.904
1.644
3.462
2.675
3.307
3.521
3.607
1.605
2.029
3.366
3.971
2.709
2.099
2.11
2.559
3.408
3.855
2.609
3.539
2.661
3.173
1.98
1.849
3.558
2.775
3.364
2.082
3.099
1.585
3.829
2.626
2.103
1.706
3.81
1.66
1.958
2.979
3.462
3.361
2.731
2.898
3.274
3.875
3.899
1.688
3.329
3.256
3.622
3.653
2.782
3.332
2.581
2.428
3.557
2.759
3.509
1.569
2.785
3.092
3.723
3.733
3.865
3.154
3.364
3.318
2.221
3.103
1.873
3.765
2.735
3.199
3.782
1.597
2.539
3.366
2.351
2.809
3.873
3.997
3.666
1.589
3.347
3.116
1.957
1.916
3.717
2.958
2.597
3.592
3.117
3.535
1.858
3.727
1.546
2.688
2.163
2.589
3.472
3.681
3.335
3.919
3.513
3.343
3.123
3.343
3.175
1.584
1.907
2.581
3.006
1.804
1.569
1.658
2.824
2.686
2.089
2.88
1.519
2.856
3.572
2.289
2.077
2.78
3.613
2.416
3.085
2.553
1.57
3.691
1.584
2.523
3.556
2.926
1.688
2.927
1.969
1.867
3.815
3.89
2.223
3.379
3.0
2.71
3.177
3.917
3.803
3.877
2.292
3.825
2.198
2.569
2.076
2.595
3.53
3.655
3.28
2.581
3.117
2.09
2.054
3.879
3.397
3.457
2.752
1.938
2.935
1.626
2.881
2.027
2.888
3.679
3.168
3.473
3.725
3.036
3.066
2.808
1.927
3.672
3.736
1.953
2.498
2.84
1.835
3.917
2.964
1.92
3.783
3.261
2.616
3.468
2.138
2.643
3.737
3.003
2.401
1.904
2.781
3.927
2.237
3.535
3.371
3.258
2.727
2.775
3.963
1.842
2.309
2.299
3.403
3.491
3.088
1.679
2.612
3.273
2.815
3.994
2.728
1.865
3.215
3.191
3.164
1.519
1.657
1.521
2.444
3.458
1.967
2.246
1.85
2.781
2.158
1.985
3.256
1.821
3.189
3.911
2.208
2.873
3.302
3.656
2.501
2.6
3.122
3.708
3.375
2.079
1.997
3.305
3.189
2.364
1.544
2.729
2.787
2.008
2.899
3.978
2.131
3.309
3.289
2.907
2.753
3.05
3.981
3.085
3.137
2.066
2.567
1.982
2.762
2.022
2.474
2.104
3.642
1.908
3.07
1.603
3.593
2.113
1.987
1.71
2.204
2.351
1.581
1.553
3.826
3.79
2.612
2.437
1.94
3.352
3.467
2.93
2.154
2.176
2.19
3.354
1.568
2.914
2.677
1.763
2.109
3.509
4.0
3.422
3.012
2.526
1.682
3.126
2.269
3.471
3.077
3.921
1.645
2.9
1.776
1.861
3.929
2.535
1.688
1.78
3.52
3.236
3.428
2.939
3.584
2.14
2.508
3.946
1.642
3.745
3.465
1.658
3.558
2.875
3.34
2.143
2.546
2.319
2.214
2.088
3.568
2.036
1.849
3.177
3.963
1.641
2.375
3.8
2.965
2.438
2.804
3.658
2.568
3.852
3.75
3.715
3.131
2.115
2.046
1.584
3.783
3.455
2.604
2.808
1.984
2.921
2.941
3.427
2.867
2.423
2.82
3.109
2.377
3.359
3.735
3.0
3.105
2.199
1.548
2.195
3.313
3.522
2.171
3.579
3.462
2.124
3.12
2.913
3.862
2.593
2.949
3.588
2.463
3.041
3.733
3.845
3.943
1.516
3.884
2.161
2.209
2.835
3.29
2.494
3.973
3.186
2.788
3.074
2.161
3.362
2.438
1.991
2.487
3.962
2.983
2.501
2.978
1.684
2.098
3.351
3.799
3.447
3.632
2.388
1.899
3.547
3.457
2.46
2.186
2.898
1.892
1.94
3.26
1.521
2.952
3.853
2.704
3.126
2.839
3.395
1.889
3.472
2.723
3.224
2.537
3.802
3.74
1.564
1.962
1.673
1.783
2.004
3.088
3.91
3.501
3.236
2.122
3.089
3.269
3.504
3.83
1.856
2.094
2.537
2.66
3.399
2.035
3.988
3.783
1.614
2.513
2.515
1.605
3.78
2.174
2.471
3.643
3.152
2.856
3.655
1.592
2.095
3.36
1.969
2.068
3.745
2.102
3.046
2.707
3.875
2.87
2.361
1.881
1.665
2.869
1.603
3.603
3.138
1.74
2.236
3.778
1.64
2.158
3.045
3.506
3.572
3.116
2.331
3.539
2.878
2.559
1.989
2.723
2.634
1.734
2.164
2.568
2.759
3.953
1.737
3.418
3.563
2.847
3.782
3.085
2.343
2.208
3.722
2.053
3.439
2.522
2.046
2.413
2.729
1.743
3.367
1.56
3.424
1.845
2.929
3.118
2.476
2.81
3.104
3.933
2.839
3.775
3.652
3.076
3.884
2.993
2.299
2.562
3.749
3.281
2.368
2.713
2.537
3.711
2.417
2.275
1.794
3.105
3.971
2.95
1.656
3.339
3.104
1.587
3.744
3.814
2.908
3.135
1.504
2.358
3.911
2.737
2.953
1.89
2.798
1.785
3.666
2.051
1.547
2.071
2.117
1.709
1.63
3.067
3.202
3.528
2.724
3.703
2.07
2.877
3.719
2.515
3.676
2.18
2.756
2.351
3.021
3.941
3.739
1.958
2.263
1.52
2.178
2.014
3.908
1.546
2.887
2.409
3.302
2.78
3.01
1.863
2.741
3.128
2.224
3.631
1.838
3.174
3.597
2.019
3.305
2.065
1.847
3.161
2.813
3.214
1.929
3.193
2.956
2.025
2.394
2.249
1.636
3.239
3.905
3.199
3.933
3.997
3.86
1.962
2.179
3.046
3.359
3.153
3.338
3.227
2.317
3.482
1.627
2.072
2.476
2.307
1.798
3.351
2.457
2.84
1.977
2.339
3.251
3.844
2.462
1.692
3.834
2.812
2.581
3.502
2.535
2.596
1.544
2.901
1.853
3.636
2.602
2.472
3.023
1.629
2.563
2.326
3.522
3.212
3.795
3.084
2.417
3.452
3.175
3.875
3.985
3.807
2.498
2.091
3.672
3.788
1.515
2.236
3.337
1.945
2.073
2.637
3.047
2.061
2.298
2.936
1.626
1.87
3.557
3.422
2.649
2.013
3.327
2.61
2.945
3.781
2.0
3.767
2.167
1.703
2.446
3.865
1.855
3.089
2.671
3.71
3.562
3.937
3.911
2.593
2.782
2.276
3.504
2.132
2.069
2.276
2.003
1.753
1.663
3.502
3.316
3.333
3.701
2.494
1.737
2.157
2.856
3.944
2.353
2.931
2.776
1.888
2.199
2.041
2.337
1.522
2.83
1.561
2.205
3.781
1.881
3.64
2.749
3.844
2.539
1.578
2.808
3.393
1.804
2.266
1.94
2.967
3.795
2.769
3.367
3.859
3.727
3.734
3.362
2.532
2.264
1.775
3.94
2.261
2.759
2.344
1.578
1.983
2.89
2.235
1.606
3.727
3.935
2.151
3.327
2.584
1.998
3.404
1.811
3.656
2.636
2.571
3.77
3.61
2.847
2.573
3.091
3.62
2.835
2.143
3.683
3.604
2.393
3.051
2.783
3.222
1.887
2.145
2.087
2.867
3.76
3.865
3.225
2.222
2.394
3.654
2.565
3.114
1.5
2.631
2.33
3.762
3.147
2.355
2.654
2.801
3.05
1.813
3.202
1.948
2.684
2.911
2.239
3.783
3.505
2.399
2.663
2.188
2.519
2.93
3.592
3.207
2.925
1.928
3.943
3.612
2.156
3.691
1.529
1.571
2.049
3.036
2.987
3.376
2.549
2.162
1.596
3.17
3.966
3.588
2.88
2.782
3.254
3.324
2.53
2.383
3.204
3.771
2.379
3.647
1.962
3.193
2.341
2.464
1.76
3.078
1.778
2.082
3.208
1.587
1.962
1.799
3.881
2.479
3.779
3.224
3.712
3.135
2.574
3.904
2.811
1.779
3.916
1.928
2.152
1.614
2.05
3.309
2.093
1.538
3.418
2.637
1.953
3.518
3.314
2.251
2.327
3.967
3.513
3.247
3.227
3.223
2.19
3.181
1.646
3.489
2.603
3.643
3.846
3.587
2.42
3.746
3.713
3.489
2.742
2.596
2.305
3.833
1.792
1.567
1.864
2.364
2.203
2.522
2.804
1.664
2.438
2.555
1.522
3.401
3.612
2.088
3.01
3.474
1.696
3.477
1.594
2.375
3.497
2.797
3.129
2.377
3.93
2.191
3.401
2.105
3.244
1.956
2.435
3.867
3.354
1.801
3.401
2.942
3.0
2.426
3.536
3.956
3.462
3.259
3.146
3.965
3.254
2.427
3.606
3.028
1.73
2.662
1.628
3.204
3.031
3.343
2.246
1.682
2.726
3.755
1.842
1.867
1.926
2.69
3.626
2.533
3.734
1.896
3.866
3.058
3.032
3.888
2.206
3.794
3.286
3.995
2.687
2.33
2.749
2.14
3.09
2.304
3.222
3.805
3.729
1.886
2.169
1.935
3.654
3.136
2.51
2.208
3.854
1.976
3.504
2.991
2.847
3.007
1.852
2.64
2.202
3.901
2.183
3.258
3.548
2.411
3.113
2.587
2.548
2.415
2.137
2.03
3.591
1.783
2.569
2.361
3.218
3.842
1.888
1.814
1.866
2.644
1.901
1.55
3.858
3.871
3.428
1.71
1.682
3.026
3.344
3.387
2.132
1.904
3.309
2.814
2.232
2.7
2.24
2.374
3.49
3.708
3.285
3.575
1.885
2.002
1.628
3.68
3.423
1.827
2.916
2.266
1.949
1.642
2.802
3.304
2.887
1.679
3.951
2.436
1.986
3.041
3.033
3.789
2.945
2.575
2.952
1.645
2.724
2.375
1.832
1.622
3.669
2.245
3.388
1.635
1.525
3.98
2.512
3.51
3.277
1.949
3.976
3.242
2.039
2.355
2.832
3.812
2.229
2.749
1.952
1.716
2.741
3.696
3.421
3.147
3.596
2.153
2.111
3.09
1.788
2.813
2.458
1.704
1.56
3.465
2.166
3.169
2.554
1.655
2.33
2.5
2.688
3.692
3.026
1.756
3.191
2.146
2.44
3.022
2.237
3.873
1.861
3.878
1.995
2.809
2.66
2.913
3.362
2.546
3.89
3.663
1.753
3.893
2.985
3.018
2.161
3.497
1.838
3.962
2.858
2.13
3.53
1.818
2.085
3.687
3.338
3.578
1.785
3.673
2.401
2.718
3.123
2.244
2.085
1.947
3.15
3.118
2.163
2.615
3.697
2.624
3.929
2.452
2.952
1.843
1.634
2.522
3.204
2.986
1.595
2.092
2.328
2.324
2.908
2.882
2.718
2.392
2.256
3.608
3.937
1.648
3.106
3.847
3.498
3.288
2.379
2.059
3.538
3.418
1.786
3.345
3.591
2.641
3.904
2.796
2.347
2.881
3.478
3.248
1.818
3.095
3.142
3.069
2.131
3.216
1.912
2.361
2.746
3.798
3.441
1.736
1.912
3.543
1.666
1.785
1.954
1.902
3.559
2.231
2.107
1.605
3.834
1.725
2.955
2.099
3.677
3.607
3.989
2.639
2.035
2.311
3.335
2.877
2.502
3.0
1.998
2.035
3.7
1.84
3.972
1.735
1.699
3.748
2.147
2.962
3.559
3.772
2.17
2.973
1.582
3.494
3.392
2.345
2.618
2.51
3.175
2.02
3.966
3.556
1.722
2.951
2.755
1.804
3.692
3.305
3.076
2.928
3.579
2.062
1.738
1.905
2.312
3.105
3.038
2.967
3.032
3.167
2.808
2.174
1.77
3.186
3.373
2.894
3.281
3.506
3.21
3.68
3.222
2.106
2.903
2.447
2.106
2.507
3.209
2.597
2.487
1.562
3.762
3.238
2.247
2.729
2.79
3.134
2.75
3.408
2.397
2.934
2.177
2.486
2.13
3.184
1.787
1.72
3.37
2.025
3.16
3.91
2.809
2.759
2.151
3.155
3.285
1.672
3.554
3.211
3.066
2.988
3.804
1.6
1.625
2.938
1.736
1.709
2.956
2.102
3.288
3.486
1.99
1.881
3.822
3.873
3.002
2.577
3.264
2.522
1.627
3.43
3.047
3.258
2.083
2.664
3.202
1.77
2.498
3.683
3.622
2.607
3.853
2.136
2.103
3.7
2.552
1.588
2.6
3.767
3.996
2.96
3.801
1.512
3.502
2.595
2.554
3.776
2.12
2.286
1.571
1.937
1.549
3.497
2.541
1.523
2.689
3.174
3.805
3.564
3.729
3.529
3.882
1.722
2.431
1.659
2.57
2.886
3.407
3.845
1.753
3.651
Error de lectura!!!
2.233
3.446
3.929
2.054
2.819
3.158
3.739
2.776
3.806
3.735
2.327
2.631
2.845
3.628
3.151
3.899
2.855
2.063
3.507
3.272
4.0
2.04
2.537
2.405
1.552
2.451
3.124
1.865
3.123
3.462
3.395
3.345
2.873
1.712
1.89
2.045
3.661
2.279
2.38
1.971
2.719
3.239
1.979
2.448
3.703
1.99
2.878
2.786
3.774
2.593
2.519
1.667
3.903
3.348
3.553
2.569
2.134
3.065
3.61
1.863
2.298
3.676
2.286
2.393
3.573
2.716
3.212
3.452
1.507
3.592
2.199
2.732
1.81
2.83
1.568
2.881
1.55
1.939
3.85
2.875
2.673
3.373
3.139
1.927
2.321
2.853
3.506
1.642
2.725
2.586
1.689
2.438
3.902
2.252
3.551
2.266
3.056
2.099
2.015
3.628
1.571
2.738
3.977
3.237
3.416
3.686
2.74
2.623
3.052
3.678
2.291
1.548
2.31
3.238
2.636
3.301
2.378
1.86
3.734
2.794
3.907
3.176
2.47
3.99
3.104
3.208
3.172
1.964
3.912
3.072
2.571
3.991
3.84
2.714
3.553
2.834
1.633
3.132
1.539
2.999
2.536
3.535
2.394
2.626
2.77
2.054
3.797
3.621
2.824
3.328
3.569
3.788
2.515
2.301
2.6
2.896
2.281
1.97
2.583
1.811
3.285
3.524
3.565
2.453
2.515
3.461
1.557
2.539
2.065
2.335
1.529
3.095
1.584
2.686
2.833
3.428
2.283
2.137
1.809
2.277
2.642
3.901
2.935
3.032
2.172
1.708
2.231
Error de lectura!!!
2.598
1.958
2.289
3.901
2.925
3.57
3.454
3.268
2.233
3.455
2.645
1.756
3.161
2.505
3.911
3.592
2.738
2.528
2.954
2.153
3.53
3.539
1.563
3.025
2.976
1.639
3.059
3.814
2.157
1.735
2.253
3.078
2.597
2.461
1.72
3.034
2.45
3.785
3.355
2.66
3.012
1.874
1.522
1.932
2.512
2.869
3.452
1.726
1.814
1.565
3.461
2.38
1.929
2.264
1.845
3.304
1.55
2.428
2.286
1.949
2.092
3.046
2.649
2.016
2.145
2.951
2.384
2.693
3.432
3.01
1.706
3.923
2.365
3.211
1.995
3.414
2.318
1.706
1.969
2.94
2.05
2.662
2.69
2.542
3.946
2.353
2.523
1.994
3.204
1.669
2.98
2.102
3.565
1.909
2.681
3.501
2.496
2.262
3.238
1.519
2.441
1.985
3.275
3.986
1.866
2.095
3.978
2.802
3.689
2.025
2.623
3.356
3.99
1.635
3.011
3.819
2.868
2.04
2.182
2.719
2.424
2.799
2.123
3.732
2.236
3.625
3.957
2.015
1.62
3.449
3.717
3.151
1.869
2.27
2.515
3.758
3.124
2.876
3.991
1.531
1.56
1.988
1.778
3.202
2.015
3.834
2.83
3.714
2.345
3.298
3.373
3.005
1.633
2.544
3.399
3.281
2.762
3.602
3.28
1.924
3.596
2.731
2.615
3.831
3.76
1.543
3.74
2.909
3.199
1.517
3.298
2.983
2.044
3.668
3.256
1.928
1.838
2.204
1.855
1.903
3.12
3.522
3.447
3.382
3.559
1.659
3.126
3.376
3.784
1.852
3.603
1.862
3.596
2.915
3.829
3.39
2.777
3.334
2.845
2.086
2.929
3.133
2.207
2.313
2.726
3.261
1.633
2.388
2.134
3.946
2.779
1.746
1.525
2.424
2.527
3.268
3.243
2.88
3.517
3.55
3.72
2.451
2.32
1.539
2.403
3.409
3.302
2.451
3.197
2.233
2.748
1.64
3.465
2.762
3.509
2.159
3.563
2.644
2.632
3.284
3.192
3.36
3.497
2.586
3.106
2.753
2.285
2.8
3.185
3.333
3.968
3.975
2.678
2.375
1.603
2.704
2.829
3.78
1.56
3.349
2.302
3.347
3.674
3.622
1.555
3.539
2.98
2.884
3.054
1.648
3.676
2.01
2.895
Error de lectura!!!
1.848
1.8
3.671
2.399
2.841
3.768
1.902
3.137
2.797
2.432
3.441
2.287
1.839
2.934
2.713
2.321
2.314
2.521
3.874
1.927
2.969
2.658
3.835
2.224
2.013
2.776
1.51
1.939
3.088
3.677
1.536
3.884
2.104
2.044
2.42
3.066
3.17
2.984
2.623
3.405
2.358
2.846
2.992
1.569
2.864
2.554
2.318
2.959
2.822
3.774
2.084
3.615
3.461
3.028
2.794
1.57
3.19
3.628
3.101
2.067
2.503
3.859
3.301
1.535
1.506
3.367
2.001
3.507
3.187
3.933
3.857
3.27
2.663
3.155
2.426
2.438
3.688
2.44
3.757
3.705
2.387
2.726
2.4
1.784
2.544
1.907
1.753
3.441
3.469
3.106
3.749
1.966
3.714
1.506
2.595
2.168
1.551
1.952
3.839
2.395
2.018
2.685
2.733
2.969
2.643
2.568
3.06
2.834
3.025
2.445
2.233
1.725
2.988
1.708
2.105
2.135
3.348
1.874
3.278
2.559
3.445
2.872
2.871
3.743
3.198
1.557
2.712
3.307
3.259
3.967
3.313
1.687
1.83
3.927
2.471
3.661
3.729
2.185
1.554
1.653
3.407
2.977
2.597
3.391
3.803
3.28
3.801
1.583
3.323
2.314
3.413
1.584
1.992
2.037
3.406
2.727
1.546
2.37
3.49
1.643
2.968
1.892
2.872
2.457
3.124
2.356
2.593
2.165
2.891
2.999
2.074
2.436
1.534
2.939
3.544
3.485
2.787
1.933
2.61
3.782
1.939
2.072
2.247
2.915
1.849
2.791
2.365
1.643
1.55
2.983
2.681
3.929
3.007
2.957
2.546
3.785
3.857
1.979
3.181
1.616
2.92
3.237
1.529
2.84
3.772
2.906
2.381
2.375
2.838
2.387
3.869
3.587
3.742
2.041
3.295
2.568
3.955
3.389
2.93
3.101
1.943
1.654
3.566
2.435
2.044
2.123
1.661
2.502
3.834
3.648
2.401
3.171
2.093
2.325
3.611
2.536
3.97
2.6
1.504
2.597
2.333
3.166
3.096
2.631
2.569
1.729
2.448
3.819
2.846
1.725
2.606
2.947
1.658
1.745
2.007
3.949
2.891
3.811
3.668
2.01
2.407
1.664
3.009
3.42
3.958
3.094
2.55
1.732
3.782
2.856
1.609
2.403
2.024
3.674
3.936
2.92
3.236
3.143
3.111
1.824
1.632
3.385
3.663
2.007
1.67
3.699
2.264
3.492
2.739
2.423
3.776
1.79
2.91
2.472
2.824
3.399
2.315
2.876
2.303
3.317
2.424
3.023
2.016
2.246
1.628
1.814
3.802
3.298
2.588
3.669
1.744
3.496
2.898
1.674
3.68
3.557
2.179
3.428
1.924
3.756
3.296
3.958
2.921
3.675
1.914
1.717
2.061
1.772
2.224
1.72
3.697
1.943
2.891
2.434
1.916
1.512
3.911
2.871
2.145
1.712
3.088
2.077
3.619
2.712
2.158
3.681
2.595
1.661
1.534
3.757
2.965
3.619
3.475
2.362
3.915
2.38
2.083
3.551
3.907
2.883
3.109
3.501
2.736
2.41
2.266
3.313
3.008
3.183
1.5
2.99
4.0
3.811
3.343
2.694
3.988
3.063
1.639
2.874
3.15
2.165
1.965
3.777
3.185
3.309
1.939
1.667
2.526
3.946
3.457
3.992
3.098
3.602
1.667
2.25
2.066
3.629
2.338
3.477
3.262
1.982
2.852
3.969
2.174
3.287
3.355
2.077
2.953
3.765
3.082
2.283
3.601
3.82
3.023
3.459
2.052
3.223
3.739
1.693
3.183
1.997
3.015
2.182
3.956
3.436
2.653
1.899
2.132
1.713
3.123
1.693
3.44
3.758
2.769
2.167
2.865
1.926
2.685
2.439
2.176
2.792
2.136
1.574
3.961
2.395
1.868
3.918
3.411
3.984
3.296
1.522
2.616
1.684
2.087
2.166
3.751
2.028
1.978
2.734
1.828
1.948
2.537
3.076
3.58
3.81
2.502
1.781
3.784
2.638
2.507
1.513
3.75
2.745
2.98
2.683
1.887
2.47
1.662
2.903
1.52
3.495
2.18
2.539
2.274
2.877
3.405
2.0
3.486
3.387
1.758
2.948
3.615
1.813
2.189
3.908
1.97
1.905
3.371
2.587
3.448
3.128
3.87
3.596
3.02
1.85
3.155
3.374
2.474
2.746
1.709
3.46
2.598
1.573
3.416
1.869
1.95
1.985
2.436
3.513
1.817
3.199
3.226
2.051
3.06
2.717
2.185
3.328
3.038
2.056
2.103
1.689
2.322
3.923
1.541
3.207
1.984
3.842
3.183
1.702
2.805
2.343
2.779
2.884
3.97
1.611
2.243
1.806
3.739
3.934
2.033
1.783
2.667
2.623
3.341
2.714
3.815
3.375
2.22
3.538
2.557
2.55
3.575
1.962
1.731
3.294
2.739
1.65
2.234
3.827
3.73
3.501
3.986
2.622
2.318
3.957
1.965
2.825
2.557
2.681
3.73
3.38
3.422
3.783
3.592
3.909
2.381
3.746
2.24
3.301
1.649
3.778
3.05
1.854
1.98
3.464
1.891
2.619
1.764
3.424
1.546
3.803
2.691
2.802
3.819
3.181
2.869
3.133
2.068
2.077
3.989
1.591
1.634
1.784
2.917
3.648
1.554
3.421
2.002
3.399
2.461
2.93
3.877
2.292
3.81
1.842
3.872
3.335
3.414
1.509
3.381
3.254
3.303
1.703
1.882
3.007
1.702
3.202
3.665
1.892
1.681
1.957
2.401
2.588
3.582
2.299
1.713
2.867
2.029
3.599
2.17
2.027
3.42
2.371
1.924
2.282
3.728
3.167
1.995
1.872
2.84
3.807
2.093
2.518
3.387
2.867
1.893
1.915
2.062
3.106
2.137
1.699
2.173
3.497
2.748
3.611
2.082
3.917
3.228
1.546
3.484
3.566
2.096
2.056
1.887
3.971
2.883
1.751
1.867
3.19
2.755
3.097
1.62
1.896
1.586
2.074
3.689
1.736
1.767
2.649
1.811
1.535
1.933
3.835
1.577
1.901
2.612
1.912
2.312
3.411
3.939
1.78
3.48
2.645
2.089
1.912
3.211
3.052
3.791
2.162
3.004
1.592
3.533
3.781
2.058
3.142
3.426
3.401
3.026
2.455
2.693
3.073
1.911
2.184
1.773
3.42
1.612
1.574
2.863
2.091
3.875
3.631
2.828
3.916
2.694
2.704
2.915
3.861
1.887
2.674
2.399
2.093
3.859
3.882
1.877
1.577
2.453
1.52
2.362
3.625
2.174
1.901
3.29
3.123
2.612
1.91
2.507
3.672
2.091
3.033
1.551
3.181
2.777
3.64
2.562
3.996
3.223
3.67
1.58
3.627
1.92
2.954
2.02
2.064
2.612
1.749
3.774
3.822
3.1
3.042
2.256
2.314
3.478
1.845
2.297
3.787
2.355
3.548
3.866
2.408
3.286
2.496
2.137
3.113
2.67
2.836
2.111
1.657
3.968
3.534
3.401
2.005
1.633
2.383
2.849
3.959
3.221
3.146
3.5
3.86
3.954
1.977
3.109
2.505
2.196
1.679
3.015
3.658
1.733
2.42
3.641
3.808
2.151
1.681
3.192
3.715
3.353
1.53
2.491
2.758
3.797
1.824
2.764
2.999
3.101
3.849
3.259
1.622
3.684
3.93
2.498
1.981
2.414
3.164
2.402
3.725
3.73
2.906
1.87
3.757
1.739
3.067
3.819
3.291
3.002
3.778
2.217
1.802
1.638
3.062
3.534
3.753
3.928
1.75
2.618
3.667
1.599
2.869
3.611
1.92
1.811
3.164
3.726
3.776
2.161
2.083
2.436
2.486
1.781
3.294
3.683
1.536
2.322
1.757
3.267
1.581
2.759
1.817
3.814
3.167
3.992
2.754
1.688
2.348
3.284
1.624
3.189
2.528
2.496
2.811
2.441
2.281
3.673
3.292
3.882
2.183
1.718
1.584
3.014
1.61
3.613
1.507
3.616
3.553
3.671
1.548
1.678
1.865
3.757
2.735
2.44
1.557
3.418
2.747
2.352
2.288
3.253
2.86
2.271
1.939
3.683
2.228
3.056
3.999
3.584
2.88
2.84
2.75
3.273
3.821
2.954
3.386
2.556
2.212
2.907
1.562
2.757
2.669
2.99
3.241
1.857
3.978
2.262
3.686
3.412
3.365
2.555
3.687
3.594
3.263
1.577
2.573
1.617
2.493
2.837
3.591
1.623
3.247
1.802
1.586
3.464
3.12
3.543
1.959
2.806
3.956
2.756
1.638
3.274
1.559
1.909
1.621
1.781
1.939
3.463
3.15
3.558
2.073
3.838
1.827
2.173
2.833
2.936
2.579
3.437
2.746
2.199
2.059
2.846
2.309
3.288
1.857
2.352
1.67
2.064
3.232
2.304
1.685
3.603
2.854
3.445
2.012
3.952
2.465
3.766
3.191
2.621
3.666
2.333
3.075
2.67
2.114
1.816
3.661
2.87
2.988
1.588
3.391
2.974
1.611
3.833
2.262
3.942
2.316
3.045
2.891
3.531
3.839
3.019
3.608
1.759
2.909
3.002
3.875
3.928
3.936
3.188
2.627
3.828
2.575
1.879
1.986
3.623
2.673
3.491
3.537
3.704
1.838
1.972
2.812
1.729
3.838
3.935
3.485
1.618
1.633
1.592
2.822
3.329
3.312
3.332
2.262
3.833
1.635
1.664
2.786
2.306
2.854
3.224
3.284
2.094
2.325
1.661
3.24
3.05
2.06
3.613
3.644
2.178
2.462
2.446
3.844
2.592
3.474
1.96
2.346
2.46
1.601
1.613
3.584
3.286
1.509
1.789
2.805
3.835
3.39
2.992
2.976
3.253
3.41
2.321
3.738
2.724
2.892
3.14
3.853
3.785
3.744
2.428
3.916
2.297
2.832
2.125
3.809
3.571
2.855
3.248
1.969
2.336
1.826
2.19
3.025
2.139
3.68
1.793
2.547
3.437
2.246
2.605
3.848
3.013
2.113
1.738
2.044
2.916
3.785
2.08
2.13
1.552
3.514
3.786
2.157
2.307
2.186
2.175
3.656
3.006
3.06
2.316
3.03
3.358
2.954
2.371
3.47
2.512
2.014
2.429
1.945
3.76
3.193
2.552
3.581
1.659
2.426
1.57
2.664
2.381
1.692
3.913
2.262
2.421
3.192
2.04
2.953
1.841
2.122
3.533
3.234
2.363
3.938
2.022
3.445
2.496
3.357
1.51
1.543
3.824
3.034
3.614
3.774
2.365
3.84
2.11
1.781
3.03
3.612
3.903
3.258
1.813
3.52
2.374
2.933
1.872
1.876
3.147
3.425
2.507
2.947
2.406
3.636
2.226
3.104
3.722
2.731
1.799
3.447
3.065
2.488
3.147
2.769
2.743
3.576
3.594
2.689
1.648
1.659
2.64
3.917
2.136
3.997
1.871
3.958
3.137
3.11
1.954
1.81
2.519
3.389
3.576
3.75
3.131
3.391
1.969
2.54
1.994
2.448
3.35
2.264
3.715
2.166
3.425
1.95
2.076
1.899
3.329
2.95
1.801
2.889
2.156
2.962
1.892
3.851
1.891
3.992
3.328
3.184
3.196
2.97
3.593
1.787
1.575
1.827
2.324
2.238
1.585
3.387
3.887
2.147
3.321
3.567
2.851
1.528
3.849
1.727
3.437
3.978
3.049
2.272
2.694
2.462
2.994
2.437
3.737
1.854
1.626
3.845
2.96
2.559
2.006
3.917
2.328
2.611
2.343
2.698
3.428
3.038
2.006
3.276
3.713
2.294
1.947
2.248
2.893
3.699
2.567
2.444
2.2
3.703
1.874
3.54
2.18
2.204
3.437
1.923
3.944
3.02
1.902
3.175
2.024
2.292
1.767
2.208
3.743
2.692
2.732
3.472
1.52
3.663
1.844
2.975
2.51
1.714
2.873
2.159
3.729
3.883
2.327
2.533
1.824
2.437
1.539
3.665
2.316
1.635
3.213
3.073
2.023
2.507
2.09
3.581
1.911
2.867
2.516
3.505
2.642
3.612
1.572
2.564
3.889
2.584
2.601
3.196
2.405
2.973
3.783
3.702
3.732
3.472
2.73
3.78
1.935
3.482
2.488
2.767
2.488
2.019
2.572
2.832
3.426
2.068
3.426
2.587
2.142
3.236
2.315
3.968
1.732
3.537
2.46
3.915
3.637
2.928
3.319
3.494
3.021
3.067
2.919
3.157
3.206
3.503
1.547
3.282
2.005
3.41
3.704
3.712
2.96
1.734
2.136
2.263
1.654
3.689
2.278
3.08
3.169
3.094
1.626
2.263
2.421
2.157
3.386
1.899
2.387
3.366
2.669
2.771
2.114
3.007
2.813
2.182
3.385
2.637
3.633
2.605
2.512
2.989
3.316
1.711
3.411
2.295
2.37
2.936
1.803
1.865
2.099
2.216
2.52
2.706
3.689
2.209
3.38
1.858
2.033
2.826
2.45
2.856
2.324
3.791
2.765
2.824
2.746
3.167
1.977
3.876
3.532
2.065
2.364
2.74
2.223
2.061
3.164
3.023
1.887
2.783
3.063
2.373
2.944
3.897
2.946
3.506
1.776
2.102
1.563
3.208
3.043
3.149
3.037
3.458
3.831
1.654
2.476
1.683
3.461
1.657
2.396
1.863
2.837
2.204
3.777
2.689
1.561
3.76
2.311
1.658
3.236
2.087
2.477
2.298
2.545
2.912
2.879
3.158
3.172
1.814
1.636
1.792
3.922
2.9
3.552
2.006
3.1
3.913
3.126
2.203
3.337
2.604
1.537
1.647
3.118
1.81
1.564
1.714
2.545
1.709
1.792
3.054
2.755
2.077
2.032
3.113
3.163
3.834
1.61
1.949
3.394
3.669
1.577
3.524
2.352
1.91
3.915
3.235
2.911
3.046
3.089
3.794
3.599
2.121
3.316
2.287
3.484
2.993
3.039
1.948
3.364
3.026
2.657
2.605
3.63
2.58
3.517
3.139
2.858
2.669
1.657
3.885
1.692
2.72
2.685
3.977
2.436
1.971
1.896
3.785
2.739
3.64
3.93
3.573
2.467
3.434
2.613
3.927
2.005
3.975
2.437
3.351
2.544
2.182
2.261
2.221
2.548
2.657
3.606
3.415
3.842
3.97
2.53
2.62
3.767
3.643
2.007
3.334
3.175
1.726
1.649
2.388
2.073
3.421
3.158
3.736
1.875
3.895
3.369
3.353
1.537
3.733
3.644
2.479
2.981
1.995
2.235
2.231
2.091
3.304
1.624
2.178
2.13
3.245
3.45
1.967
3.461
3.805
1.846
3.916
3.807
2.965
3.696
2.164
1.893
2.22
2.059
1.859
1.701
2.424
1.501
3.373
3.226
3.16
3.541
3.453
1.81
2.984
2.351
1.815
1.709
3.932
3.107
1.723
2.756
1.687
1.898
2.637
3.619
2.621
1.671
2.679
3.647
2.065
2.773
1.932
3.523
2.102
3.491
2.31
2.509
2.453
2.061
1.677
3.301
3.898
1.916
3.684
2.631
3.149
2.551
3.711
3.734
1.699
3.226
2.334
3.95
2.404
2.637
3.179
2.958
2.818
1.609
3.667
1.813
1.855
2.3
3.226
1.511
2.756
3.915
1.742
3.895
3.101
2.059
2.949
3.711
3.097
1.668
3.126
2.418
2.606
3.353
2.553
2.22
2.661
1.627
3.848
2.417
1.748
3.197
3.155
2.109
3.566
3.026
2.575
3.172
2.45
2.242
4.0
3.37
2.576
2.085
2.958
2.315
3.569
3.549
2.79
2.709
2.513
2.645
3.051
2.244
3.652
3.081
1.645
3.35
2.539
2.28
2.043
2.607
3.658
3.655
3.551
1.555
3.28
2.834
2.422
3.384
1.823
1.682
1.976
2.728
3.336
2.228
1.902
3.391
3.298
3.335
1.803
3.818
3.155
1.918
2.778
1.837
2.695
1.511
3.963
1.791
3.522
3.827
2.857
2.328
1.544
1.772
2.454
3.712
2.417
2.581
2.447
1.785
2.507
1.852
1.661
3.235
1.732
3.675
3.357
3.217
1.582
2.813
1.658
1.716
3.048
2.84
1.881
3.746
2.839
1.928
2.828
3.873
2.155
3.122
2.477
3.156
3.655
3.676
3.298
2.227
1.713
2.095
1.529
3.665
2.903
3.05
2.748
3.254
3.819
2.989
3.692
3.196
3.289
2.254
1.746
3.079
1.634
2.712
3.378
2.555
3.489
1.822
2.181
2.027
3.704
3.495
1.815
2.839
1.593
2.828
1.715
3.324
2.996
3.583
3.383
3.995
2.681
1.8
3.771
3.605
3.677
1.616
2.567
2.834
2.487
3.243
3.778
3.02
2.549
2.097
2.859
3.664
3.854
2.462
2.766
2.564
1.764
2.383
3.198
3.995
3.738
1.948
2.527
2.188
3.649
2.683
3.872
3.293
1.653
3.355
1.763
2.149
2.407
3.034
2.188
3.294
1.951
2.278
3.512
2.712
3.378
2.92
2.941
3.275
2.161
2.369
2.013
1.879
Error de lectura!!!
2.187
1.709
1.705
1.724
3.189
3.244
2.457
3.87
3.288
3.721
3.761
1.901
3.089
3.7
1.533
1.666
1.737
2.167
1.934
2.95
3.396
2.27
3.533
2.249
2.644
3.792
2.464
2.659
3.61
1.911
3.585
3.447
2.609
3.037
3.791
3.659
2.646
2.022
1.581
3.432
1.807
1.831
3.807
3.328
2.995
3.914
3.801
2.265
2.692
2.926
3.606
3.628
3.466
3.631
3.966
3.712
2.311
1.92
3.547
1.825
3.687
3.813
2.749
3.612
2.21
3.495
2.319
2.97
3.533
3.089
2.683
2.854
2.437
2.687
3.062
2.056
2.695
2.061
3.719
3.861
2.994
1.632
2.66
2.691
1.929
2.834
1.512
2.708
3.836
3.907
3.371
1.827
3.131
2.689
3.25
3.494
3.616
1.926
2.416
2.752
2.454
1.91
3.419
3.552
2.547
3.862
2.414
3.889
1.684
1.679
2.199
1.658
3.309
1.654
2.752
3.154
2.45
1.785
3.085
1.691
2.016
1.665
3.836
3.165
2.49
1.522
1.971
3.215
3.558
2.415
3.256
1.683
3.557
3.791
2.292
1.65
3.338
2.136
3.599
2.307
3.78
1.749
2.407
2.962
3.647
2.107
1.955
2.213
3.581
2.894
2.673
2.91
1.84
2.849
2.41
1.757
1.958
3.35
2.482
2.472
2.669
1.623
1.627
2.607
2.151
3.032
2.78
1.93
2.251
3.582
1.802
2.97
1.565
3.622
2.025
3.416
1.838
3.177
3.666
3.75
1.992
2.826
3.182
1.914
3.203
3.418
2.263
1.903
2.628
2.598
1.779
3.253
3.957
3.046
1.818
2.673
3.337
2.479
2.986
1.848
3.507
1.958
2.132
3.824
2.219
1.872
2.482
1.526
1.634
2.817
3.879
3.025
3.996
2.432
1.941
2.87
2.393
1.809
2.389
1.733
3.971
3.519
3.292
2.237
3.057
1.664
3.033
1.876
2.005
3.646
3.805
2.081
4.0
2.54
1.721
3.87
3.876
1.904
2.961
2.345
2.554
2.843
3.193
1.529
2.975
3.478
3.531
3.719
2.402
3.614
3.355
1.695
2.895
3.233
2.043
3.043
3.464
2.337
3.512
2.52
2.071
2.505
2.82
3.954
3.224
2.878
2.933
2.22
3.456
2.73
2.091
2.875
2.343
3.94
4.0
1.662
2.337
2.486
3.702
3.665
2.913
1.802
3.958
1.713
2.226
2.994
1.941
2.297
3.124
2.86
2.361
2.659
2.75
2.448
2.6
3.035
2.78
3.403
2.421
3.662
3.254
3.75
2.894
2.116
3.566
1.535
1.96
2.041
1.907
2.708
3.53
2.107
3.938
3.267
3.663
2.541
2.495
1.909
2.228
2.747
2.24
2.515
3.53
3.28
3.226
1.741
1.535
3.171
2.145
3.295
1.584
3.366
2.659
2.755
1.96
1.674
1.852
3.899
3.354
3.519
3.656
1.809
2.851
3.707
1.68
2.128
2.064
2.669
2.522
3.87
3.812
2.731
3.652
3.224
3.193
3.737
1.699
3.846
3.722
3.916
2.316
1.775
3.891
1.504
3.964
2.754
2.64
2.849
2.115
3.53
3.655
3.007
1.766
1.565
2.476
3.867
2.272
3.142
2.023
2.019
3.768
1.847
2.805
3.629
3.074
3.063
2.469
1.679
3.17
3.543
3.126
3.97
3.198
3.835
3.191
3.557
3.977
1.527
3.277
2.945
2.272
2.449
3.949
2.792
2.397
3.159
2.031
3.931
2.278
2.787
1.871
1.782
2.521
3.037
3.722
2.513
3.563
2.881
1.735
2.057
1.608
1.686
3.809
1.967
2.367
1.936
1.647
3.575
1.909
3.263
3.481
2.356
3.204
3.519
2.514
1.741
2.17
1.5
1.7
2.489
1.954
1.774
1.867
3.351
3.191
3.48
3.333
3.457
2.31
3.223
2.228
3.258
1.791
3.521
2.921
2.991
1.595
1.501
2.67
1.849
2.937
1.895
2.416
1.834
2.478
1.818
1.5
2.983
3.017
3.506
3.886
3.06
2.852
3.954
1.529
3.525
3.883
3.086
1.589
3.864
3.439
1.846
3.768
2.667
2.501
1.814
1.581
2.9
3.428
2.708
3.442
3.033
1.882
2.751
2.172
2.4
1.511
2.487
3.224
2.938
2.413
2.589
1.683
1.901
2.174
3.451
1.712
2.014
1.849
2.472
2.915
2.369
1.824
3.039
3.831
3.395
3.409
2.471
3.092
3.959
3.097
2.167
2.507
2.407
3.241
1.665
2.713
3.071
1.777
3.207
3.679
1.712
2.536
1.966
1.834
3.031
3.447
2.891
2.101
3.904
2.154
1.838
2.957
2.244
2.339
2.911
2.337
3.003
3.349
3.437
3.217
1.829
3.158
3.247
3.251
2.309
3.851
3.353
3.35
3.801
3.715
1.502
2.456
2.686
2.514
3.434
2.189
3.631
2.454
3.708
3.907
2.912
3.934
2.559
2.387
3.93
3.134
1.559
2.021
3.732
1.825
1.862
2.569
2.301
1.588
2.897
3.387
2.96
1.679
2.305
3.438
1.517
3.371
2.18
2.341
2.498
2.38
2.312
1.682
2.893
3.428
3.103
3.062
3.936
3.741
3.022
1.887
2.788
3.398
3.292
1.603
2.189
2.096
2.451
2.318
3.547
3.716
3.343
3.861
2.268
1.502
3.199
3.947
2.455
3.283
2.952
1.503
3.904
2.606
3.162
2.268
2.332
2.607
2.475
3.194
2.44
2.486
2.056
2.872
3.333
2.907
2.604
3.593
1.87
2.303
3.733
3.456
1.538
2.527
1.935
3.377
2.728
2.999
1.908
3.939
3.397
1.884
2.441
2.813
2.725
2.47
3.665
3.499
1.584
3.465
2.255
1.834
1.823
2.94
3.954
3.658
1.847
3.678
3.555
2.222
1.706
2.856
2.154
3.431
3.221
2.736
3.443
2.153
1.755
3.888
1.853
1.828
1.863
2.085
2.647
3.905
3.838
2.968
2.763
1.889
2.694
2.026
2.971
2.572
1.979
3.131
2.093
3.779
2.39
3.833
3.311
3.099
3.134
3.23
3.124
2.054
3.634
2.067
1.824
1.623
2.254
3.1
1.581
1.901
3.834
1.853
2.796
2.17
1.807
1.89
2.709
3.627
2.021
3.25
3.482
2.743
1.97
2.923
3.799
2.245
1.984
2.934
1.681
2.523
1.984
1.931
3.59
2.361
3.829
1.505
3.795
1.796
2.69
1.504
2.063
3.717
2.401
3.874
1.636
2.217
3.921
2.012
1.991
2.943
2.626
1.505
3.368
3.838
3.029
3.941
2.137
3.077
3.006
1.583
2.782
3.45
3.575
3.671
3.78
1.836
2.28
3.724
2.639
2.83
1.938
1.676
1.783
3.573
2.369
2.748
2.816
2.245
3.683
2.356
2.819
1.726
3.494
3.177
1.826
2.826
3.419
1.854
3.54
2.833
3.899
1.641
3.139
3.777
2.533
3.425
3.044
3.164
2.4
2.391
2.652
1.959
2.858
1.82
1.71
1.657
1.59
1.821
3.381
2.649
3.83
2.162
1.964
3.461
2.233
3.188
2.959
2.651
2.374
2.645
1.929
3.743
3.196
1.746
3.885
2.769
2.555
2.979
3.185
1.812
2.289
3.449
2.241
2.579
3.39
2.168
3.291
2.134
1.751
2.25
2.315
2.33
3.484
3.323
3.309
2.461
3.978
3.889
2.377
2.19
1.964
1.601
2.408
2.103
1.967
1.704
2.693
2.921
3.735
1.968
2.954
2.693
2.248
3.227
3.038
1.501
1.9
3.139
2.711
3.421
3.34
2.827
3.554
3.789
3.502
2.683
3.187
2.509
3.033
2.119
2.849
3.803
2.504
3.784
3.004
3.808
3.733
1.885
1.702
3.413
2.864
2.16
2.204
1.604
3.589
2.902
2.426
3.519
2.001
3.43
2.566
2.863
2.92
3.111
2.075
2.925
3.916
1.766
2.706
3.747
2.972
2.086
2.377
3.94
2.629
2.152
3.893
1.799
2.175
2.474
3.746
1.865
3.076
2.508
2.945
2.548
3.2
3.76
1.827
1.553
3.034
2.439
3.731
2.055
2.962
2.849
3.049
2.845
1.782
1.685
3.356
2.216
2.928
1.68
1.877
3.784
2.915
3.632
2.636
3.658
3.531
2.827
2.517
3.396
2.532
3.192
2.943
1.654
3.977
2.933
1.599
1.501
3.508
1.502
2.333
2.864
2.963
3.085
2.542
2.051
2.614
1.99
3.174
2.577
2.967
2.423
3.035
1.893
1.899
2.619
2.953
1.807
2.06
3.311
2.026
2.123
2.414
3.336
1.936
2.908
3.88
1.89
1.717
2.375
3.084
2.889
2.525
2.841
3.052
3.796
3.383
2.429
1.723
3.4
3.035
3.653
1.92
1.588
1.95
3.617
3.064
3.479
1.978
2.64
1.854
2.405
2.945
1.579
2.805
2.68
3.754
2.407
3.95
1.8
1.53
1.75
3.242
3.404
3.389
2.35
2.518
3.236
2.521
3.147
2.03
2.75
3.813
3.058
3.171
3.777
3.679
3.687
1.604
2.749
3.091
3.542
3.276
3.757
2.917
3.149
1.653
3.151
2.283
3.809
2.53
3.223
3.208
3.255
2.44
2.424
2.688
2.57
3.253
2.755
1.677
1.642
2.137
3.434
3.551
2.26
3.902
2.003
3.207
2.323
3.852
2.161
3.122
2.976
2.231
2.692
3.957
1.697
3.971
3.223
3.037
1.929
3.17
3.163
2.392
2.435
3.474
3.083
2.307
3.36
2.1
2.439
2.279
2.301
3.011
3.796
1.755
2.741
2.744
3.219
3.869
1.515
2.224
1.901
3.968
1.977
2.231
2.731
3.27
3.515
2.755
1.567
2.312
3.064
2.135
3.756
3.372
2.475
3.786
2.777
3.786
2.603
1.54
2.785
1.77
2.014
2.104
2.163
3.546
3.588
2.88
1.888
1.676
2.038
2.748
3.018
3.653
2.218
2.695
3.299
2.106
2.75
1.542
2.906
3.56
3.711
1.617
2.501
1.956
2.071
3.878
3.516
3.445
2.457
2.345
2.017
2.391
2.892
2.817
3.963
2.674
3.163
1.577
3.898
2.834
2.645
1.856
2.906
1.954
1.604
3.082
2.423
2.78
2.374
2.257
2.717
2.909
2.338
3.111
1.657
3.417
1.84
3.734
1.945
2.594
1.608
3.422
2.637
2.392
2.687
3.251
3.027
2.352
2.683
3.961
2.332
3.175
1.65
3.144
2.375
2.674
2.771
2.164
1.676
3.582
2.231
2.959
1.641
2.33
2.805
3.234
2.584
3.163
2.335
1.516
1.619
2.53
3.24
3.251
3.55
2.735
2.119
3.747
1.737
1.964
2.907
3.562
3.394
3.883
1.691
3.806
2.667
1.57
2.814
3.523
1.877
2.422
2.765
3.517
3.584
2.473
3.886
1.627
2.672
2.438
2.726
2.134
1.998
1.644
2.397
2.849
1.82
1.894
2.274
1.679
2.056
3.84
3.854
3.785
2.877
3.15
2.109
3.686
3.488
2.596
1.529
2.211
3.272
3.325
2.851
2.638
2.083
3.164
3.426
2.101
2.503
2.598
3.942
2.678
2.778
1.584
1.665
1.753
3.044
3.299
3.068
1.538
3.861
2.749
1.573
3.063
3.578
3.336
1.5
3.891
3.212
1.721
1.605
3.657
2.694
3.192
1.579
1.837
3.94
3.485
2.934
3.978
2.422
3.099
3.378
2.248
2.759
1.792
2.105
1.921
1.664
2.263
3.477
2.922
2.589
2.749
3.971
3.606
3.543
2.135
2.443
2.948
1.96
1.94
1.86
1.612
1.714
3.004
3.536
3.996
2.842
3.422
1.502
3.771
2.191
2.913
2.089
3.392
3.12
3.708
1.542
1.793
2.887
2.146
2.015
1.582
3.913
3.465
3.987
3.47
1.762
2.209
3.42
3.337
2.797
1.941
1.722
2.2
2.424
3.998
2.263
2.064
1.967
3.341
2.063
1.5
1.947
2.041
1.608
3.0
3.167
2.146
1.821
2.348
2.378
3.853
3.217
3.484
3.735
2.51
2.866
2.384
2.636
3.511
2.548
2.654
3.093
2.075
2.258
2.956
1.841
3.193
3.098
2.071
3.913
2.63
3.009
3.364
1.58
2.417
1.967
3.185
1.919
3.925
1.767
2.931
2.759
1.822
3.161
2.618
3.168
3.883
3.701
3.527
3.787
3.265
2.213
3.642
2.488
2.504
1.559
1.843
3.922
2.719
2.236
1.595
3.762
3.409
3.624
2.53
2.459
3.077
2.557
1.775
2.654
3.602
1.506
1.542
3.369
3.872
2.438
1.741
3.059
2.083
3.162
1.777
1.985
2.96
2.086
2.604
1.672
3.442
1.759
2.036
1.613
3.638
3.449
3.308
3.866
3.137
2.586
3.832
2.779
3.942
1.647
1.609
3.656
3.72
3.753
1.654
2.009
1.647
3.112
1.697
3.572
3.73
2.704
2.049
3.8
2.805
2.968
2.053
1.553
3.872
3.749
2.633
3.782
2.089
2.902
2.23
2.818
1.875
2.5
3.324
3.664
3.373
3.822
3.266
2.186
3.475
1.699
1.736
2.155
2.642
2.307
3.725
2.459
2.559
3.236
3.901
1.63
2.624
3.203
2.417
3.719
3.753
3.243
3.199
2.822
3.939
2.367
3.593
2.062
1.779
2.543
2.953
1.518
3.035
3.778
3.422
2.631
3.749
2.362
3.649
2.001
3.899
3.968
3.154
2.702
2.324
2.02
2.248
1.99
3.561
2.189
2.562
3.259
2.438
3.397
1.894
2.597
3.007
2.151
3.19
2.272
3.336
1.669
2.493
2.341
3.437
2.408
1.732
1.862
3.287
3.091
3.054
3.56
2.917
1.757
2.715
2.642
3.725
2.37
2.073
2.76
2.156
2.869
2.702
3.823
1.699
3.276
2.506
2.743
3.767
2.432
2.391
3.732
3.384
2.717
1.955
2.177
2.463
3.867
2.963
2.285
2.608
2.411
1.812
3.553
3.423
2.605
2.204
1.824
1.806
3.751
3.901
2.854
1.887
1.641
3.048
2.615
3.282
2.609
2.623
3.717
1.576
2.571
3.499
2.238
1.758
3.627
1.715
1.668
2.311
3.646
2.232
3.079
2.307
1.776
3.935
1.893
2.349
1.591
1.666
3.717
3.89
1.583
3.776
2.113
1.638
3.233
2.496
3.739
2.406
3.343
2.692
2.155
2.443
1.818
2.513
2.342
2.023
1.962
2.458
3.287
1.896
3.015
2.569
2.505
3.467
3.58
2.301
1.703
2.61
3.958
3.767
1.574
1.908
2.983
2.248
3.072
1.664
3.588
2.971
2.181
3.053
3.317
2.304
3.151
3.616
3.569
3.261
2.928
2.837
3.582
3.739
3.438
3.365
2.45
2.663
3.305
2.636
3.995
2.132
2.363
2.311
2.651
2.958
2.68
2.244
2.971
3.444
2.688
3.526
1.691
2.177
2.829
1.619
3.687
1.957
3.376
2.969
2.436
2.405
2.357
1.503
2.327
3.294
2.856
2.835
2.392
2.819
3.242
3.603
1.622
3.38
1.704
3.279
3.447
1.838
1.553
2.842
3.665
2.306
3.516
2.594
3.746
3.031
2.013
3.771
3.802
2.128
2.471
3.29
2.377
2.418
2.235
3.879
1.907
1.682
2.341
2.306
3.695
3.824
3.519
2.253
1.508
2.706
1.72
1.557
2.165
2.767
3.253
3.878
3.28
2.012
2.872
2.687
2.28
3.813
3.152
1.825
3.655
2.112
2.359
1.76
3.397
3.268
3.167
1.543
3.291
2.731
3.781
1.557
3.469
2.919
2.424
3.63
3.783
3.061
2.304
3.444
2.823
2.249
3.762
2.523
2.483
1.693
2.155
2.631
2.997
2.365
1.795
2.371
3.795
3.401
2.76
3.643
2.18
2.61
1.781
2.307
1.772
3.315
3.291
3.739
2.325
3.6
2.151
3.701
1.584
2.546
3.207
2.367
2.596
2.213
3.7
3.069
3.972
2.468
2.789
2.048
2.111
3.409
2.836
2.351
1.723
2.56
2.051
2.543
3.043
3.26
1.898
3.323
1.55
1.693
1.539
3.066
3.512
2.024
3.417
3.11
2.882
2.815
3.032
3.332
2.062
3.523
3.84
1.961
2.11
3.146
3.422
2.061
1.559
3.987
2.498
3.267
3.474
3.193
1.528
3.65
1.617
3.856
2.122
1.816
2.366
1.805
2.304
2.054
2.619
2.309
2.156
3.153
3.041
2.083
2.458
2.164
2.764
1.772
3.625
3.008
2.254
1.837
1.678
3.678
3.515
2.573
2.866
2.659
1.638
2.303
2.474
2.812
3.828
2.025
2.118
2.554
3.7
2.945
3.053
2.026
2.454
2.704
2.867
3.481
3.135
2.212
2.753
3.954
1.602
2.273
2.847
2.688
3.271
1.576
1.563
3.339
3.224
3.408
2.347
3.153
1.877
2.657
1.847
2.16
3.984
2.562
1.99
1.614
3.837
1.73
2.644
1.693
1.967
3.397
2.133
3.933
3.284
1.533
2.169
2.547
3.53
3.054
3.027
1.993
2.383
2.888
1.741
2.901
3.734
2.31
3.912
1.509
1.508
1.531
3.252
2.343
2.559
3.165
3.573
1.566
2.203
3.196
2.835
3.258
2.955
1.741
3.532
3.915
3.384
1.8
3.27
2.747
1.64
2.425
2.41
2.306
2.983
3.712
3.061
2.634
2.21
2.734
3.211
2.59
2.144
3.214
3.19
2.046
2.436
2.83
1.917
2.203
2.381
2.561
3.217
1.783
3.138
3.177
3.792
3.496
4.0
3.101
2.309
3.578
2.57
3.137
2.308
1.513
1.826
3.891
2.264
2.633
2.546
3.486
3.611
3.877
2.305
3.892
1.595
3.449
2.075
3.914
2.689
2.331
1.81
1.69
3.488
2.874
1.662
3.202
2.025
3.994
1.924
3.178
2.049
2.495
2.422
3.184
2.919
1.774
3.378
2.52
1.696
2.23
2.357
1.871
3.722
3.81
2.175
2.225
2.861
2.667
2.332
1.908
3.349
3.976
3.242
2.992
2.301
1.92
2.948
2.746
3.489
3.817
3.218
3.684
1.695
2.826
3.215
2.998
1.788
1.752
1.911
2.991
2.084
3.714
3.509
2.234
2.167
2.534
2.68
2.063
3.011
1.64
2.297
3.821
2.914
3.246
3.232
2.443
3.54
3.819
2.531
3.569
1.83
2.142
3.917
2.559
2.363
1.98
3.19
2.228
3.473
2.015
3.762
1.757
3.196
2.729
2.193
3.353
3.094
1.902
3.872
3.766
2.701
3.824
3.273
3.351
2.968
3.179
2.402
2.789
1.746
3.216
1.997
2.886
2.2
2.809
1.679
3.411
3.015
1.839
3.488
2.484
3.968
3.712
3.563
3.087
2.098
1.771
1.876
1.573
2.289
2.167
2.813
2.42
3.961
3.275
3.422
1.842
2.58
1.943
3.764
1.927
1.628
1.662
1.813
3.299
2.442
3.867
3.945
2.331
1.702
2.258
3.684
1.588
2.685
2.318
2.062
1.958
3.717
2.6
1.645
2.8
3.597
2.582
3.947
3.084
2.269
3.328
2.809
3.622
3.482
2.626
1.888
3.78
1.614
3.825
3.335
3.753
3.406
2.665
3.659
3.869
3.959
1.877
2.542
1.727
2.74
1.607
3.759
2.392
1.584
3.007
2.413
1.757
2.795
2.848
2.564
2.334
1.873
2.663
2.231
2.175
3.416
3.169
1.507
2.118
2.984
3.072
2.448
2.458
2.383
2.326
2.263
3.688
2.725
3.732
2.585
2.176
3.794
3.344
1.653
3.286
2.492
1.639
2.565
1.729
3.819
1.735
2.787
2.724
2.915
2.109
2.838
3.79
3.0
2.906
2.988
1.666
3.195
3.371
2.522
3.899
2.919
1.723
3.647
2.387
3.387
3.585
1.981
2.696
2.377
3.585
3.514
3.07
2.058
3.591
3.112
2.934
2.52
2.743
1.73
3.71
3.916
1.868
1.953
2.001
2.671
2.274
1.823
1.65
1.842
2.344
3.637
3.17
2.21
3.232
3.727
3.563
1.905
3.084
3.184
3.834
3.045
2.539
1.747
3.696
1.671
2.897
2.447
3.228
3.927
3.835
3.111
2.194
3.202
3.177
3.137
2.714
3.142
3.371
3.761
3.847
3.434
3.763
1.569
1.611
2.571
3.012
3.202
3.735
3.195
1.942
3.572
2.888
2.887
3.545
2.014
3.785
2.245
2.434
3.116
3.399
3.719
2.032
3.257
3.417
2.517
3.133
3.336
3.127
2.521
1.583
2.63
3.624
3.761
3.892
1.726
2.353
2.786
3.955
2.063
3.496
2.302
2.168
3.71
2.206
2.59
2.449
3.127
1.574
1.732
1.605
2.981
2.629
2.828
2.092
3.529
1.713
3.715
1.512
1.547
3.921
1.998
3.823
2.179
2.303
2.571
3.894
2.213
2.955
2.902
2.05
3.751
3.892
2.114
1.683
3.474
3.847
3.306
3.305
3.539
3.117
1.588
2.701
3.457
2.1
1.594
2.761
3.193
3.82
3.002
3.488
2.479
1.929
1.601
3.679
2.825
2.175
3.462
3.564
2.139
2.214
3.873
2.222
1.63
2.104
2.294
3.181
2.323
2.256
3.086
1.785
2.818
3.35
1.965
2.546
3.448
2.124
3.233
2.75
3.117
3.48
2.902
3.4
2.605
2.113
2.236
3.05
2.116
3.25
1.554
2.339
2.965
2.972
1.913
3.078
3.275
3.073
2.417
3.643
3.668
2.366
3.061
1.561
3.309
3.584
3.796
2.202
2.548
3.02
3.616
3.714
3.635
3.711
3.591
2.545
3.824
3.123
3.243
2.888
3.114
1.672
3.0
2.0
3.338
2.516
2.409
3.263
2.657
3.18
1.94
2.637
2.086
1.904
3.087
2.22
2.024
1.84
2.216
2.769
3.341
2.861
3.97
2.219
2.627
3.613
2.545
2.035
3.411
1.752
3.315
3.522
2.619
2.035
1.954
3.066
3.035
2.914
2.149
1.54
2.678
2.354
2.602
3.202
2.298
2.181
3.989
1.928
3.323
3.918
2.129
3.15
1.723
1.671
3.871
3.517
2.906
1.912
2.164
2.543
1.697
2.445
1.776
3.257
2.281
2.271
1.689
1.817
3.915
3.797
2.876
2.044
3.039
2.932
3.228
2.022
3.472
3.812
1.606
1.674
3.297
3.671
3.949
2.329
3.709
3.65
1.927
1.951
2.003
3.362
2.828
3.821
2.289
2.456
2.44
1.82
2.804
1.761
2.083
3.262
3.967
2.166
3.672
1.744
3.895
1.56
3.25
3.883
2.958
2.652
2.49
2.787
2.889
1.646
1.973
3.221
3.056
3.593
3.23
3.692
1.604
3.939
2.563
2.248
1.677
2.761
3.609
3.928
2.751
2.023
3.04
3.305
3.49
1.536
2.85
2.108
2.687
3.791
3.959
2.985
2.815
3.169
2.421
2.589
3.156
3.581
1.602
2.848
2.15
2.566
3.658
2.995
3.36
3.147
2.496
3.831
2.953
2.282
2.269
2.892
3.51
1.701
2.566
3.872
1.889
1.911
3.109
2.49
3.166
3.994
1.877
3.128
2.235
2.834
3.703
3.018
3.443
3.985
2.82
2.03
3.303
3.392
2.866
3.502
2.269
3.839
3.971
2.925
2.975
3.427
2.385
1.698
3.334
1.69
2.964
3.427
3.513
3.623
3.713
3.982
1.954
2.929
1.843
1.988
1.931
3.725
2.999
2.045
3.647
3.875
1.804
2.367
2.959
3.918
3.66
1.566
3.789
3.654
3.031
1.601
3.072
3.528
2.132
1.501
3.194
2.096
3.15
3.79
1.781
3.146
3.914
1.791
3.362
3.528
2.114
1.82
3.09
1.859
2.428
2.607
3.485
1.658
3.693
1.541
2.468
3.597
3.537
3.016
1.798
2.95
3.342
1.667
3.101
3.867
3.931
3.728
2.683
3.358
2.602
3.174
3.293
2.116
3.422
3.494
1.575
3.187
3.681
2.227
2.997
2.869
2.254
2.951
1.907
3.44
2.966
3.957
3.28
3.542
2.077
3.894
3.419
1.938
2.891
3.373
3.472
1.695
2.982
2.126
1.858
3.195
3.933
3.015
2.621
3.165
2.459
3.22
2.115
2.11
2.762
2.959
3.83
2.676
2.332
3.919
3.452
3.959
3.35
2.776
2.084
3.394
2.637
2.782
2.51
2.549
3.345
1.57
3.619
3.337
3.673
2.592
1.678
3.716
3.283
3.596
3.446
1.887
2.652
2.346
3.492
2.698
2.762
3.276
1.783
1.793
2.241
1.567
2.396
3.512
2.562
1.77
3.497
2.065
3.003
2.318
3.4
2.281
2.728
2.201
2.81
2.024
3.328
3.726
1.835
2.382
1.963
2.964
2.028
2.957
3.289
3.374
1.676
2.389
3.695
2.535
2.322
1.956
2.185
1.716
3.51
2.605
2.332
2.243
3.925
3.792
3.799
3.157
2.482
2.741
3.941
2.548
2.834
3.162
3.497
2.061
2.097
2.547
3.334
3.269
3.417
3.597
2.992
2.039
2.401
2.997
1.68
3.414
1.851
2.595
3.519
1.523
2.113
2.724
2.678
2.774
3.013
3.156
2.885
3.936
1.792
3.961
3.779
2.187
2.069
3.43
3.167
3.138
1.694
3.5
3.72
2.503
3.527
2.789
2.698
2.025
2.959
3.391
3.04
3.641
1.644
3.164
3.861
2.592
3.204
2.176
2.027
3.572
1.987
2.906
1.588
3.915
3.559
3.9
2.684
2.59
2.612
3.624
2.402
2.499
2.277
2.887
2.533
3.078
3.046
3.475
2.052
1.663
3.023
1.978
1.919
2.725
2.39
1.719
3.698
2.425
1.88
4.0
1.68
2.574
2.037
1.778
3.079
2.74
3.21
1.627
1.704
2.651
2.659
2.772
1.989
1.805
1.801
3.813
3.88
3.117
1.721
2.775
3.518
1.618
1.9
3.817
2.193
3.73
2.76
3.297
1.762
3.522
1.92
3.056
3.647
1.797
2.523
3.323
1.903
3.323
1.817
3.65
3.921
1.592
2.402
3.691
3.729
3.304
2.101
2.824
2.644
3.632
2.246
3.109
3.4
3.537
2.063
1.721
1.57
2.077
1.748
2.685
2.749
3.976
3.043
3.938
1.524
2.293
1.744
2.622
3.427
2.009
1.685
2.105
2.55
2.322
2.678
3.937
3.077
2.58
3.455
1.718
3.104
3.269
3.962
3.376
2.918
2.059
1.96
2.672
2.041
1.838
3.153
3.733
3.261
3.422
3.653
3.837
1.758
3.822
2.495
1.524
2.875
3.511
2.631
2.204
2.528
1.669
3.345
3.307
2.705
1.617
2.749
2.712
1.543
2.62
3.715
1.957
3.313
2.776
3.271
2.278
1.524
3.711
1.761
3.099
3.541
2.351
2.999
2.199
2.598
3.181
3.299
2.441
3.798
3.308
3.707
3.747
2.591
3.651
2.547
3.683
2.359
2.813
1.672
2.559
1.723
3.173
1.762
1.802
2.896
2.093
3.494
1.885
3.268
2.298
3.404
3.299
2.465
2.082
3.248
2.733
3.898
3.844
3.865
2.614
2.648
3.873
3.218
2.26
1.803
3.871
3.622
2.552
2.841
2.254
3.377
2.024
1.734
3.131
3.394
2.359
3.886
2.765
1.633
2.595
3.775
3.588
3.686
1.807
3.78
2.677
1.626
2.612
2.415
3.949
2.609
3.986
3.238
3.76
1.619
2.993
2.324
1.598
2.271
2.574
3.222
1.911
2.766
2.708
3.089
3.746
3.194
2.025
2.352
3.141
3.409
2.093
2.213
2.955
1.836
3.441
2.289
1.511
2.966
1.988
3.343
2.768
1.882
1.848
3.322
3.762
3.258
1.51
3.221
2.986
2.084
2.993
3.344
1.541
3.969
2.829
1.583
2.043
2.543
3.399
3.308
3.062
2.055
2.515
3.149
1.61
3.517
2.908
2.034
1.693
3.694
3.132
2.023
3.478
3.599
2.359
2.266
2.324
1.518
3.096
1.758
2.288
3.553
2.183
3.41
3.568
3.292
3.208
2.637
1.857
2.317
2.086
2.563
3.035
2.892
3.994
3.787
1.649
2.719
2.76
3.453
3.069
3.835
2.888
1.689
3.271
3.848
2.355
3.752
3.556
3.508
2.267
2.627
3.192
2.67
3.678
3.865
2.818
2.534
3.874
3.384
2.94
3.762
1.718
3.668
3.935
2.513
3.839
1.779
2.923
3.904
3.132
1.919
3.447
3.796
2.535
2.794
2.152
2.89
1.649
3.949
3.754
2.166
2.035
1.922
2.582
2.34
3.912
2.244
3.158
3.58
2.696
3.896
2.903
1.818
3.3
1.585
3.709
3.645
1.97
2.388
3.515
1.681
2.495
2.417
1.64
2.37
2.049
3.246
2.594
3.435
2.5
3.206
2.576
1.62
1.701
3.805
2.353
2.793
2.246
3.067
3.149
2.825
3.352
1.827
3.058
3.646
3.426
1.856
3.407
2.837
3.933
1.715
3.668
2.472
1.933
2.942
2.525
2.302
3.196
2.967
2.533
1.873
2.161
3.892
2.675
2.167
2.911
2.327
2.444
2.198
2.214
3.721
3.371
2.242
3.563
1.839
2.816
3.853
3.777
3.791
3.64
3.533
2.454
3.513
2.77
3.878
2.948
3.467
3.078
3.312
2.204
2.775
2.461
1.86
2.259
3.24
2.361
2.993
2.403
2.91
1.849
3.357
3.078
2.444
1.955
2.04
3.576
2.419
3.344
3.819
2.762
3.847
2.848
3.545
3.421
1.699
1.826
1.94
2.777
2.731
3.128
2.187
2.265
3.516
2.083
2.836
2.07
1.992
2.418
2.39
1.996
2.075
3.472
3.673
3.048
2.429
3.636
3.742
3.312
3.89
3.227
3.639
3.644
3.503
1.963
3.156
2.089
2.045
2.976
2.828
2.799
2.57
2.63
2.507
2.541
3.42
2.818
3.024
3.727
1.787
2.849
1.761
2.929
2.022
2.778
3.684
3.351
2.525
2.967
1.677
3.412
2.204
3.394
3.516
2.275
1.884
3.772
3.102
1.9
3.545
2.533
3.162
2.853
3.824
2.609
3.959
2.885
3.34
3.438
1.628
3.394
1.904
2.908
3.505
2.595
2.146
1.866
2.215
3.28
3.024
3.843
2.974
2.738
3.844
3.633
1.811
1.611
1.777
3.439
3.879
2.64
1.898
3.01
3.475
2.062
2.448
1.527
2.493
2.019
3.158
1.604
2.161
3.619
2.36
3.747
3.403
3.11
1.696
2.746
3.543
2.955
2.775
2.459
1.933
1.619
2.575
2.347
2.301
3.823
2.686
3.034
2.609
3.928
2.12
3.065
3.307
1.577
2.969
2.728
3.137
2.801
2.029
3.978
1.602
1.766
1.616
3.739
3.184
1.818
3.762
3.784
2.527
3.074
3.585
2.116
2.241
2.928
1.885
1.748
1.709
1.589
1.624
2.491
2.256
3.201
2.105
3.447
2.435
1.643
2.075
1.714
2.106
2.514
2.823
3.218
2.893
3.843
2.394
1.798
2.978
3.541
2.553
3.159
2.147
1.817
2.756
2.892
2.269
2.157
3.82
2.929
1.777
3.25
1.925
3.455
3.913
2.518
2.556
2.95
2.86
2.06
1.857
3.844
1.695
3.51
3.935
2.383
2.96
2.657
3.481
3.705
2.719
2.708
3.396
1.6
2.228
1.606
1.889
2.418
3.473
2.85
2.935
3.066
2.347
3.838
2.012
2.734
2.798
2.561
3.919
3.803
1.857
1.868
2.991
3.592
2.227
3.567
1.985
3.987
2.814
3.896
3.401
2.669
1.662
3.764
3.983
3.893
2.409
3.632
2.241
3.531
3.495
3.518
2.01
3.084
2.539
1.826
3.093
2.066
2.929
3.204
3.509
2.403
2.786
2.03
2.267
3.957
2.499
2.531
3.096
3.678
2.199
3.371
2.714
3.485
2.79
3.641
1.97
3.644
2.11
3.352
3.735
2.45
1.51
2.561
2.83
1.811
2.202
3.148
1.732
3.151
3.669
2.151
1.863
3.881
2.387
2.422
2.039
3.762
3.789
3.751
3.859
12.369
2.592
2.988
3.219
1.864
2.638
3.22
3.591
3.782
3.867
3.182
2.412
3.901
3.677
2.027
3.782
3.818
2.973
3.016
1.576
3.93
2.997
2.625
3.609
3.162
3.253
3.494
1.811
2.707
3.553
3.256
2.776
1.623
2.721
3.887
3.473
2.936
1.755
2.568
1.888
3.092
2.527
3.925
2.122
1.542
2.263
3.47
1.893
2.318
3.459
1.701
1.788
2.035
2.061
3.68
3.102
3.938
2.487
2.018
3.885
3.025
3.56
1.789
3.936
3.295
2.66
3.575
1.974
2.529
2.42
2.39
1.724
2.889
2.799
3.982
1.643
3.434
3.06
2.07
2.743
3.554
3.154
1.628
2.097
2.871
3.249
3.711
2.383
1.667
3.184
1.802
2.883
2.516
1.526
3.317
3.921
3.62
2.678
3.485
1.627
1.692
2.66
2.024
3.923
2.865
2.553
3.613
1.847
2.072
3.981
1.971
1.872
2.59
3.982
3.257
2.307
2.915
2.808
1.784
1.878
2.001
1.884
2.625
3.441
2.654
3.332
2.379
3.243
2.924
2.29
1.568
3.262
3.123
3.606
2.894
2.271
1.975
2.807
2.61
2.639
2.32
3.479
2.741
1.685
2.359
2.846
3.766
2.573
1.715
1.802
2.471
2.226
3.821
2.78
3.299
3.152
3.296
3.158
2.351
3.176
3.168
2.484
2.137
2.343
1.648
2.246
2.074
3.65
2.521
2.955
3.869
3.2
1.986
2.18
1.917
1.853
3.982
1.824
1.665
3.702
2.55
3.922
3.535
2.766
2.552
2.486
3.16
3.394
2.477
1.845
2.861
1.766
2.9
3.969
1.552
2.971
3.618
1.959
1.533
2.747
1.714
1.925
2.531
3.793
3.157
3.889
1.766
3.566
2.255
2.926
2.866
2.689
3.656
3.11
2.281
2.226
2.929
2.37
1.653
3.793
3.22
2.293
2.677
2.333
2.75
3.306
3.145
3.318
3.294
3.926
2.666
2.662
1.774
2.852
3.19
2.18
1.713
3.884
1.514
1.87
1.857
3.603
3.434
3.733
3.101
2.849
1.612
3.658
2.649
3.836
1.948
3.427
3.999
2.587
3.707
2.446
3.962
1.847
2.185
3.244
1.758
3.852
2.627
1.799
2.402
2.126
3.98
3.552
3.776
3.365
2.45
2.683
2.186
2.438
3.312
3.896
1.718
3.044
3.032
3.886
2.668
3.16
2.084
3.63
3.309
1.9
2.94
2.359
2.081
1.659
3.473
1.515
3.64
3.893
1.679
1.876
3.647
3.722
3.694
2.429
2.457
2.687
2.095
2.629
2.413
2.392
3.805
3.906
2.232
2.149
2.12
1.706
2.116
3.313
1.743
2.367
1.756
3.559
2.68
3.721
3.906
2.39
1.708
3.359
3.292
2.082
3.976
1.575
3.675
3.771
3.36
3.013
2.607
3.291
2.144
3.38
2.854
2.257
1.906
2.667
3.734
1.978
2.272
3.172
3.232
1.534
2.393
3.907
2.278
3.645
3.142
2.784
3.83
3.975
1.666
2.963
1.533
3.091
3.627
2.556
3.158
2.892
1.608
2.662
2.225
1.792
3.58
2.134
3.105
3.379
3.342
1.664
1.829
2.982
2.624
1.761
1.918
2.175
2.166
3.132
3.994
3.778
2.192
3.913
3.777
3.952
1.632
2.009
2.128
3.439
2.463
2.252
1.589
1.585
1.796
3.352
2.1
1.573
2.531
3.806
1.689
2.769
3.967
2.437
2.678
2.336
2.977
2.007
3.518
3.155
2.703
2.176
2.388
2.625
2.553
3.216
3.532
2.507
2.025
1.934
2.677
2.029
3.187
2.023
2.337
2.061
2.248
2.714
2.971
2.441
3.356
1.997
1.886
3.102
1.697
1.9
3.084
1.755
1.789
3.405
2.67
1.759
2.211
3.07
3.253
2.517
3.317
3.071
3.817
1.522
1.729
3.661
1.658
2.673
2.323
2.035
2.295
2.25
3.368
1.898
1.576
2.572
3.224
3.146
1.591
3.191
3.579
3.898
2.173
3.168
3.692
2.305
3.61
3.462
2.823
2.336
1.561
2.919
2.991
2.99
2.016
1.991
3.092
2.868
2.71
2.101
3.56
1.865
1.629
1.874
2.637
1.711
3.992
2.729
3.047
2.593
2.266
3.746
2.732
3.907
1.919
1.708
1.609
3.561
1.573
2.01
2.379
2.378
3.205
2.66
2.745
1.544
3.556
1.641
3.23
2.089
3.77
2.883
3.024
2.692
3.723
2.776
1.695
3.783
3.644
2.946
1.816
3.968
3.236
2.338
2.619
2.934
2.212
1.567
1.523
2.263
3.559
1.728
3.323
2.246
3.415
2.609
1.957
1.931
2.555
3.978
1.738
1.942
2.906
1.923
3.416
3.036
2.593
2.703
3.045
2.482
3.128
2.723
3.707
2.907
2.878
1.943
2.026
3.327
3.259
2.892
3.613
2.502
1.655
2.85
3.819
3.58
2.195
3.011
2.443
3.014
3.202
2.783
2.395
2.984
2.092
2.531
1.823
2.847
1.869
1.527
3.328
3.246
2.492
3.773
1.799
1.947
3.092
2.483
3.486
3.603
3.106
2.11
2.48
1.781
1.755
2.29
2.605
3.814
1.87
3.511
3.273
3.865
3.399
2.053
1.567
3.877
1.504
3.581
2.922
3.296
1.561
3.167
3.757
2.016
3.257
1.668
2.25
3.697
3.963
1.987
3.743
3.197
1.621
2.487
2.641
2.925
2.3
3.647
1.955
2.548
3.803
3.243
2.769
1.657
1.839
1.683
2.844
3.626
2.775
1.991
3.833
3.865
1.65
3.187
3.969
3.143
1.849
3.695
2.098
3.459
2.641
2.726
3.745
2.959
1.791
2.505
1.941
2.432
2.1
3.007
3.189
1.672
2.784
2.486
1.653
3.378
3.529
2.157
3.897
2.734
1.848
3.495
3.98
2.327
2.741
1.73
1.771
3.328
2.542
3.342
1.604
3.676
1.839
3.689
2.935
3.976
3.833
1.656
3.683
3.968
3.179
2.364
2.819
3.003
3.744
2.165
1.882
3.245
3.567
3.407
3.775
2.076
3.102
3.999
3.913
3.635
3.605
2.944
2.297
2.639
2.671
3.709
3.174
3.256
1.567
3.16
2.113
2.613
1.863
3.06
2.002
2.096
3.85
2.097
3.988
3.856
3.966
2.608
3.932
1.841
1.738
1.995
2.494
3.251
2.416
1.798
3.091
3.234
3.689
2.946
2.857
1.736
2.19
3.832
3.782
1.872
3.04
1.978
3.873
1.96
3.776
3.739
3.19
3.29
3.832
1.63
3.567
2.15
1.913
2.784
3.674
2.5
1.769
2.608
3.948
1.918
2.761
2.735
1.511
3.92
3.305
2.816
3.306
2.583
3.948
3.523
2.455
3.169
2.701
2.449
3.521
3.384
3.093
2.556
2.448
3.549
3.136
2.677
1.778
2.476
2.395
3.324
3.252
2.254
3.582
3.77
1.96
2.061
1.621
2.096
1.812
1.842
3.066
1.702
2.01
1.76
2.044
2.905
3.741
3.894
2.475
3.838
2.703
1.764
2.685
3.804
3.818
2.155
3.855
2.279
1.735
3.549
2.245
1.671
1.565
1.578
2.812
2.231
2.053
2.57
1.871
3.644
2.496
2.265
3.74
1.714
2.142
1.83
2.644
3.519
3.291
2.269
2.591
2.17
1.52
2.153
2.15
3.702
2.164
3.792
3.518
2.977
1.649
3.233
1.862
3.427
1.787
2.473
2.595
2.015
3.698
3.048
3.966
1.687
1.859
3.998
1.726
3.483
3.693
2.754
3.674
3.568
3.365
2.109
2.048
1.608
3.996
1.67
2.812
2.712
3.383
3.111
2.225
2.648
1.934
1.507
2.119
2.301
2.99
3.307
2.989
3.55
3.06
2.256
3.298
2.202
1.809
3.899
1.966
2.72
2.917
2.906
1.743
3.784
1.67
3.924
2.847
3.354
3.318
1.513
3.657
1.606
2.407
2.352
1.809
3.537
3.606
3.026
2.158
2.415
2.191
3.323
3.644
1.612
3.511
1.85
2.059
2.263
1.582
3.208
2.559
1.649
3.157
3.16
3.467
1.851
2.278
3.411
3.479
2.579
2.071
3.467
3.7
3.052
2.644
3.145
3.819
3.396
3.297
3.138
3.865
1.733
3.864
3.585
3.17
2.5
3.145
3.18
3.131
2.47
2.4
3.804
3.945
3.556
3.349
2.933
3.729
3.379
1.54
2.526
3.61
3.181
3.928
1.514
3.206
3.427
2.986
1.543
1.545
3.726
2.894
2.097
2.531
2.353
1.523
3.989
1.525
3.462
2.952
3.283
2.911
2.96
2.428
2.37
3.647
1.956
2.274
1.79
1.837
3.574
3.962
1.762
1.988
3.165
1.908
2.19
1.877
2.711
1.788
3.808
2.215
2.652
2.193
2.662
1.816
2.209
2.679
3.754
2.749
2.367
3.642
3.687
3.293
2.399
3.65
2.316
2.012
2.391
3.795
1.833
3.493
2.213
2.348
3.452
2.345
3.755
3.961
2.204
1.969
2.727
1.55
2.715
3.7
2.457
2.213
3.656
2.632
2.94
2.875
2.724
3.792
3.304
3.481
2.993
3.664
3.744
3.828
3.597
2.016
2.962
3.16
3.002
3.871
3.425
3.052
3.083
3.887
2.277
3.148
3.092
3.492
3.247
2.827
3.47
2.183
2.976
2.071
2.563
2.405
3.476
2.909
2.658
3.638
2.891
3.863
1.877
3.648
3.485
2.181
3.506
3.965
1.842
2.61
2.629
3.463
2.958
3.509
2.45
2.037
3.996
3.668
3.218
2.636
2.673
3.458
1.656
2.672
3.441
3.604
3.498
3.024
3.02
1.782
1.58
1.53
1.905
3.04
2.226
2.224
2.988
3.186
1.878
1.85
3.964
1.642
2.021
2.942
1.586
2.989
2.582
1.843
3.923
3.159
1.874
3.72
3.298
1.667
2.972
2.271
1.608
1.703
2.649
2.801
3.951
2.534
3.528
2.224
2.207
2.989
2.18
2.008
2.274
1.617
2.263
2.707
1.994
2.171
1.919
2.569
3.408
3.874
3.925
1.827
2.668
2.408
2.862
2.743
3.208
2.362
1.931
2.581
2.927
1.573
3.863
3.074
1.658
1.934
2.84
1.554
3.314
3.187
3.856
3.595
2.923
1.687
3.974
3.283
3.244
2.539
2.342
2.716
3.518
2.147
3.527
3.744
3.765
1.721
1.541
2.149
3.312
3.287
3.462
3.695
2.941
1.956
3.643
2.389
3.77
2.148
2.544
2.801
2.031
3.977
3.003
3.817
1.8
2.097
1.954
2.889
3.54
2.935
2.656
3.973
2.538
2.318
3.335
1.847
2.221
3.436
2.722
3.572
1.686
3.873
1.583
2.956
2.72
2.223
3.436
2.712
2.229
3.992
3.537
2.576
3.286
1.601
2.179
1.618
3.615
2.533
2.34
3.792
3.168
3.474
3.099
3.027
2.214
2.554
3.727
3.559
2.714
3.919
2.175
3.088
3.592
3.251
1.654
1.94
2.716
3.965
1.61
3.372
3.026
1.682
3.384
3.86
3.018
2.462
1.912
2.627
2.214
2.273
2.056
1.573
2.622
3.545
2.666
3.281
3.954
3.624
1.888
2.585
3.942
3.391
2.949
2.12
3.074
2.592
3.819
3.239
3.129
2.829
3.176
2.212
2.293
1.975
2.74
2.287
3.411
3.323
2.59
2.386
3.814
3.719
2.552
2.682
2.793
2.351
2.92
3.471
2.51
2.377
3.669
1.669
1.716
2.009
1.984
1.979
2.082
2.806
3.843
2.37
3.66
2.561
2.651
1.731
2.089
2.552
3.273
3.098
2.534
3.473
Error de lectura!!!
2.989
3.313
1.955
1.528
3.051
2.687
3.307
1.808
2.335
3.396
2.467
1.557
3.325
3.595
2.583
2.525
1.786
2.184
1.77
3.465
2.779
3.787
2.927
3.905
3.784
1.595
2.432
3.927
3.406
2.455
2.03
3.8
2.573
1.551
3.214
1.977
1.829
3.634
2.487
1.699
3.424
3.377
3.792
2.178
1.501
2.522
3.453
2.521
2.853
2.869
3.591
3.295
2.104
1.514
1.646
2.301
3.661
1.851
1.615
1.638
3.624
2.889
3.649
2.843
3.993
2.098
3.669
2.682
3.212
2.142
3.704
3.535
3.582
2.972
2.927
2.752
2.443
3.704
1.533
2.618
3.693
2.144
2.678
2.455
1.726
3.667
3.241
2.907
3.428
1.699
3.707
2.821
2.284
2.154
2.942
1.956
1.812
2.336
1.575
2.577
1.819
2.03
2.182
3.134
2.01
2.519
3.42
3.702
2.283
3.449
3.853
2.419
2.318
3.497
2.368
2.006
3.588
2.389
3.137
1.756
3.705
2.99
3.973
2.157
3.318
2.673
3.075
1.828
1.634
2.8
1.589
1.503
3.441
3.675
3.697
2.185
3.239
2.73
2.082
3.416
1.572
2.265
2.576
1.717
3.496
3.025
1.632
2.897
2.165
2.073
3.165
1.586
3.246
3.836
3.681
1.905
2.563
2.602
3.41
3.313
2.423
2.896
2.534
1.889
2.563
3.967
2.436
3.448
2.991
3.371
1.982
1.682
3.958
3.918
3.511
3.935
3.343
2.42
3.643
1.731
3.123
2.585
3.418
1.519
3.252
3.931
1.762
1.787
3.985
2.735
3.064
1.523
2.414
3.527
2.266
2.467
2.684
3.111
3.101
1.731
2.842
2.045
3.119
Error de lectura!!!
3.127
3.306
3.329
2.436
2.583
1.998
1.922
2.473
3.999
2.658
1.665
3.124
2.53
3.638
3.713
1.96
3.077
3.387
2.149
2.656
3.807
2.947
1.763
2.044
3.035
3.803
1.998
3.863
3.639
3.593
2.718
1.742
2.667
2.096
3.031
3.078
3.973
3.642
2.812
1.751
1.977
3.61
3.008
2.725
3.388
3.099
2.627
1.511
3.597
2.381
3.697
2.366
1.599
1.67
2.817
1.926
3.293
2.395
2.735
3.537
3.18
3.935
3.234
2.087
1.98
1.972
1.665
2.569
3.226
3.262
3.975
2.608
2.863
2.141
3.13
1.726
2.449
2.098
3.092
2.3
3.024
2.084
2.86
3.787
2.635
2.407
3.955
3.584
3.189
2.567
3.855
2.958
3.375
2.312
2.255
2.872
2.229
1.869
2.8
2.282
3.546
2.154
3.619
3.059
1.519
2.831
2.894
3.021
2.071
1.747
1.899
3.577
2.02
3.469
2.732
3.831
3.602
3.783
3.454
2.85
2.113
3.265
3.038
2.513
2.041
3.944
3.417
2.229
3.156
3.154
3.669
2.148
2.706
2.445
3.485
3.458
3.305
3.532
1.52
3.88
3.795
2.008
1.602
1.962
2.308
3.902
1.958
1.728
1.923
3.702
3.374
3.265
2.459
3.881
2.335
2.652
3.85
2.448
1.531
2.64
2.412
2.4
2.299
1.568
2.018
3.445
3.626
3.662
3.76
1.773
2.928
2.393
3.546
3.416
1.668
2.633
3.729
2.015
3.49
2.38
2.288
2.823
3.278
2.518
2.891
2.761
3.326
2.236
2.124
3.63
3.452
2.123
