1.83
1.904
1.57
3.499
2.16
3.202
3.899
1.75
2.129
1.542
1.754
2.294
2.55
1.802
1.509
1.618
3.06
1.525
3.809
1.723
2.43
2.265
3.958
3.533
2.877
3.172
3.386
2.888
2.368
2.251
2.954
3.183
2.035
3.599
2.561
3.53
1.775
2.742
3.475
3.797
2.437
2.846
3.772
2.792
3.148
3.802
2.681
1.936
1.923
3.99
2.958
1.608
1.995
3.184
3.739
2.136
3.441
2.805
3.196
2.124
3.102
3.23
2.376
2.991
2.981
1.889
1.762
3.963
2.525
1.826
1.76
2.686
2.145
3.236
3.617
3.707
2.311
2.774
3.841
1.602
3.052
3.159
3.325
3.064
2.309
2.739
1.593
3.609
3.756
2.538
2.729
3.077
1.601
2.056
3.706
3.449
3.37
2.163
1.819
Error de lectura!!!
2.946
3.076
3.06
3.246
2.729
3.83
1.977
2.936
2.923
3.761
3.445
3.321
2.133
3.869
1.625
3.712
2.015
2.726
2.877
1.643
3.495
2.632
2.94
2.918
3.72
3.647
2.734
3.087
3.404
1.918
2.351
2.263
3.137
1.644
3.971
3.959
2.505
2.345
3.45
2.724
2.632
3.471
3.532
2.072
2.099
2.375
2.374
1.869
2.565
2.21
3.089
1.64
3.265
2.926
1.638
2.259
2.626
1.518
2.207
2.864
2.121
2.993
3.722
1.709
3.15
2.255
3.572
2.196
3.44
1.656
1.929
1.679
3.923
2.804
3.152
2.043
3.994
2.485
1.561
3.322
2.609
3.704
2.303
3.009
3.322
3.781
2.535
3.283
3.43
3.669
3.861
3.665
3.33
2.29
2.401
2.95
3.076
3.001
2.156
2.055
2.118
2.381
2.236
2.107
1.694
2.16
3.124
1.847
2.358
3.723
2.834
3.839
3.268
2.714
2.561
1.808
3.617
2.234
2.542
1.697
2.816
1.648
2.53
3.229
2.418
3.888
3.051
2.408
2.447
3.882
3.666
2.74
3.115
2.365
3.939
2.348
1.673
1.889
2.106
3.699
1.871
3.953
2.667
1.547
1.866
2.632
2.041
2.085
2.758
2.673
2.049
1.662
3.473
3.751
3.969
1.964
3.298
2.528
3.18
3.399
2.348
1.638
2.689
2.325
1.908
1.652
2.963
3.762
2.051
1.828
2.512
2.027
1.675
3.563
3.872
3.238
2.299
2.057
3.437
1.546
3.797
2.204
3.438
3.36
3.68
3.51
3.581
1.728
2.871
2.636
3.277
2.203
3.609
1.647
2.101
3.511
2.577
2.917
3.602
3.888
3.935
3.076
3.558
3.818
2.064
3.834
3.991
3.599
2.535
2.236
1.503
3.197
3.135
1.737
1.607
3.994
3.179
1.585
3.715
2.824
3.953
3.592
3.695
3.551
2.793
3.987
1.8
2.123
2.247
3.272
3.803
1.969
3.214
2.235
3.592
1.905
3.376
2.012
2.669
3.572
1.954
3.709
3.376
3.496
2.894
3.802
3.251
1.92
2.36
3.655
1.978
2.126
2.369
3.385
3.203
2.289
1.692
1.997
1.541
2.446
3.217
3.94
3.65
2.888
2.346
3.092
2.969
1.971
3.999
2.795
3.153
1.645
2.934
3.7
2.773
3.773
2.625
2.616
1.754
2.833
2.983
3.452
3.004
1.516
3.806
1.741
2.736
3.611
2.335
2.973
2.578
3.185
1.656
1.512
1.719
3.988
2.615
3.609
3.452
2.672
3.154
2.917
2.864
3.123
1.811
3.105
2.327
2.332
3.554
2.094
3.14
1.541
3.658
3.027
3.506
1.537
1.755
1.649
2.767
1.903
3.497
3.25
1.764
2.251
2.996
1.83
1.532
3.821
2.323
1.696
2.671
2.378
3.684
1.843
1.883
2.108
3.201
3.324
3.952
3.317
2.003
2.081
2.195
1.656
2.542
2.591
2.785
3.499
3.082
2.391
2.001
2.917
3.369
1.874
3.392
3.296
2.031
1.591
1.967
1.557
3.536
1.519
2.123
3.934
1.724
3.029
1.589
2.503
1.911
3.939
2.221
3.202
3.585
2.486
2.506
1.793
3.327
3.785
2.908
3.301
1.923
1.851
3.863
2.774
3.918
3.182
3.79
3.078
1.908
2.742
3.871
2.079
2.91
3.541
3.604
2.08
3.92
3.683
3.44
1.747
1.806
3.011
1.902
2.724
2.139
2.974
3.41
2.173
2.538
2.132
3.434
3.206
3.304
3.5
3.579
1.905
2.701
3.614
2.628
3.262
2.63
3.177
1.647
1.701
2.358
3.216
1.546
2.557
3.907
2.614
3.604
3.57
1.83
2.502
2.137
1.518
3.971
2.535
2.499
2.441
3.119
3.575
2.547
3.289
1.861
1.947
3.334
3.144
3.958
2.996
2.021
2.006
1.702
2.619
2.761
3.385
2.954
2.144
3.726
3.072
3.231
2.108
3.406
3.149
3.263
2.173
2.299
1.918
3.878
1.738
2.183
2.457
1.8
3.041
3.955
3.079
1.8
2.749
2.886
1.599
3.637
2.836
3.416
2.129
3.625
3.833
1.522
1.799
3.269
1.755
2.475
1.974
1.682
1.579
3.224
3.532
3.12
3.62
2.257
3.349
1.84
3.453
2.8
2.578
3.136
3.013
3.023
1.616
2.723
2.822
1.559
3.332
3.584
3.012
1.919
2.77
2.68
2.659
2.542
3.937
2.755
3.067
1.723
3.469
3.1
3.639
2.659
3.145
2.837
3.678
2.251
2.767
1.645
2.641
3.306
2.414
3.586
1.949
3.76
3.17
3.886
2.951
2.158
1.854
3.199
1.807
3.354
2.156
2.564
2.752
3.694
3.077
1.778
2.695
3.878
2.108
2.064
2.958
3.153
2.122
2.932
3.035
2.826
2.208
3.899
3.63
3.421
3.882
3.176
3.245
3.589
3.269
3.977
3.25
3.857
3.833
1.91
2.423
3.051
1.704
3.211
3.996
2.408
2.743
3.201
1.635
2.062
2.917
1.56
3.238
3.802
2.171
1.782
3.919
2.815
2.839
3.271
3.727
3.163
2.052
1.74
2.258
2.415
1.844
2.31
2.68
2.479
2.872
3.827
2.472
3.237
3.626
3.201
2.774
3.658
2.811
2.817
2.756
3.264
2.739
2.899
3.489
2.215
2.162
3.152
2.578
2.166
3.586
2.517
3.6
2.865
1.937
2.37
3.978
2.176
2.691
2.89
3.369
3.007
2.247
2.906
3.876
3.868
3.33
3.542
2.698
2.429
2.862
3.64
2.304
1.929
1.531
2.047
3.183
3.164
2.637
3.785
3.013
3.364
1.841
3.958
2.138
2.998
2.57
3.927
3.194
1.547
1.641
2.863
1.684
2.175
2.218
2.896
2.551
3.877
3.358
2.064
1.82
3.109
3.398
3.47
3.604
3.912
3.547
2.956
3.531
3.024
2.427
1.776
3.757
3.488
3.564
3.545
3.685
2.851
2.604
2.184
3.207
3.116
2.694
3.908
3.507
1.687
3.757
2.671
1.907
2.184
1.674
1.836
2.224
1.746
2.932
2.546
3.072
3.356
1.855
2.231
2.917
3.111
2.626
3.116
3.103
3.339
2.749
1.944
2.111
3.082
2.071
2.202
3.841
3.899
2.675
2.853
1.534
3.344
2.367
1.597
3.237
1.588
3.667
1.965
2.679
3.856
2.214
3.088
3.424
2.124
2.357
3.037
2.089
1.617
2.41
2.545
2.51
1.925
3.093
1.954
2.296
3.89
1.512
2.93
1.564
3.705
2.723
1.937
2.565
3.414
3.939
2.441
3.533
2.332
3.604
2.593
3.115
3.499
1.905
2.114
2.377
1.817
2.813
1.954
1.778
3.387
2.131
2.11
2.24
2.328
1.86
1.649
2.985
3.216
3.986
3.906
3.907
2.683
3.623
2.52
1.534
2.316
3.006
1.771
2.127
3.786
3.27
2.047
2.351
3.584
3.744
3.752
1.517
2.156
2.024
2.777
1.719
1.866
3.84
3.601
2.671
1.861
3.915
2.337
2.457
3.967
2.579
1.748
2.505
3.723
3.15
3.455
2.847
2.646
2.705
2.407
1.943
3.195
3.218
3.356
1.826
3.573
3.455
3.722
2.702
2.193
2.165
3.788
3.88
3.866
3.818
2.477
3.236
1.941
3.9
2.892
2.187
1.715
3.373
3.258
3.158
2.948
2.939
2.299
3.775
1.793
2.789
1.713
2.412
3.594
1.831
3.629
2.479
2.322
2.911
3.29
2.383
3.76
2.61
2.888
2.513
1.82
3.756
3.371
1.912
2.448
3.93
2.238
3.672
3.788
1.65
3.112
1.871
1.928
3.195
2.866
4.0
3.992
3.777
2.7
3.674
2.664
1.673
3.048
2.497
2.119
3.995
3.614
3.867
1.845
3.426
1.759
1.974
4.0
3.308
2.468
3.848
2.782
3.03
2.38
2.855
3.365
1.829
3.403
1.601
2.873
2.968
2.87
3.154
3.19
3.067
1.668
2.622
2.893
1.917
2.996
1.619
1.807
3.294
2.62
2.453
1.835
1.592
1.76
1.53
3.641
2.627
3.132
2.247
2.404
3.481
3.606
1.504
3.745
2.84
2.693
2.483
1.678
2.758
3.25
3.773
2.478
2.18
2.257
1.967
3.069
1.627
2.408
2.506
1.763
2.908
3.555
2.32
1.846
2.554
2.096
2.868
2.991
3.63
3.528
2.655
2.457
2.636
3.882
3.011
3.978
2.941
2.584
2.794
2.181
2.204
1.853
2.376
2.324
2.49
2.095
2.854
2.491
2.808
1.987
2.62
2.898
3.018
1.607
1.744
1.89
3.459
3.282
3.219
2.065
3.679
3.12
2.282
2.846
1.743
3.936
2.47
1.629
3.468
2.362
2.246
2.445
3.206
1.965
3.273
2.095
1.6
3.272
1.827
3.813
2.554
1.997
3.363
3.575
1.932
2.689
1.52
3.213
3.377
2.831
1.854
2.688
3.053
2.623
3.844
1.573
1.828
1.81
3.674
2.902
3.834
1.636
3.863
3.773
3.397
2.284
2.684
2.159
1.527
2.813
2.439
2.653
2.348
3.124
2.329
3.132
1.789
3.034
1.9
3.395
2.313
3.75
2.097
2.305
2.607
2.887
3.395
3.119
3.512
1.825
2.171
2.666
3.059
3.696
3.279
1.646
1.668
2.24
3.084
3.256
2.841
2.015
3.825
3.608
1.646
3.448
1.992
2.023
2.384
2.54
3.4
3.661
3.775
2.095
2.255
3.127
1.868
3.752
3.995
1.952
3.246
2.517
3.629
3.08
3.388
2.125
2.853
2.522
1.76
1.83
1.505
2.524
3.981
3.04
1.784
3.936
2.818
3.559
3.085
2.646
1.941
1.795
3.471
1.869
2.128
2.19
3.059
3.202
2.475
3.308
1.729
3.264
1.84
2.688
2.833
3.921
1.994
3.228
3.603
1.74
1.681
3.216
3.406
1.699
2.342
2.47
3.425
3.474
1.666
3.233
2.602
3.723
3.76
3.457
3.06
1.999
1.59
2.743
2.479
3.253
3.795
1.524
3.13
3.884
2.011
1.872
2.293
2.105
2.996
1.535
1.596
1.69
2.587
2.906
1.982
2.331
2.248
3.388
1.524
3.191
2.901
2.678
2.624
1.669
2.783
2.389
3.667
2.453
3.596
2.85
3.399
2.887
2.862
2.26
3.16
3.767
3.403
3.706
2.132
1.959
3.054
2.934
2.987
1.764
2.512
3.251
3.576
1.566
1.657
1.791
1.711
1.76
2.873
2.726
2.672
3.145
1.694
2.959
1.541
2.367
3.448
3.583
2.078
3.545
2.016
3.72
1.614
3.237
3.707
2.509
3.644
1.601
2.373
1.992
2.87
2.884
2.506
3.602
3.386
3.063
2.542
1.576
2.835
3.901
2.312
3.155
2.5
3.938
2.935
2.6
3.851
1.517
2.067
3.761
1.961
3.86
3.479
2.252
3.294
2.174
3.267
3.9
3.777
2.831
2.649
3.891
3.434
3.854
3.834
2.01
1.669
2.231
2.446
2.508
3.436
2.238
3.233
1.825
3.463
3.875
2.839
3.705
2.341
2.971
3.219
2.786
1.695
3.2
2.647
3.568
3.637
2.88
2.112
3.881
2.986
2.765
2.308
2.261
2.688
3.226
3.138
2.634
3.126
2.056
1.56
3.558
2.287
3.171
3.722
3.373
1.826
1.832
2.083
3.936
2.12
2.049
3.475
2.953
3.164
3.013
1.572
3.59
2.411
3.219
2.147
3.589
2.97
3.527
2.244
3.387
1.892
3.783
2.542
1.777
3.599
1.816
2.973
1.511
1.866
3.547
2.464
2.575
1.64
3.196
2.621
2.982
1.733
2.577
3.575
2.093
2.933
3.103
3.208
1.833
3.476
3.89
1.552
2.869
3.137
1.783
2.913
1.687
1.639
1.698
3.964
1.573
3.165
1.798
3.823
3.2
1.764
3.403
3.646
2.831
3.092
2.413
3.282
2.399
2.052
3.032
3.329
3.311
3.364
1.767
3.354
2.618
1.776
2.325
1.786
2.743
2.414
2.669
3.653
1.791
2.911
2.67
2.147
1.732
1.753
1.535
3.716
3.547
2.366
2.582
2.809
3.808
1.615
3.219
3.751
2.372
3.075
3.87
3.807
2.879
3.403
1.625
3.856
2.917
2.683
3.982
3.87
3.779
3.02
3.43
3.124
1.909
1.603
1.658
2.541
1.549
2.955
2.268
2.661
2.085
2.702
3.816
3.17
1.539
3.166
2.724
3.63
3.415
3.808
2.745
3.223
1.878
3.363
3.793
3.766
3.189
3.353
2.368
2.042
2.571
2.073
3.266
2.982
2.9
1.806
1.595
3.074
3.732
2.471
2.455
3.083
3.624
3.512
2.44
1.735
2.634
3.72
1.78
3.69
2.518
2.824
3.423
2.123
2.081
2.911
3.99
2.935
3.053
3.789
2.274
2.329
1.822
2.371
2.394
1.959
2.923
2.484
3.779
1.757
2.266
1.994
1.949
2.498
2.645
3.373
2.433
3.499
3.706
2.435
2.676
3.524
2.47
1.767
3.002
2.935
2.253
2.098
2.767
2.088
3.906
3.333
1.975
1.818
2.881
2.911
3.806
2.564
2.791
3.209
1.582
2.789
1.576
1.539
2.923
2.06
1.919
2.763
2.445
2.194
3.317
3.393
1.647
2.369
3.48
2.147
2.09
3.87
2.858
3.992
2.32
3.174
3.15
2.819
2.196
1.626
2.036
2.675
2.291
3.283
2.821
2.715
1.972
3.624
3.116
2.971
1.532
3.295
3.06
3.185
2.925
2.597
1.696
2.642
2.843
3.46
3.891
1.632
3.713
3.375
2.319
3.495
2.398
3.064
2.33
1.887
1.502
3.535
1.775
1.966
2.357
2.172
3.801
3.96
2.603
3.497
2.076
1.589
2.622
3.603
3.953
2.662
3.933
3.967
2.412
2.913
3.372
2.783
3.081
2.381
3.347
3.815
3.246
3.838
3.613
3.831
2.196
1.933
3.492
1.623
1.646
1.715
1.873
3.69
2.526
3.605
2.951
1.837
3.173
1.716
3.377
1.597
2.299
1.58
2.504
3.134
3.563
3.211
3.679
1.742
3.553
3.136
2.369
3.925
2.94
3.563
1.69
2.946
2.787
3.099
3.976
3.945
3.219
3.992
1.848
1.836
1.623
2.648
3.382
3.164
2.348
2.192
1.739
3.704
3.601
2.029
1.751
1.791
2.531
3.23
1.986
2.388
2.389
1.917
2.853
2.195
3.23
2.579
2.668
2.688
3.543
3.341
3.232
3.61
3.07
1.919
2.707
3.149
1.903
1.915
3.825
1.678
2.385
2.474
3.569
3.056
3.564
2.071
3.375
3.178
3.053
3.184
2.542
1.738
3.898
2.13
2.027
2.702
3.711
3.318
3.249
1.708
3.455
1.638
1.839
2.441
2.295
2.919
3.571
1.577
1.998
3.481
3.031
2.938
1.564
2.245
2.538
1.702
2.917
2.399
2.545
2.2
3.262
3.1
2.311
3.97
2.394
1.726
3.815
3.79
2.212
2.416
2.162
2.501
3.478
3.127
2.864
2.974
3.826
2.891
2.9
1.512
1.577
1.774
1.837
2.552
1.912
2.096
3.815
3.751
2.294
3.153
3.895
1.986
2.331
1.658
2.215
3.887
3.978
3.711
1.757
3.948
3.162
2.31
2.428
3.424
2.678
1.667
1.908
2.745
2.071
3.26
3.318
3.783
2.829
2.489
2.976
1.65
2.514
2.803
3.152
3.848
3.953
1.698
1.757
1.805
3.008
1.728
2.586
2.257
1.991
2.803
2.816
2.448
2.065
3.245
2.832
2.233
3.708
1.974
2.318
2.396
3.821
3.3
1.796
1.519
1.869
3.668
2.273
2.651
3.629
1.624
3.307
3.115
3.846
2.481
2.449
2.088
3.463
3.301
2.28
3.088
2.409
2.229
3.734
3.343
1.871
3.908
2.695
1.543
3.658
2.371
2.665
2.726
2.65
2.282
1.861
2.772
3.245
2.939
2.081
1.839
2.414
3.881
2.484
1.863
3.231
1.556
2.056
3.522
2.265
2.544
2.039
2.939
3.35
3.969
1.654
1.572
3.952
3.019
2.468
3.216
3.589
1.673
3.829
1.721
3.368
1.532
1.84
2.822
2.084
2.109
2.097
1.812
3.815
2.921
2.422
3.728
1.587
2.377
3.51
3.671
3.453
3.175
1.88
2.874
2.207
3.38
1.808
3.539
2.653
2.279
2.894
3.195
3.06
3.579
2.21
3.462
2.957
2.355
3.928
2.708
3.411
2.051
2.429
3.752
3.143
2.174
1.667
1.58
1.65
3.409
3.538
3.115
3.686
3.591
3.129
2.118
3.818
1.747
3.535
1.622
3.222
3.185
1.749
1.606
2.586
1.747
2.027
3.365
3.782
2.856
2.824
2.841
2.994
2.893
2.851
2.533
1.952
3.418
2.609
1.963
2.404
1.92
3.311
2.466
3.41
3.465
2.154
1.609
3.168
3.518
2.121
3.378
2.75
2.766
3.921
3.535
3.976
3.171
3.201
3.562
1.686
3.622
3.137
2.242
3.292
1.723
2.149
3.809
1.546
1.858
2.393
1.809
1.968
2.257
2.971
2.162
3.517
2.283
2.167
3.369
2.978
2.874
2.293
3.18
3.155
2.181
2.79
3.05
3.392
2.994
1.774
2.799
2.015
1.999
2.956
2.449
2.387
2.458
2.626
3.558
3.854
3.236
3.565
1.981
3.934
1.885
2.578
3.028
2.022
2.713
3.768
1.541
1.67
1.536
3.522
2.445
2.431
2.764
2.21
2.521
2.235
3.3
3.836
3.872
1.636
3.695
3.0
2.387
2.273
2.925
1.824
2.371
2.705
2.108
3.012
2.016
1.876
2.287
2.842
3.871
2.026
3.598
3.397
2.199
2.109
2.131
3.853
3.962
2.963
1.923
3.476
2.561
2.138
2.115
3.674
3.14
2.85
3.797
3.99
3.561
2.522
3.416
3.393
1.606
1.84
2.549
1.689
3.344
2.278
3.599
3.966
2.868
2.68
3.727
3.93
2.459
3.697
2.999
2.032
1.697
3.866
2.961
3.475
2.541
1.511
3.297
3.734
2.398
2.903
2.202
2.489
3.885
2.96
3.447
2.074
3.938
2.696
2.694
3.487
2.415
3.66
2.118
2.668
2.981
3.75
1.529
2.955
3.559
3.669
1.553
3.841
1.869
2.571
2.664
2.361
3.162
2.157
1.635
2.549
2.724
3.436
2.581
3.458
3.082
2.937
3.39
3.608
3.025
2.511
3.168
3.222
3.859
3.406
3.372
3.691
3.482
1.529
3.416
2.58
1.762
2.1
2.938
2.84
2.047
1.536
3.967
3.627
3.641
1.563
1.633
3.012
1.872
3.694
2.098
2.978
1.852
3.667
3.964
2.874
2.242
3.283
2.138
1.876
2.082
3.238
3.025
3.577
3.769
2.268
3.641
3.283
2.222
3.014
3.284
2.792
2.691
2.495
3.041
3.555
3.754
2.839
2.258
2.69
2.711
3.417
3.122
3.959
2.317
2.245
1.63
1.51
1.585
2.027
1.92
1.923
2.208
2.568
3.271
2.102
3.186
2.52
1.712
2.718
2.389
2.826
3.702
3.138
3.6
2.001
2.637
2.588
2.719
3.86
3.825
3.696
2.16
3.036
3.566
3.729
3.192
2.106
3.005
3.494
3.274
2.21
3.838
3.624
2.752
2.011
3.563
3.452
2.716
3.006
1.506
2.838
3.324
3.67
2.939
2.374
3.582
3.761
1.715
2.08
3.496
3.319
2.317
1.865
3.927
2.831
3.728
3.861
2.184
2.302
3.072
2.965
2.949
3.94
2.483
1.661
3.431
3.438
1.734
1.608
2.701
1.973
1.743
1.686
2.534
1.71
3.464
2.165
2.319
2.798
3.798
2.641
2.488
3.626
2.644
2.607
2.401
2.429
2.989
3.083
3.845
3.524
2.91
1.964
2.113
3.75
2.595
3.897
1.796
3.803
3.953
2.2
2.746
3.477
3.76
2.854
1.69
3.857
2.427
2.833
2.067
2.286
2.171
1.716
2.393
3.111
2.775
1.566
2.606
2.949
2.21
2.706
2.164
3.908
2.482
1.628
2.315
3.944
3.459
1.982
3.704
2.293
1.715
2.061
2.452
2.869
2.637
3.92
2.706
1.911
1.873
2.258
3.716
2.214
1.59
1.804
2.743
2.852
2.436
2.139
2.742
2.827
2.567
2.613
2.966
3.484
2.437
3.899
2.963
2.445
2.694
2.463
2.974
3.822
1.977
3.6
1.91
1.608
2.68
2.268
1.683
3.988
3.588
2.48
3.436
1.828
1.714
3.915
3.762
3.623
2.689
2.438
2.876
2.97
2.624
1.726
2.376
3.491
3.364
3.104
3.825
2.752
2.359
3.404
1.501
1.922
1.881
3.946
2.262
2.103
2.962
1.901
3.217
3.452
2.957
1.846
1.938
2.345
3.023
3.458
3.97
2.199
3.964
2.245
2.47
3.648
3.938
3.28
2.631
3.337
3.892
2.614
1.841
2.98
3.109
1.643
3.723
3.348
1.927
1.746
2.836
1.523
2.85
2.463
3.286
3.839
1.935
2.095
2.516
2.722
3.623
2.913
3.621
1.962
2.105
2.497
3.4
1.792
2.681
3.135
3.932
1.842
3.48
1.774
2.986
3.518
1.636
3.026
1.821
3.18
2.54
3.954
3.721
2.512
3.172
3.057
3.951
3.59
3.68
3.794
2.435
3.926
3.984
3.07
1.84
3.972
2.053
3.316
3.736
2.688
2.748
3.29
1.668
1.597
2.542
3.606
3.699
3.776
2.739
1.667
3.617
1.571
1.856
3.144
2.701
1.627
2.326
3.69
2.487
2.978
2.3
2.134
3.364
1.565
2.393
2.384
3.095
3.484
2.648
3.358
3.832
1.934
3.63
3.011
4.0
2.538
1.512
2.101
2.651
1.94
3.861
2.294
2.544
1.649
1.871
2.187
3.248
1.619
2.765
3.393
2.803
2.414
3.869
1.954
2.658
3.662
1.989
2.712
3.693
2.811
1.984
2.306
3.024
2.173
3.847
2.086
1.598
1.981
3.02
2.112
2.016
3.936
2.716
2.466
3.06
3.99
2.238
1.716
2.773
1.949
3.927
3.662
1.567
2.872
3.214
2.869
3.655
2.771
3.122
1.626
3.781
2.761
3.143
3.241
3.506
2.653
3.763
1.696
2.904
2.836
2.162
3.891
2.593
3.658
2.11
3.606
3.9
2.705
1.902
1.982
2.816
1.62
1.571
2.66
3.216
2.445
2.275
2.422
2.53
2.91
2.795
3.214
2.274
3.813
1.981
3.046
1.713
2.005
3.651
2.855
1.967
3.802
1.845
1.752
3.502
3.121
3.193
2.639
3.851
1.643
2.155
2.962
3.735
3.61
3.159
2.399
3.374
2.393
2.158
2.634
3.043
3.532
1.701
2.112
3.139
3.316
2.008
1.582
2.978
1.613
2.696
3.35
3.14
3.032
1.763
2.57
3.064
3.983
3.79
3.642
2.129
1.82
2.796
2.351
2.439
1.547
3.881
2.725
2.793
3.995
3.176
2.2
3.572
3.849
1.684
3.378
2.322
1.932
3.032
2.737
3.297
2.916
3.889
2.183
3.087
3.716
2.331
1.725
3.155
1.961
1.814
1.952
2.67
3.357
1.52
1.905
2.237
2.185
3.13
3.666
3.093
2.603
2.003
2.757
3.55
2.987
2.685
3.543
2.054
3.679
1.858
1.952
3.883
1.505
3.24
3.96
2.826
1.572
2.598
3.264
1.95
3.49
1.884
2.088
2.169
1.74
1.542
2.928
1.66
3.128
1.789
3.633
2.326
3.327
3.872
2.87
3.597
3.92
3.229
1.819
3.645
1.854
3.885
1.655
1.6
1.735
3.054
2.831
2.308
1.502
2.557
3.828
3.417
3.736
1.596
2.666
2.485
2.185
3.924
3.844
2.709
2.25
3.612
3.813
1.863
3.559
2.988
1.648
2.859
2.265
1.746
2.67
2.612
3.535
2.133
3.686
2.33
1.837
2.949
3.207
2.964
1.887
3.13
2.243
1.554
2.589
3.963
2.18
3.053
3.521
1.808
2.638
1.677
1.665
3.479
1.794
2.293
2.962
3.317
3.013
3.973
3.229
2.101
2.09
3.217
3.028
3.658
2.622
1.592
2.962
3.115
3.847
2.104
3.417
2.582
3.478
1.916
3.898
1.944
2.617
1.85
2.503
3.123
1.777
2.133
2.172
2.586
3.96
2.287
1.599
1.933
2.33
1.686
2.54
3.269
2.087
3.786
2.863
3.713
3.053
3.836
1.549
3.766
3.634
2.644
2.244
2.904
3.124
3.35
2.857
2.762
2.832
3.89
1.718
3.07
1.853
2.498
1.865
3.062
3.554
2.869
3.947
3.22
2.621
3.635
3.634
1.998
2.674
3.566
3.298
2.064
2.684
3.771
2.191
2.119
3.464
3.664
2.283
2.76
1.98
3.645
3.082
1.777
2.368
2.35
1.964
3.081
1.733
3.441
3.863
2.783
2.425
2.251
3.399
3.764
3.041
3.892
1.978
2.422
2.563
2.374
3.794
2.742
3.725
3.979
1.811
1.743
3.585
3.163
3.496
2.899
2.493
3.614
2.479
3.095
2.138
3.141
3.226
3.304
2.35
2.087
2.064
1.879
3.268
2.745
2.768
1.987
2.865
2.464
2.298
2.543
2.418
1.632
2.024
2.049
2.438
1.839
3.085
2.54
1.624
2.052
1.7
2.535
3.707
3.298
2.483
2.102
2.822
2.662
2.804
3.175
1.659
2.604
2.967
2.832
2.27
3.77
3.929
2.463
3.889
2.378
2.582
3.372
3.002
2.876
1.674
1.57
2.547
3.885
3.563
1.554
1.822
1.987
2.81
3.269
3.416
1.795
1.801
1.996
1.503
3.719
1.906
3.957
2.458
1.554
2.906
3.067
2.061
3.44
3.463
3.095
3.013
2.01
1.598
2.574
1.905
2.393
2.879
2.009
1.827
3.797
1.774
2.704
2.955
3.607
1.667
2.288
3.873
1.525
2.705
3.404
3.472
2.016
3.805
1.651
3.547
3.449
1.543
2.182
2.482
2.784
2.679
2.95
2.576
2.717
2.769
2.34
3.176
2.085
2.456
3.029
2.007
2.99
2.569
2.73
1.902
2.088
3.482
2.733
2.466
3.138
1.757
2.907
2.225
3.42
1.551
3.084
2.225
3.381
2.608
2.111
3.277
1.713
2.618
1.738
2.744
2.849
2.059
1.683
3.931
2.67
1.747
3.107
3.608
2.844
3.909
3.259
3.837
2.448
3.307
2.026
3.948
3.847
2.232
3.016
2.681
1.987
2.101
3.024
3.874
3.68
2.559
3.199
1.73
1.805
3.925
1.887
1.727
3.638
2.71
3.905
1.519
2.447
1.975
3.061
2.566
2.865
3.459
3.354
2.446
1.71
1.59
2.063
3.522
1.621
3.44
1.829
2.816
3.183
2.947
3.895
3.613
3.657
2.287
3.653
3.832
3.273
3.236
1.519
2.309
1.835
2.287
2.241
1.785
2.878
1.852
3.971
2.15
3.749
3.753
2.314
2.918
3.233
3.388
2.249
2.841
2.77
1.549
3.256
3.704
2.602
1.873
3.26
1.84
3.323
3.61
2.812
2.585
3.0
3.724
2.987
3.913
1.726
1.87
2.439
1.927
2.648
2.179
3.659
1.525
3.953
1.886
2.263
1.632
3.113
2.903
1.712
1.769
3.604
1.802
3.848
1.523
1.926
3.035
3.656
2.552
2.908
3.349
1.93
2.072
2.156
2.636
3.119
1.584
3.048
2.429
2.723
1.516
3.398
1.858
3.305
1.861
2.371
2.31
2.987
1.922
3.59
3.315
2.333
2.909
2.646
2.256
2.868
2.968
2.049
1.565
3.123
1.707
3.55
3.015
1.707
3.704
1.84
1.707
3.436
1.661
3.168
2.974
1.657
1.871
2.886
1.654
1.667
2.32
2.795
3.648
1.704
2.495
1.654
3.97
3.68
3.071
1.994
3.093
2.277
1.84
2.852
2.245
3.299
2.066
2.208
2.544
1.858
3.563
1.686
3.534
1.765
3.944
2.346
1.649
2.918
3.026
1.741
3.952
3.243
1.788
1.648
3.501
2.915
3.153
2.371
3.486
1.949
2.472
2.971
3.999
1.637
1.934
3.959
3.74
2.57
2.321
2.569
1.962
1.823
3.128
2.973
3.741
2.979
3.17
3.268
2.482
2.494
1.978
1.713
2.08
3.588
2.789
2.543
3.926
3.973
3.556
1.778
2.77
1.828
3.225
2.047
1.707
1.837
3.917
3.317
3.106
2.186
3.799
1.619
3.341
3.592
1.744
2.293
1.938
3.663
3.571
1.924
3.129
2.132
3.099
1.51
3.441
3.82
3.779
3.943
2.411
3.342
3.047
2.461
3.969
2.772
3.991
1.881
2.524
1.521
2.412
3.783
3.892
3.175
3.334
3.914
3.222
2.269
3.29
1.524
2.497
3.268
1.723
1.878
3.629
2.781
2.237
2.571
1.784
3.282
2.298
3.325
3.78
3.222
3.14
2.117
2.776
3.925
2.732
2.757
2.858
2.391
1.982
3.793
2.782
2.109
2.75
2.347
2.53
3.378
1.847
1.967
2.464
2.058
3.207
3.954
2.342
2.642
2.245
3.017
2.891
1.899
2.054
2.986
1.94
3.201
2.941
3.595
3.755
2.388
2.655
3.395
3.725
3.874
3.553
2.015
1.819
2.321
3.473
3.09
3.119
2.218
2.048
3.267
3.171
3.393
1.774
2.293
2.457
3.498
1.782
3.824
1.635
2.764
2.205
2.149
3.386
2.17
3.631
2.327
2.99
1.631
1.953
2.117
2.287
3.119
3.52
3.884
1.865
2.132
3.491
1.665
3.249
2.81
1.544
3.996
2.662
2.953
3.884
2.942
2.706
3.388
2.711
2.365
3.475
2.165
3.91
3.12
2.862
3.17
1.972
2.846
3.528
3.247
1.515
2.696
3.779
3.191
2.16
2.485
3.128
1.802
3.866
3.849
2.575
2.614
2.978
2.013
2.107
2.473
2.925
1.903
3.963
3.57
3.933
3.63
3.112
3.55
1.506
2.397
1.859
3.388
3.012
2.725
1.612
2.027
3.073
2.484
2.552
3.928
3.61
3.222
2.616
3.477
3.937
1.727
3.423
2.933
3.827
2.028
1.939
2.77
3.647
2.281
2.411
3.838
3.134
3.276
3.663
3.193
2.691
2.383
3.585
3.177
2.045
1.982
2.218
3.15
3.041
1.922
1.525
1.976
3.229
3.244
2.899
3.099
3.014
1.554
3.188
1.635
2.591
2.907
2.689
2.802
3.452
3.712
2.765
1.874
3.213
2.938
2.392
2.265
3.199
3.33
3.224
2.777
3.708
1.524
2.355
3.948
3.938
2.598
3.951
1.691
1.824
3.435
1.623
3.49
3.386
1.777
2.507
3.398
3.815
2.541
3.799
1.923
3.503
1.52
2.629
1.762
3.085
3.886
3.33
1.901
3.772
1.68
2.148
3.315
1.612
3.451
1.755
1.64
2.519
2.316
2.655
3.586
3.445
3.363
2.385
2.278
2.054
2.494
2.245
3.513
3.022
1.799
1.976
3.263
2.202
3.221
3.844
3.431
2.036
2.77
1.539
2.303
3.603
2.923
1.85
3.08
2.83
3.409
2.807
1.699
3.629
3.221
2.319
1.832
3.304
3.816
3.475
2.293
3.383
2.552
3.128
3.705
1.907
3.43
2.799
2.858
2.731
1.936
1.722
3.657
3.668
1.931
3.237
2.421
2.949
1.852
2.477
3.429
3.875
2.181
3.381
1.702
2.454
2.801
3.268
2.963
3.464
2.132
3.793
3.019
3.215
1.61
2.396
3.476
2.672
2.375
3.425
3.728
1.718
2.946
3.661
2.501
2.561
2.488
1.574
2.606
1.961
3.931
1.643
1.844
1.953
2.926
1.922
3.045
3.933
2.3
3.094
2.456
1.802
1.92
2.618
1.596
3.967
2.421
2.589
1.789
3.92
2.365
3.855
3.128
2.371
2.448
2.838
3.227
1.656
3.242
3.754
1.92
3.954
1.685
2.159
3.402
2.044
2.807
3.033
2.824
2.792
2.793
2.298
3.787
1.503
1.53
2.754
1.675
1.656
2.791
2.208
2.388
3.866
3.287
3.102
3.61
1.527
1.55
3.841
2.437
3.669
1.617
3.395
1.629
3.951
2.741
3.575
3.728
3.984
3.833
2.666
2.821
4.0
2.4
3.169
3.556
2.946
3.132
3.194
2.844
3.096
2.718
3.711
2.052
3.155
1.978
2.634
3.55
1.763
2.889
3.891
3.175
2.073
3.248
2.3
3.042
2.283
1.717
3.328
1.946
3.366
1.657
3.705
3.745
1.827
2.002
2.387
1.68
3.35
2.838
1.505
3.488
2.59
2.856
3.139
1.621
2.43
3.404
3.115
3.287
1.886
2.478
1.83
2.608
2.465
2.254
3.43
2.467
3.803
2.763
3.253
2.618
3.12
2.983
1.543
1.885
2.489
3.186
2.449
1.979
2.512
2.094
1.723
3.599
3.694
3.089
3.034
2.572
3.255
2.652
3.321
3.48
3.131
1.556
3.797
2.428
3.732
2.175
2.163
2.611
1.585
3.118
3.287
3.977
1.757
1.645
3.556
3.136
2.531
3.404
2.078
3.173
1.906
1.618
2.541
2.329
3.052
3.699
2.843
1.784
3.377
1.718
2.145
3.201
2.097
3.296
3.124
2.878
3.699
2.995
1.547
2.107
3.751
3.472
2.189
1.556
3.038
2.817
3.869
3.882
1.735
1.944
2.166
3.686
1.513
1.961
1.869
2.477
3.331
3.279
2.306
3.489
3.552
2.423
3.569
2.2
2.008
3.962
2.144
1.7
1.616
2.383
2.116
2.082
3.37
3.072
2.493
2.524
2.146
3.025
2.303
2.746
3.7
2.072
3.104
3.252
3.587
2.12
2.897
2.8
3.47
1.942
3.002
3.284
2.184
3.752
3.885
1.733
3.439
1.542
3.264
2.929
3.611
3.824
2.555
1.738
1.946
2.266
2.335
1.581
3.94
3.224
2.831
2.901
2.834
3.95
3.529
1.869
2.87
2.974
1.856
3.483
1.903
3.24
3.065
3.131
2.566
3.986
2.366
3.487
3.46
2.076
3.38
2.883
2.023
3.784
3.916
3.435
1.554
1.676
3.572
2.017
3.503
3.845
2.567
3.893
3.253
3.337
3.048
2.652
2.455
3.267
2.903
2.334
1.725
2.511
1.779
3.228
2.414
1.868
1.954
2.048
3.217
2.978
3.121
2.95
2.939
2.497
2.005
3.066
3.529
3.353
3.605
3.479
1.636
2.087
3.179
2.451
1.512
3.408
2.737
2.685
2.192
2.163
2.583
3.785
3.19
2.707
1.855
2.662
2.877
2.315
3.61
2.466
2.221
3.915
2.442
1.662
1.958
2.244
1.701
3.694
3.057
3.732
2.413
2.626
3.538
2.035
2.459
1.727
3.362
3.853
2.323
2.909
3.695
2.433
2.275
1.675
2.583
1.558
1.878
3.509
3.749
3.656
1.653
3.223
3.478
1.935
1.744
2.303
1.845
3.774
2.028
3.652
3.132
3.237
1.692
2.478
2.612
3.54
2.0
2.737
2.726
2.261
1.635
2.539
2.301
2.084
3.449
1.872
3.096
2.801
1.824
1.993
1.841
1.581
2.611
3.782
2.944
3.65
2.824
2.135
2.227
2.809
2.275
3.37
1.875
2.631
2.222
3.756
2.087
2.233
1.835
3.841
3.472
3.883
3.802
2.947
3.773
3.267
3.016
2.536
1.515
3.288
2.158
2.899
2.74
3.439
2.609
2.704
1.643
3.732
1.822
3.704
3.869
2.399
3.802
2.893
1.938
3.241
3.74
3.413
2.131
3.606
3.562
2.3
3.756
1.526
3.414
3.928
3.113
2.491
3.43
1.782
2.548
2.236
1.928
3.731
3.423
3.344
3.71
3.028
3.723
3.863
1.529
2.295
3.214
3.547
1.951
2.384
1.544
2.826
1.695
3.023
2.032
2.84
1.847
2.562
2.543
2.783
2.367
3.664
3.718
3.822
2.871
2.129
3.33
2.416
3.785
1.694
2.991
1.957
2.942
1.513
1.753
2.186
2.674
2.606
2.506
2.369
3.878
1.671
1.539
3.345
2.278
1.692
1.792
2.833
1.69
2.116
3.924
3.63
2.878
2.683
2.196
3.517
3.569
2.188
1.95
3.236
3.122
2.236
2.981
3.541
2.401
2.317
2.488
3.639
1.872
1.961
3.408
2.411
2.44
2.651
1.741
2.873
3.784
3.414
2.305
2.215
2.31
3.305
2.187
1.899
2.9
2.45
2.352
3.479
2.137
2.702
3.587
2.374
3.794
2.941
2.923
2.803
3.979
3.951
3.21
3.855
1.705
2.448
3.853
2.411
3.841
3.216
1.635
3.93
2.215
2.848
3.131
3.483
2.614
2.391
2.436
3.371
1.833
3.129
2.532
3.357
2.632
3.115
2.609
1.527
3.704
2.858
3.089
3.993
3.797
2.468
2.228
2.822
1.538
3.493
2.488
3.479
2.942
2.08
2.737
2.795
1.569
2.515
2.013
1.678
1.879
1.53
2.287
3.124
3.552
3.722
3.426
3.375
1.598
2.522
3.674
1.891
3.05
1.787
3.461
2.453
3.067
3.564
2.889
3.144
3.142
2.093
3.962
3.057
1.8
1.617
1.604
2.008
2.226
3.198
3.391
1.639
3.929
2.844
3.063
2.64
2.276
2.547
2.644
2.435
3.139
2.917
2.74
3.993
1.985
2.769
2.325
3.975
3.691
2.627
1.686
2.103
2.374
3.164
2.617
2.281
2.576
2.677
1.702
3.935
2.367
2.489
2.009
3.918
2.865
3.145
2.783
3.724
3.41
2.802
1.525
3.044
2.425
2.715
3.199
2.737
3.85
3.064
1.684
2.664
1.679
3.242
2.349
1.762
2.617
3.534
2.991
3.519
2.869
1.649
2.875
2.65
1.855
3.793
2.087
2.349
2.83
3.013
2.87
2.803
1.997
2.195
2.227
2.038
2.618
3.429
1.857
3.825
2.122
3.392
3.113
3.465
2.547
3.233
3.916
3.616
3.13
3.536
1.759
2.585
3.434
2.165
2.814
3.237
3.413
3.591
3.706
3.98
2.916
3.617
1.526
2.393
2.665
2.493
2.138
3.264
2.091
3.74
2.183
3.051
2.542
1.98
2.557
3.246
2.902
3.436
3.877
3.287
3.929
3.411
2.308
12.643
2.229
2.939
2.258
1.89
3.647
2.709
3.607
2.177
3.657
1.949
3.817
1.961
3.014
3.934
2.761
2.129
3.922
3.697
3.136
3.548
2.565
2.002
2.153
3.739
1.746
3.834
2.905
2.258
3.716
3.973
3.552
3.018
3.248
2.797
1.939
3.315
3.235
3.65
3.022
2.34
2.725
2.457
2.09
2.565
2.722
3.241
2.793
2.303
3.02
1.903
2.531
3.096
3.866
3.724
2.848
2.407
1.86
2.583
2.874
1.899
2.353
1.967
3.155
3.803
3.718
1.759
3.803
2.264
2.943
3.585
2.057
2.553
3.866
2.825
1.875
3.394
3.674
2.974
3.739
3.731
3.396
3.477
3.857
2.981
3.472
2.155
1.706
1.5
2.899
3.188
3.337
3.689
2.87
2.901
3.79
2.94
1.925
2.973
2.79
2.46
1.528
1.97
2.14
2.582
1.792
3.279
1.566
2.595
3.611
3.102
3.98
3.374
2.328
2.068
1.73
3.686
3.404
3.851
2.063
2.32
2.989
3.478
1.677
2.641
2.148
2.232
2.661
3.087
1.675
1.71
2.216
2.66
3.526
2.392
2.859
2.288
1.597
1.56
3.785
1.855
3.868
1.573
2.958
3.805
3.771
1.756
2.506
2.893
2.153
2.276
3.3
2.667
2.571
3.81
3.858
1.77
2.355
2.142
2.551
3.634
2.117
3.845
1.516
3.492
3.798
1.532
1.778
3.671
3.198
2.602
3.522
3.331
3.0
2.893
2.152
2.711
2.861
2.104
2.904
2.653
3.488
3.083
2.89
1.552
1.905
2.004
1.706
2.458
2.172
2.079
3.688
2.532
2.06
1.829
2.431
2.734
1.94
2.603
3.801
2.452
1.66
2.18
3.179
1.781
1.993
3.315
1.971
2.228
1.807
3.554
1.682
3.853
2.846
2.383
2.109
2.534
3.81
3.411
3.77
3.091
3.271
3.11
3.74
2.949
3.568
2.661
3.657
2.122
3.808
2.448
2.556
2.333
1.545
2.994
2.326
3.815
2.866
2.349
2.358
2.423
1.522
2.711
2.252
2.838
3.74
2.413
3.698
1.76
1.752
1.662
1.922
1.883
2.213
1.925
3.734
1.823
1.542
2.262
3.787
2.092
3.716
3.101
2.533
3.359
2.518
1.902
2.879
3.094
3.189
1.565
2.668
1.871
3.412
3.309
1.907
2.049
2.008
3.251
3.343
1.907
2.514
2.057
3.099
2.72
2.597
3.225
3.981
2.562
3.979
3.067
2.348
2.295
2.564
3.512
3.511
2.931
1.578
2.934
1.731
3.125
3.272
3.565
2.923
3.673
2.165
2.105
2.373
1.774
3.654
1.901
2.879
3.64
1.964
3.896
3.366
3.717
2.777
3.562
3.781
1.806
2.259
2.903
3.319
2.994
2.897
3.047
3.538
2.242
2.448
3.743
3.403
2.566
3.201
3.241
3.251
2.455
2.567
2.723
2.792
2.059
1.526
3.015
3.157
3.336
1.603
3.909
3.07
3.549
3.681
2.184
1.625
1.828
2.8
2.595
2.375
3.056
1.892
1.847
2.008
2.928
3.528
1.824
2.645
2.673
2.278
3.397
2.873
3.87
2.255
3.203
3.488
3.912
1.572
2.359
3.778
3.994
2.96
3.451
3.27
3.307
3.371
3.043
1.899
2.938
1.614
3.473
2.996
3.892
1.672
3.602
2.874
3.51
2.885
1.711
3.403
1.779
1.869
3.379
3.154
3.552
1.554
1.559
1.961
2.558
1.805
3.812
1.882
2.762
2.593
1.821
1.907
2.966
2.472
1.553
3.636
3.044
1.63
3.34
3.961
3.267
2.999
3.687
2.447
3.655
2.837
2.269
2.351
1.649
2.085
2.604
3.044
2.04
2.084
2.204
3.4
2.622
2.524
3.656
3.928
3.555
2.318
2.729
2.405
2.843
2.927
3.056
3.655
3.942
2.239
2.549
1.574
2.042
2.525
3.287
2.958
2.461
1.953
2.03
1.874
3.95
2.125
2.482
2.583
3.74
2.613
2.077
1.7
1.529
3.078
2.112
1.684
1.588
1.552
3.657
3.598
2.348
2.833
2.452
1.882
2.713
2.042
2.459
2.758
2.595
1.936
2.638
3.843
3.69
3.368
3.417
3.421
2.97
3.58
1.8
2.356
3.835
3.25
1.513
1.689
3.401
1.685
2.176
2.198
3.476
1.614
2.56
2.688
2.957
2.022
2.325
3.669
1.671
3.262
3.52
3.922
3.759
2.627
3.19
1.863
2.722
3.416
3.792
3.289
2.323
1.648
3.414
3.246
2.522
3.814
2.326
2.036
3.964
2.136
1.668
1.886
2.32
3.896
2.791
3.312
1.552
2.476
2.911
3.658
3.194
2.234
3.618
3.073
3.52
3.692
1.933
3.82
3.242
2.242
2.531
3.969
2.91
3.88
1.692
1.965
3.731
3.433
3.678
3.182
3.714
3.792
3.563
2.277
1.947
2.204
3.375
3.677
2.643
2.567
1.514
2.742
3.658
2.504
3.842
2.66
3.422
2.099
2.388
3.243
3.1
3.534
2.195
2.095
3.139
3.793
1.841
3.546
2.619
3.114
1.84
1.735
3.12
3.487
2.108
3.105
2.094
1.878
2.485
2.833
2.909
3.663
3.899
3.344
2.246
2.508
2.697
3.824
1.784
3.393
1.576
3.462
2.735
2.619
3.336
1.541
3.785
3.148
2.451
3.248
2.985
2.421
1.975
1.777
3.873
2.967
3.966
3.311
3.36
1.801
2.142
2.059
2.971
2.244
2.916
2.11
2.923
1.743
1.771
1.791
3.192
3.983
3.535
2.528
3.085
2.987
3.606
2.656
2.567
2.183
3.557
2.336
2.429
3.931
2.948
1.725
2.067
2.682
3.786
3.175
2.556
3.236
3.66
3.696
3.887
1.626
2.683
2.494
1.923
3.625
2.761
3.21
1.581
1.787
2.137
3.225
2.98
3.842
2.729
1.829
2.185
3.432
1.819
1.866
3.382
3.398
2.472
2.522
2.837
3.741
3.363
3.973
3.247
1.884
2.293
2.493
2.506
2.085
2.766
2.438
2.781
2.843
3.576
2.944
2.244
1.57
2.798
3.311
1.527
2.274
3.234
1.786
3.644
3.407
3.123
2.066
2.801
3.048
2.574
1.923
1.97
3.234
2.48
2.651
3.433
3.902
2.561
3.139
3.177
3.803
1.55
3.209
3.9
2.752
2.85
1.514
1.867
3.402
3.232
3.046
2.52
2.643
2.725
2.353
3.051
3.316
1.796
2.055
2.891
2.422
2.814
2.932
3.8
3.229
1.542
1.599
2.973
3.98
2.225
3.989
1.7
3.522
3.057
3.256
3.231
1.864
3.571
2.232
2.726
3.718
3.412
2.61
3.027
3.29
2.534
1.829
2.332
2.389
3.781
2.755
2.982
2.452
1.696
3.601
3.974
3.138
2.154
3.307
2.327
3.86
2.119
2.162
1.956
1.507
3.001
1.679
3.715
3.007
2.399
3.095
2.518
3.894
1.823
3.531
3.403
2.589
3.394
2.979
1.814
2.58
3.347
1.917
3.615
1.522
1.871
3.422
3.075
2.379
1.915
1.733
3.633
1.971
2.943
3.865
2.158
3.315
2.481
2.874
3.674
1.96
2.432
2.13
3.831
3.99
2.597
3.186
2.751
3.351
2.703
1.514
3.395
2.77
2.654
3.945
3.572
3.785
2.439
1.852
2.462
2.993
3.42
3.053
3.835
3.125
2.745
2.903
3.236
2.284
2.216
3.734
3.725
3.437
1.819
2.736
2.613
1.84
3.475
3.036
2.194
1.804
2.109
1.584
2.058
2.033
2.047
3.305
3.246
3.971
1.847
2.303
3.628
2.843
3.274
3.74
3.35
3.506
3.213
3.755
3.154
2.207
2.099
2.547
1.739
3.746
2.054
1.658
2.736
1.743
2.895
1.898
3.472
1.5
3.45
3.316
3.279
3.119
3.804
2.046
2.954
3.412
3.676
3.981
3.025
3.776
1.733
1.802
2.264
3.171
1.84
3.186
3.309
2.649
3.589
3.091
3.517
2.994
2.991
2.19
3.738
3.037
3.056
3.413
1.537
3.969
2.529
3.013
2.314
3.532
1.756
1.876
2.663
3.034
3.298
2.478
1.618
1.644
3.026
3.294
3.083
2.651
3.6
3.197
3.481
2.013
1.866
3.448
2.989
2.927
2.559
2.364
1.539
2.697
2.949
2.389
2.185
1.803
1.928
2.805
2.357
2.313
3.831
2.45
2.386
1.787
3.26
1.896
3.884
3.396
1.67
1.888
3.537
3.113
2.413
3.352
3.607
3.76
3.173
1.836
1.883
2.531
1.532
3.052
1.781
3.039
3.723
3.526
2.79
2.224
1.909
2.853
2.607
2.669
3.771
3.771
2.075
3.982
2.503
3.926
3.109
1.568
3.739
1.623
3.653
1.509
1.988
1.58
1.783
2.681
2.374
3.268
3.655
3.89
2.635
2.129
2.004
2.921
3.72
1.954
3.292
2.823
3.461
1.914
2.57
1.725
2.459
1.757
3.399
3.104
3.399
2.667
3.868
2.663
3.102
2.535
3.194
3.913
2.123
3.854
2.214
2.954
3.544
3.265
3.308
3.307
3.656
3.769
2.061
3.36
2.408
1.861
2.744
1.664
2.077
2.435
2.977
3.317
1.901
3.377
3.485
2.912
3.157
3.883
1.678
3.26
2.478
2.787
3.289
2.611
3.299
1.728
3.041
2.313
1.988
1.529
2.984
2.125
3.429
3.366
1.984
2.506
2.017
3.031
3.464
1.827
3.413
3.28
3.41
2.465
1.795
1.609
2.983
1.756
1.917
1.875
2.636
1.941
1.636
3.169
3.527
2.421
1.821
3.7
2.451
2.902
2.472
1.511
3.005
2.629
1.88
2.496
3.162
1.775
2.341
2.978
1.958
2.786
1.913
3.343
2.207
3.486
1.544
2.134
3.218
1.886
3.627
1.791
1.807
1.869
2.304
2.725
3.899
3.866
2.657
1.797
3.811
3.213
3.509
1.5
1.53
2.042
2.022
1.991
2.868
3.368
2.876
1.751
3.993
3.681
3.484
3.674
1.504
3.297
2.685
1.724
2.612
2.436
3.052
1.692
3.585
1.905
3.817
2.588
3.369
2.735
2.445
3.817
1.566
3.178
3.919
3.861
2.066
1.785
3.032
3.397
1.621
3.973
2.229
2.646
2.244
2.576
2.091
2.001
1.631
3.873
3.657
2.65
1.982
2.164
3.017
3.051
1.787
1.616
3.477
2.04
3.97
2.912
2.645
1.572
1.815
1.647
2.892
3.773
3.045
3.905
2.554
2.943
2.598
2.341
2.781
1.638
1.927
2.27
3.167
3.29
3.65
1.76
1.886
2.187
2.03
1.799
3.468
3.694
2.327
2.077
2.585
3.368
3.092
2.401
3.049
2.958
3.035
3.248
3.387
2.812
3.822
3.951
1.989
2.748
2.603
3.326
3.758
3.204
2.558
3.831
2.99
3.838
3.221
3.38
2.388
2.629
2.883
2.05
2.9
2.951
3.438
2.199
2.72
3.787
3.045
1.571
2.658
1.508
2.075
2.874
1.803
2.986
2.031
2.704
1.906
2.114
2.362
3.587
3.991
2.269
2.556
2.836
1.829
1.943
3.808
2.149
1.777
1.993
2.524
3.141
2.746
3.251
2.327
3.447
2.009
3.832
1.512
1.825
2.424
3.123
3.215
2.332
1.57
3.897
2.975
1.66
3.988
1.582
3.693
2.587
2.064
2.208
3.548
2.786
2.367
2.582
3.903
3.646
2.579
2.654
2.954
2.296
3.807
1.623
3.702
1.562
1.962
3.635
2.792
1.937
2.339
2.375
1.631
1.763
3.923
1.59
1.5
2.315
1.587
2.189
1.722
1.673
2.067
2.235
2.151
2.453
3.581
3.399
3.448
2.748
2.401
2.822
3.695
2.41
1.573
2.678
3.64
3.616
3.847
2.117
1.898
2.183
3.976
1.555
1.988
3.15
1.854
1.677
2.015
1.54
2.839
2.47
1.607
3.213
3.553
2.907
3.272
2.236
1.589
2.312
1.632
2.063
2.463
1.713
3.627
3.277
1.514
2.848
2.678
3.507
3.889
1.866
3.819
2.387
2.271
2.889
2.825
2.666
2.144
3.55
3.655
1.548
2.978
3.57
3.937
2.453
1.977
1.855
2.333
2.185
1.652
1.879
2.312
2.229
3.998
1.697
3.009
3.082
3.517
1.866
3.338
1.606
3.381
3.429
2.172
3.586
2.148
3.391
1.964
3.595
2.51
1.609
3.948
2.401
2.629
2.054
1.514
3.685
3.01
2.219
2.742
3.333
3.227
3.19
3.817
1.713
2.351
3.779
2.917
3.61
2.932
2.542
2.721
3.098
1.698
2.445
2.327
1.851
1.797
2.929
2.253
3.406
2.973
2.616
1.718
3.284
2.284
3.617
3.463
3.305
3.788
3.308
1.669
3.231
3.65
2.09
3.573
2.647
3.442
1.981
3.898
1.689
2.484
2.332
2.141
1.609
2.901
2.354
2.757
2.433
1.518
1.67
2.921
2.643
3.034
2.636
2.866
2.609
1.953
2.321
2.383
3.443
2.604
1.978
3.675
2.487
2.203
2.647
3.184
2.567
3.53
2.564
2.454
3.891
3.83
3.293
1.758
1.917
3.995
3.051
1.757
3.817
2.593
2.015
2.763
3.283
3.503
2.256
1.576
3.067
2.403
2.974
2.47
3.371
2.195
2.915
3.527
3.541
2.87
3.134
3.581
2.568
3.404
3.131
1.552
1.601
3.132
2.618
2.342
3.369
1.663
2.051
3.807
3.154
1.924
3.96
2.36
3.973
3.492
2.935
2.002
3.051
3.567
1.578
1.518
3.055
3.409
3.066
2.362
3.487
2.34
2.63
2.559
3.155
3.499
3.765
2.027
2.003
2.754
3.044
3.248
3.453
1.975
1.943
3.754
2.472
3.942
2.779
3.289
2.492
3.001
2.126
3.665
1.54
2.704
1.661
2.57
2.726
3.335
3.082
2.633
3.387
3.511
2.351
3.802
1.666
1.502
2.066
1.837
3.404
3.445
3.873
1.547
3.645
3.196
3.087
2.046
3.367
2.327
2.01
3.182
1.741
1.767
3.567
3.471
1.636
3.615
3.474
2.78
2.665
3.912
1.718
2.368
1.521
2.495
3.205
3.375
3.31
2.268
1.75
3.175
1.694
3.219
2.804
2.696
1.509
2.725
2.403
2.564
2.808
2.657
2.943
2.641
3.651
2.968
2.509
3.223
3.007
1.58
2.146
2.071
1.774
1.679
3.79
1.688
3.693
3.313
2.606
3.974
2.436
2.097
1.65
3.354
1.913
2.141
1.871
2.598
3.472
2.105
2.621
2.591
2.653
1.577
2.134
2.447
2.59
3.374
1.802
1.937
2.897
3.637
3.577
3.076
3.326
3.626
2.545
3.134
3.652
2.697
2.41
3.649
3.477
3.057
3.368
3.18
1.886
1.881
3.936
3.956
3.059
1.625
1.503
3.651
1.862
2.879
1.54
3.517
3.586
2.999
1.982
3.952
2.017
3.169
3.809
1.839
3.549
2.286
3.591
1.92
2.387
2.399
2.498
2.04
3.413
3.826
3.029
2.669
3.157
2.721
1.56
2.442
3.681
2.077
2.398
3.745
2.829
1.875
2.213
3.933
3.489
2.422
2.178
2.36
1.58
3.85
1.996
1.817
3.364
2.09
3.004
2.71
1.674
3.708
3.348
2.262
3.093
2.956
3.084
1.726
2.037
2.229
3.134
2.758
3.956
3.418
2.742
1.843
2.016
1.912
2.645
3.234
2.557
2.979
3.144
2.373
2.723
2.901
3.759
1.97
3.283
3.884
3.368
2.382
2.025
3.668
3.033
3.928
1.926
2.554
1.957
1.961
2.285
2.949
3.987
2.687
3.653
2.051
3.795
1.807
3.94
2.716
2.162
2.755
3.956
1.829
1.672
3.896
1.593
2.749
1.822
1.605
1.792
2.919
2.086
3.809
2.417
3.867
2.725
2.292
1.635
2.254
3.639
2.128
2.881
3.839
2.891
3.499
3.18
3.34
3.107
2.929
1.793
2.077
3.401
2.781
1.522
2.784
2.967
2.701
2.092
3.664
3.219
3.43
3.879
1.82
2.999
3.67
3.781
3.027
1.55
3.02
2.118
2.415
2.662
2.691
3.14
3.238
1.734
3.576
1.568
3.599
2.344
3.971
2.111
3.256
2.314
2.894
2.186
2.097
3.628
2.895
2.49
1.677
3.109
1.556
3.957
3.807
3.127
3.492
3.715
3.362
2.429
3.435
3.648
1.786
2.22
3.61
3.062
3.432
2.478
1.532
1.506
3.407
2.509
2.324
3.899
1.653
1.653
1.758
2.06
2.151
3.179
1.585
3.356
3.239
2.701
3.272
3.739
3.636
3.215
3.127
2.31
1.743
3.517
3.893
3.004
2.705
2.954
3.732
3.941
1.585
2.272
2.304
1.907
1.691
3.372
3.527
3.401
3.712
2.734
1.608
1.853
2.984
3.282
3.313
2.882
3.068
3.878
3.657
3.628
3.394
2.806
2.7
3.462
2.268
1.57
1.862
3.732
3.301
1.668
3.686
1.992
1.503
2.745
2.859
1.686
1.971
2.966
2.911
3.588
3.538
3.531
3.451
2.739
3.59
3.903
3.487
3.534
2.975
3.347
1.702
3.049
3.114
3.895
1.744
3.096
3.658
3.75
2.484
1.841
2.176
3.724
3.014
3.639
3.977
3.211
3.43
1.629
3.508
2.339
2.009
1.857
3.205
3.328
1.883
3.396
3.807
2.173
2.683
2.887
3.55
1.749
2.904
3.682
2.342
3.302
3.986
1.71
1.861
2.975
3.31
3.27
2.839
3.829
3.411
3.156
2.278
3.788
1.991
2.791
1.751
3.276
3.234
2.593
3.41
3.045
1.588
3.617
3.833
2.686
2.961
2.099
1.841
3.615
2.048
3.058
1.762
1.587
3.606
3.539
3.869
3.182
3.439
1.639
2.952
1.695
1.607
1.882
3.45
2.569
1.518
3.721
1.545
1.729
3.902
1.546
1.864
3.49
3.384
2.537
3.269
2.699
3.757
3.003
2.538
1.922
2.064
2.652
3.959
3.363
2.004
1.994
2.958
3.311
2.052
3.038
2.302
3.907
3.474
3.786
3.134
2.882
2.265
3.546
3.872
3.102
2.02
1.523
2.232
3.618
2.229
3.302
2.812
3.911
3.239
3.817
3.827
3.146
2.574
3.434
2.679
2.834
2.035
2.883
2.056
2.741
2.463
2.342
2.511
3.027
3.478
2.265
3.903
2.748
3.901
1.532
1.811
3.469
2.638
3.023
2.374
3.62
2.427
3.503
2.683
3.252
3.061
3.742
3.576
2.629
2.327
2.616
2.537
2.265
3.118
2.812
3.144
2.604
2.875
2.496
2.92
3.065
2.465
3.127
1.776
3.951
3.771
3.432
2.505
2.196
2.073
3.846
1.647
3.876
1.96
3.254
3.384
3.476
1.663
3.47
2.302
2.605
3.975
2.241
3.027
2.381
3.755
2.297
2.289
1.739
3.739
2.784
2.566
3.443
2.771
1.602
2.651
1.848
1.988
3.763
2.967
1.764
2.694
3.967
1.819
1.76
3.516
3.915
2.316
2.95
2.985
1.71
3.717
3.145
3.318
2.227
3.229
1.531
1.678
2.146
2.637
2.755
3.875
1.658
3.776
1.697
2.326
2.656
2.174
2.489
3.527
2.185
2.522
2.553
2.082
2.56
2.124
3.656
3.304
3.272
3.687
2.298
2.72
2.736
3.12
1.618
2.916
2.175
2.499
3.301
2.425
2.902
3.709
3.652
1.849
1.65
2.91
2.155
3.111
2.5
3.246
2.791
2.776
1.875
2.848
3.202
3.411
1.575
3.796
2.871
1.711
2.192
2.269
2.449
1.705
3.604
3.409
1.61
3.971
2.794
3.128
2.924
3.443
2.216
3.646
3.909
1.575
2.366
3.705
1.732
1.725
3.559
2.22
2.58
2.384
2.022
2.167
2.733
1.543
3.733
1.934
3.749
1.884
1.677
1.711
2.93
2.217
1.828
2.488
2.946
2.369
1.848
1.977
1.967
3.197
2.716
3.89
2.703
2.936
3.78
2.385
2.261
3.767
2.466
1.663
3.844
3.145
2.837
2.592
2.719
1.937
2.988
3.284
2.992
3.584
1.831
2.849
3.929
1.988
3.704
3.0
3.553
2.221
3.965
2.665
2.162
2.155
3.094
2.363
2.873
1.812
2.798
2.873
2.562
2.903
1.664
2.82
3.576
3.134
3.533
1.626
2.869
2.304
1.59
3.811
2.498
1.719
2.253
2.717
2.177
2.874
3.574
1.852
3.471
2.249
2.579
3.043
2.296
3.404
3.075
3.019
2.68
2.794
3.561
1.709
1.897
2.29
1.533
3.664
2.667
2.554
2.459
3.584
3.005
2.739
3.105
3.2
1.614
3.646
3.761
3.825
3.832
1.652
2.105
3.972
3.612
3.413
1.948
1.748
3.352
1.542
3.591
3.8
1.538
3.147
1.582
3.31
1.752
1.78
1.83
3.809
2.567
3.994
3.107
2.959
3.348
2.542
2.521
1.509
2.763
2.106
1.755
2.169
2.372
2.295
3.064
3.351
3.777
3.688
2.586
3.305
2.278
3.584
3.203
3.445
2.971
2.424
2.765
2.047
2.528
2.122
3.845
2.792
3.26
1.533
1.923
3.075
3.306
1.538
2.254
2.709
3.026
2.75
2.206
1.993
2.626
2.846
2.078
2.155
3.14
3.533
3.188
1.994
3.471
2.989
3.945
3.27
1.953
3.865
2.389
2.392
3.674
2.803
2.492
3.711
3.609
3.636
3.694
3.588
2.735
3.746
1.724
1.955
2.801
3.148
2.953
2.598
1.78
3.237
3.808
2.951
3.884
2.52
1.913
2.574
2.425
1.947
3.352
2.592
3.502
3.194
2.023
2.721
2.103
3.624
3.366
2.742
2.82
1.659
1.924
2.855
3.208
3.037
2.864
1.563
3.635
3.066
2.659
3.4
2.082
2.807
2.371
1.979
3.544
2.697
2.994
2.909
2.72
2.266
2.982
3.776
2.675
1.878
2.327
2.204
2.685
3.701
2.211
3.654
3.309
2.38
2.055
1.887
2.406
2.626
3.565
2.876
3.565
2.494
2.919
2.602
3.692
1.942
3.625
2.33
3.262
1.935
3.488
2.127
3.576
1.966
3.041
2.238
2.95
2.89
2.527
3.815
2.798
3.374
3.137
2.209
2.392
3.26
2.601
3.642
3.258
3.134
2.562
1.816
3.43
2.276
3.48
3.163
3.267
3.17
2.229
2.676
3.453
3.016
2.472
3.493
2.267
2.106
3.228
2.441
3.901
2.423
2.338
2.876
1.504
3.037
1.549
2.238
2.326
1.847
2.937
2.64
2.07
2.976
3.595
1.941
2.07
3.419
1.59
2.177
2.884
2.744
2.002
2.395
3.679
1.707
3.695
3.847
1.624
1.965
2.058
2.367
2.259
3.117
3.735
2.979
2.992
3.896
3.023
2.385
3.827
3.001
2.854
2.167
2.569
1.633
3.562
2.579
2.776
2.859
1.846
1.954
3.543
1.534
3.635
1.647
3.048
2.651
2.352
3.735
4.0
3.033
3.335
2.107
3.288
1.641
3.204
3.996
1.641
3.018
3.699
2.995
3.901
2.416
3.256
2.347
1.513
2.076
2.359
3.839
3.305
3.2
2.225
2.099
2.949
2.991
3.569
2.695
2.063
3.453
3.391
1.608
3.608
3.834
3.646
3.302
3.961
3.99
3.379
3.575
1.888
1.932
2.558
2.941
2.809
3.537
2.445
2.441
2.851
3.004
2.937
2.112
3.282
1.934
2.22
2.191
2.996
2.398
2.218
3.437
2.576
2.276
3.185
3.782
2.791
1.641
3.285
2.23
2.723
2.26
2.492
2.239
2.194
3.469
2.824
3.105
2.131
3.646
2.844
3.389
2.451
3.555
3.152
3.355
3.275
1.797
2.894
2.828
1.605
2.753
2.876
3.538
3.701
3.304
3.24
3.624
2.416
3.812
1.763
2.202
1.961
1.9
2.447
2.016
1.892
1.831
3.73
3.7
2.601
3.178
1.9
3.942
2.442
3.097
1.988
3.981
3.13
3.838
3.507
3.232
2.676
2.801
2.468
2.921
1.521
3.409
2.379
1.546
3.12
3.585
2.666
3.093
2.934
2.328
3.479
2.638
3.009
2.521
3.022
2.07
2.665
3.515
3.593
2.708
1.905
3.898
3.863
2.448
3.104
2.55
1.956
1.958
3.634
3.785
1.892
1.814
3.595
2.482
3.33
2.942
3.075
3.079
1.808
2.539
1.979
3.937
3.894
2.502
1.955
1.767
3.289
2.752
1.729
2.822
3.894
3.19
1.856
3.926
3.705
1.987
3.145
2.129
3.292
1.632
3.866
1.844
2.718
2.558
2.679
2.508
2.798
1.944
3.463
2.0
1.998
1.711
2.637
1.786
2.125
3.396
3.248
2.703
1.948
2.932
2.925
3.371
2.083
3.788
3.284
1.93
3.806
2.55
3.403
2.336
3.346
1.662
1.784
3.648
3.402
3.305
3.255
3.575
2.704
2.916
3.892
2.049
2.069
3.682
2.045
2.067
2.445
1.59
2.093
3.21
3.917
3.844
3.734
1.942
2.4
3.891
3.068
2.174
3.809
3.221
3.249
1.874
2.128
3.769
1.636
2.243
2.121
3.02
2.396
3.516
2.228
1.7
3.074
3.683
1.734
3.156
3.692
3.602
1.824
2.237
2.95
3.554
1.577
2.561
3.201
1.636
2.516
3.13
2.211
2.848
3.095
2.411
2.682
2.586
1.974
3.661
2.915
3.2
1.522
3.665
3.281
1.643
1.616
3.421
2.335
2.323
3.289
2.158
2.614
3.366
3.311
1.799
3.495
3.02
2.524
3.762
3.942
2.193
3.68
2.379
2.337
3.728
2.835
3.355
2.35
2.367
3.147
3.992
2.435
2.918
2.328
3.809
1.824
1.869
3.802
1.705
1.866
1.769
3.305
3.341
2.25
2.651
2.828
2.213
3.129
1.742
2.401
3.515
3.004
3.975
2.518
1.917
3.629
1.727
3.008
1.792
1.776
1.679
2.671
1.519
2.108
2.005
2.564
2.176
2.537
1.874
2.774
1.665
1.877
1.981
3.813
2.286
1.553
3.056
3.813
3.772
2.679
1.825
3.035
2.795
3.843
2.688
1.579
1.644
3.121
1.807
2.673
2.886
3.377
2.28
1.857
3.295
3.645
3.447
3.884
2.77
1.696
2.877
3.213
3.102
1.968
2.776
2.333
3.027
3.058
2.616
2.535
2.505
3.039
3.628
3.583
1.588
3.646
1.766
3.093
2.821
3.847
2.376
3.252
2.282
3.514
2.759
2.67
3.309
1.951
2.106
3.0
2.538
3.087
2.876
3.494
1.918
2.039
3.598
2.486
3.978
1.574
3.722
1.701
2.025
1.527
3.825
1.664
3.152
3.431
2.945
2.755
1.711
3.779
3.462
3.446
2.253
3.886
2.182
3.374
2.913
2.009
1.518
2.609
1.941
3.757
2.725
3.12
1.907
2.786
3.51
2.687
2.867
2.075
3.744
1.975
3.688
2.824
2.164
2.943
2.117
3.808
2.712
2.731
2.242
2.222
1.518
2.93
3.215
1.98
2.98
1.751
3.656
1.703
1.636
2.473
3.495
3.092
3.794
1.638
2.164
1.741
3.244
2.555
3.205
2.205
3.466
1.856
3.342
2.047
1.938
2.234
2.456
2.82
1.85
2.473
3.355
3.298
2.953
1.907
2.056
3.881
1.684
3.592
2.084
2.691
2.783
2.231
2.891
2.685
2.088
3.235
3.406
1.951
3.561
2.234
3.495
3.768
2.504
2.872
3.216
1.815
2.955
2.397
2.751
3.425
3.276
2.163
3.926
3.458
2.853
2.387
1.919
1.984
1.781
3.72
1.835
2.854
2.338
2.886
2.724
2.114
1.721
2.935
2.076
2.404
3.881
1.771
2.736
2.363
2.243
1.686
3.172
1.646
2.699
3.708
3.723
2.048
2.145
2.032
3.404
1.993
3.694
3.062
3.226
1.743
1.81
2.962
3.196
3.515
3.615
2.436
3.129
3.372
1.553
2.62
3.406
2.156
2.765
2.219
2.238
3.618
2.576
3.945
3.431
1.566
3.312
3.425
2.748
1.531
2.728
2.975
2.678
3.386
1.996
2.897
2.279
1.935
3.215
2.715
3.782
2.508
2.514
3.372
2.425
1.53
2.265
1.653
3.22
3.767
3.315
3.178
2.336
2.409
3.285
1.848
3.925
3.544
3.605
2.217
1.778
2.428
1.779
1.946
3.179
3.284
2.37
2.88
2.894
2.478
3.122
3.937
3.937
3.336
2.409
2.987
3.563
3.379
2.77
2.276
3.803
2.727
3.059
1.557
2.53
2.842
3.414
3.337
3.542
3.855
1.939
1.959
3.315
2.453
2.343
1.641
2.214
1.624
1.517
2.617
3.766
3.959
3.28
1.564
1.828
3.993
2.855
3.605
1.952
2.16
2.619
1.501
1.718
2.852
3.238
2.198
3.381
2.289
1.595
2.556
2.162
2.155
2.9
2.334
3.395
3.276
1.826
2.978
2.704
2.157
2.489
3.59
2.659
2.666
3.667
3.392
2.575
1.87
3.982
2.186
1.883
2.302
3.688
2.334
1.585
2.181
3.32
3.75
2.589
2.942
2.289
3.327
1.963
2.425
2.378
2.189
2.352
3.342
1.827
3.14
2.673
3.3
3.946
3.394
3.476
3.428
1.618
2.476
3.995
3.83
3.064
2.633
1.694
2.572
1.659
3.355
2.644
3.547
2.065
1.545
3.839
3.831
3.903
2.279
3.479
3.638
2.061
2.439
3.116
3.306
2.406
3.466
3.424
3.964
3.639
2.943
2.593
2.116
1.516
2.44
2.635
2.896
3.915
3.58
2.682
2.489
3.097
3.663
2.416
1.968
3.378
3.194
2.939
2.223
3.781
2.946
3.97
2.685
3.987
3.908
3.719
2.589
3.468
3.136
3.712
3.425
3.706
3.326
1.773
2.061
3.336
3.492
2.618
2.409
2.462
3.168
3.961
3.794
3.537
3.448
2.001
2.428
2.697
1.913
2.818
2.613
2.711
2.16
3.233
3.913
3.259
1.731
2.3
3.529
2.612
2.728
2.698
1.522
2.967
3.429
3.541
2.137
2.454
3.829
3.556
2.288
3.714
2.06
1.934
1.544
2.133
2.937
1.546
3.735
2.63
3.541
1.915
2.728
2.167
3.21
3.371
1.931
2.014
1.507
2.842
3.836
2.881
1.583
2.704
2.447
2.56
1.671
1.617
2.126
1.775
2.929
3.884
1.501
3.399
3.613
3.074
1.551
1.784
2.281
3.647
2.235
3.484
3.792
3.457
2.94
1.777
3.358
1.507
1.829
2.386
2.099
3.246
3.364
2.796
1.904
2.83
2.96
1.57
3.114
2.455
2.124
3.086
3.546
2.411
2.075
3.001
3.085
3.642
3.251
3.825
3.709
2.244
1.628
2.038
2.172
2.714
3.121
1.567
3.642
3.979
3.928
2.16
3.375
1.56
3.645
3.357
3.662
2.713
2.007
1.955
2.806
1.542
3.796
2.003
2.017
3.144
3.687
2.996
1.652
1.959
2.736
2.724
3.614
2.727
2.169
2.297
2.012
3.998
2.234
2.836
1.903
2.155
3.74
2.281
1.965
3.743
2.948
3.412
3.803
3.723
2.673
2.844
3.001
2.881
1.574
3.195
3.738
3.595
2.505
2.587
3.438
2.954
3.093
2.371
3.07
3.706
2.09
3.669
2.977
3.741
1.789
2.418
1.871
2.331
3.629
3.709
2.942
3.994
3.51
2.552
3.844
1.633
2.339
2.93
2.025
3.635
3.016
3.638
3.697
3.065
1.738
3.605
1.935
2.653
2.234
2.812
3.06
2.568
2.098
2.427
1.808
2.021
3.603
3.513
3.168
2.58
2.492
3.406
3.54
2.297
2.344
3.723
2.989
3.77
3.67
2.56
1.896
1.575
1.994
3.663
2.485
2.287
3.971
3.537
2.831
2.996
2.285
3.416
3.746
1.799
1.972
2.135
2.071
3.795
3.803
2.85
1.837
3.141
2.317
3.648
3.222
2.985
3.395
1.816
3.962
1.967
3.589
2.767
2.133
2.295
1.717
2.133
1.938
3.843
2.211
1.528
2.294
1.856
3.348
1.793
2.694
2.636
3.081
2.624
2.904
2.895
2.73
2.383
2.792
2.806
2.229
2.934
2.87
3.244
2.112
2.47
2.692
3.166
1.895
3.238
2.267
1.888
1.705
1.727
3.081
2.6
2.483
3.24
2.575
2.101
2.796
3.583
3.306
2.312
2.318
2.476
1.634
2.911
3.453
2.312
2.855
2.959
3.978
3.866
2.612
2.618
3.303
2.879
3.816
2.398
3.818
2.06
2.496
2.421
2.403
3.711
2.398
2.052
2.993
2.477
2.019
1.637
3.469
2.458
2.508
3.191
3.709
3.685
3.714
2.87
3.475
1.932
3.009
3.786
1.581
2.16
2.007
1.908
1.714
2.088
2.485
3.54
2.836
1.666
2.188
2.043
3.077
1.773
2.684
3.656
1.783
3.384
1.559
2.705
1.709
2.648
2.462
2.099
3.618
3.03
3.845
2.524
2.891
2.975
2.892
2.419
3.193
2.017
3.567
1.722
2.976
3.112
3.56
2.787
3.123
3.881
2.776
1.517
3.917
2.741
3.35
2.246
2.21
2.824
2.348
3.448
1.966
2.301
3.403
3.221
3.566
2.731
3.505
1.529
2.029
2.613
3.313
2.255
3.736
3.035
2.474
3.431
2.226
1.516
3.825
3.506
3.973
2.144
3.013
3.878
3.526
3.905
2.473
3.287
2.723
2.617
3.889
3.585
1.61
2.142
3.345
2.237
3.154
3.961
1.783
2.349
3.467
2.348
1.55
3.579
3.303
2.304
1.793
3.571
1.88
3.662
2.524
3.972
2.139
3.279
2.454
1.52
3.089
3.826
2.926
3.355
3.148
3.348
1.794
2.615
1.644
3.456
3.575
2.999
3.818
3.907
2.054
2.539
1.809
1.777
3.124
2.269
2.437
2.798
2.531
1.774
1.574
3.964
1.568
1.732
3.693
2.838
2.004
3.149
2.086
3.341
2.943
2.881
2.328
3.745
3.717
3.291
3.371
1.503
2.267
2.587
3.375
3.567
3.795
1.557
2.895
3.765
1.863
3.8
2.275
3.958
3.099
3.322
2.83
2.967
1.993
3.738
2.858
2.207
2.758
3.619
2.349
2.038
2.609
3.202
2.992
2.022
3.399
2.224
2.555
3.251
3.974
3.381
2.469
1.926
2.242
2.967
2.313
3.101
3.088
2.793
2.746
2.326
1.504
3.541
2.271
1.621
2.029
3.539
2.837
2.787
3.059
2.153
3.079
1.746
2.105
1.575
3.424
2.195
2.122
3.094
1.814
1.624
3.739
2.65
2.461
1.97
3.254
1.976
2.54
2.74
3.45
2.49
1.969
2.319
2.009
1.782
3.994
1.507
2.208
1.949
2.633
2.167
3.145
1.711
3.532
3.257
2.959
2.04
1.899
3.556
3.957
1.919
2.825
2.852
3.052
2.221
1.785
2.177
2.473
2.765
2.08
3.331
3.862
3.733
3.585
2.607
1.849
2.313
3.953
3.536
2.547
3.995
3.414
2.832
3.617
2.784
3.45
3.684
2.506
2.662
1.912
3.839
2.435
2.605
3.17
2.334
3.724
2.687
2.976
3.591
2.007
3.166
2.717
2.54
2.582
3.017
3.623
3.465
3.42
1.916
1.662
3.508
2.791
2.588
3.776
2.215
2.672
2.34
3.749
3.553
1.565
1.609
3.881
2.045
2.383
3.01
1.571
3.615
3.2
2.293
2.676
3.215
2.322
2.398
3.332
2.591
1.997
2.093
3.797
2.422
3.983
2.458
2.201
2.482
3.582
2.859
2.002
2.681
3.493
3.034
1.855
1.516
2.996
2.495
3.957
2.477
2.445
1.541
1.871
2.099
2.315
1.878
3.307
2.727
3.438
1.683
1.657
3.927
1.568
2.666
2.752
3.471
2.271
3.799
2.026
3.339
2.357
2.863
1.861
1.925
2.6
2.196
3.684
3.701
3.354
3.645
2.294
1.79
3.474
2.27
2.073
3.308
3.957
3.723
3.999
2.57
2.966
3.032
3.34
3.702
3.052
1.729
2.618
1.891
2.785
1.699
2.002
2.004
2.354
2.294
1.647
2.951
3.399
3.652
1.906
3.629
3.49
1.885
3.962
2.961
1.802
3.795
2.354
1.664
3.967
1.857
2.659
1.601
3.135
2.472
2.477
1.77
1.749
3.031
3.789
3.116
1.545
3.935
2.396
2.106
1.968
3.618
3.683
3.636
1.95
2.829
3.418
2.798
2.349
2.283
1.702
1.877
2.274
2.161
3.47
2.174
2.988
1.636
3.982
3.396
3.299
2.253
1.641
3.048
1.64
3.972
2.481
1.982
3.47
3.086
1.514
2.743
3.833
3.867
2.571
2.575
2.329
2.853
2.848
2.975
3.038
1.607
1.933
1.604
2.35
2.628
1.852
3.826
2.681
2.207
2.654
3.095
3.286
2.802
3.037
2.731
1.602
2.637
1.981
2.035
2.337
3.631
2.377
2.613
3.141
3.044
3.854
3.868
2.366
1.685
2.689
2.865
2.152
1.719
2.911
2.234
3.159
3.516
2.79
2.055
2.712
1.626
3.188
2.254
2.342
1.925
3.926
2.023
3.673
3.998
2.499
2.272
1.55
2.787
1.66
2.44
3.556
3.482
1.866
3.753
1.992
2.973
3.606
2.756
1.612
3.5
3.324
3.685
3.18
3.169
3.635
2.713
2.03
2.844
2.483
1.942
2.679
1.812
3.098
2.146
3.438
3.745
2.558
2.569
1.953
1.513
1.747
2.937
3.722
2.208
2.578
1.692
3.235
2.056
3.836
3.132
3.124
1.994
3.761
3.298
3.351
3.043
3.651
3.979
1.69
1.527
1.551
1.526
1.847
2.383
3.849
3.083
3.98
3.034
2.583
3.18
2.561
1.699
2.19
3.806
3.093
3.145
1.968
2.904
2.431
3.829
2.268
2.958
1.722
2.007
3.306
2.328
3.205
3.213
2.45
2.564
2.85
2.592
3.137
3.647
3.22
2.506
2.875
2.321
3.51
2.784
1.973
1.736
3.332
1.592
1.787
3.739
2.824
1.66
1.691
3.0
3.843
3.819
1.757
3.228
3.931
1.765
2.488
3.508
3.089
2.227
1.679
2.101
2.691
3.358
1.87
3.722
2.113
3.509
3.988
3.14
3.321
2.298
3.828
2.105
3.445
2.297
2.351
2.716
3.068
1.966
1.902
3.326
1.539
3.548
2.031
3.695
2.955
2.345
2.182
3.541
2.913
2.778
1.783
3.573
2.422
2.49
2.4
3.97
2.985
2.116
2.635
3.499
3.697
2.928
2.909
2.21
3.639
3.033
3.756
3.939
3.19
1.727
1.911
2.624
2.312
3.942
2.739
2.763
3.319
2.657
2.289
1.593
1.61
2.114
2.352
2.16
3.271
3.574
2.527
2.944
3.198
3.675
3.685
3.64
3.653
3.947
3.767
3.01
1.778
3.544
3.846
2.798
3.254
1.877
2.627
1.841
2.44
3.134
1.845
3.284
1.563
3.443
2.06
3.319
1.912
2.085
2.886
3.809
3.917
2.023
2.958
2.052
1.633
2.659
3.189
3.433
3.395
1.529
3.587
2.722
2.135
1.716
3.812
2.097
2.716
2.228
2.018
3.476
3.402
2.16
3.113
2.775
2.225
2.943
3.062
2.233
3.371
1.558
2.442
3.683
3.621
2.558
2.637
1.813
2.135
3.979
2.432
1.846
1.962
2.461
3.104
3.968
3.052
2.081
1.6
2.339
3.394
1.693
3.178
3.563
3.251
2.42
2.175
1.542
2.894
1.807
3.042
3.874
2.96
2.417
1.88
2.52
2.019
1.711
2.666
3.375
2.517
1.661
1.668
2.292
3.618
2.621
1.865
1.98
1.71
2.855
2.408
1.61
3.221
3.575
1.54
2.737
3.322
3.975
2.401
2.319
2.844
3.522
3.654
2.677
3.162
1.851
1.985
2.352
1.936
1.813
2.062
1.964
2.539
3.354
1.544
3.101
2.663
2.452
3.679
3.985
2.933
3.575
2.724
3.799
1.941
2.888
1.502
2.65
3.047
3.255
3.654
3.91
3.382
2.757
1.692
3.609
2.132
2.204
1.939
3.14
2.962
3.44
3.019
3.242
3.315
3.1
2.051
2.086
2.903
1.837
1.813
2.952
3.012
2.725
2.118
2.921
2.776
2.37
2.843
3.652
2.92
3.309
1.646
1.873
2.402
3.873
2.194
3.923
2.134
1.961
2.134
2.363
1.913
3.381
1.666
1.873
1.702
3.049
2.278
2.672
2.982
1.534
3.027
3.545
2.022
3.21
2.626
