2.735
2.564
1.981
3.919
3.098
1.862
3.983
3.473
2.614
3.692
3.32
3.953
3.804
3.281
2.066
3.136
2.711
2.924
2.221
2.317
3.815
2.683
2.694
2.906
3.802
2.711
2.801
3.009
3.851
2.834
3.981
3.017
3.845
1.838
3.031
2.36
2.877
3.556
3.637
2.491
1.511
3.079
1.637
2.792
2.218
1.831
2.096
2.777
2.987
2.116
1.572
3.938
3.62
2.976
2.51
2.227
3.245
3.157
2.508
1.511
2.337
2.67
2.23
2.251
3.046
2.303
1.87
3.528
1.946
2.307
3.359
3.411
3.812
2.835
2.618
2.678
3.169
3.134
2.21
2.955
2.815
1.666
3.955
3.555
2.819
2.704
2.719
2.783
2.11
3.084
2.313
2.17
2.485
3.312
2.842
3.42
3.007
3.66
3.898
1.859
3.353
2.39
2.472
2.464
2.703
2.709
3.687
3.919
2.014
3.94
2.319
3.058
2.818
3.763
3.686
2.917
1.984
3.669
3.705
2.916
2.453
2.146
3.606
3.787
2.526
2.796
2.824
3.314
2.683
3.652
1.673
1.598
1.831
1.879
1.783
2.172
1.736
3.075
1.98
2.203
2.641
1.696
3.195
3.536
3.292
1.589
2.651
3.19
3.023
3.074
3.992
3.559
3.094
2.375
3.506
3.059
1.894
3.679
1.746
3.368
2.212
3.72
2.298
2.681
3.631
2.425
1.675
Error de lectura!!!
3.972
1.711
2.943
3.898
2.25
3.498
3.955
2.745
1.931
2.972
2.959
2.715
1.828
1.568
3.218
3.651
2.331
2.534
2.777
2.764
2.962
3.004
2.843
2.022
2.475
2.318
2.971
2.671
2.516
3.323
2.504
2.555
1.958
1.594
3.23
1.753
3.406
2.284
1.721
2.058
2.767
2.29
2.289
2.536
3.925
3.747
2.948
3.865
1.719
1.597
1.926
2.297
3.848
3.033
2.992
1.935
2.347
3.54
2.531
3.085
1.712
1.511
2.084
3.75
3.075
3.497
2.467
2.168
3.991
2.977
1.64
2.384
2.491
3.917
2.947
2.916
3.725
2.541
3.338
2.27
3.059
2.728
2.357
1.823
1.508
2.922
3.755
3.278
2.512
2.604
2.253
2.862
1.785
2.836
1.92
3.875
3.775
3.686
1.585
2.112
2.921
3.142
2.596
1.655
2.765
3.15
1.806
2.838
3.531
3.531
1.512
3.963
3.906
2.55
2.984
2.105
3.923
1.928
2.907
2.621
3.762
3.814
1.792
3.218
1.819
2.528
3.903
2.588
2.059
1.862
1.729
1.979
1.605
2.503
3.826
3.444
1.601
3.661
2.195
2.191
2.751
1.728
2.057
2.413
1.895
2.825
2.236
3.729
1.762
3.194
3.822
2.354
3.692
2.152
2.591
2.451
3.054
3.749
2.882
2.131
3.496
3.208
3.068
2.033
2.299
2.592
2.19
3.133
2.856
3.351
2.888
2.827
3.4
3.422
3.454
3.278
1.54
2.121
2.808
1.692
2.455
3.529
2.218
4.0
3.966
2.306
2.108
1.808
3.491
2.572
2.135
1.935
3.838
3.076
1.588
3.749
1.988
3.186
2.225
3.94
2.456
3.385
1.771
1.883
3.402
2.355
2.943
3.724
3.756
2.499
2.384
3.975
2.835
2.015
1.758
2.705
3.826
2.461
1.711
3.214
3.59
1.63
3.079
2.109
2.498
3.076
2.453
3.821
1.838
3.738
1.882
3.121
2.994
3.178
3.256
2.501
2.079
3.738
3.139
2.589
3.305
1.593
3.766
3.745
1.696
2.177
1.917
3.542
2.287
3.665
2.256
2.803
1.524
3.79
2.519
3.632
2.825
2.012
3.585
3.988
3.845
2.242
2.807
2.426
2.132
2.833
3.141
3.971
3.574
2.86
2.763
2.669
2.526
Error de lectura!!!
1.626
3.365
2.943
2.316
1.798
2.957
3.133
1.854
2.61
1.68
2.065
2.479
2.169
1.673
3.353
1.859
1.798
3.235
1.608
2.29
3.13
3.118
2.854
3.511
2.272
1.568
2.342
3.27
1.96
2.172
1.794
2.271
1.513
2.192
2.262
2.341
3.62
3.546
3.574
2.676
2.159
1.902
2.357
2.727
1.545
2.884
2.003
2.432
3.505
2.018
1.538
2.784
3.915
2.074
2.021
3.903
2.807
3.012
2.638
1.619
3.825
2.44
2.883
3.65
2.954
2.2
3.056
1.769
3.024
3.276
2.406
3.783
1.51
1.983
2.617
2.337
2.821
3.187
3.868
3.198
2.425
1.676
3.024
3.659
3.929
1.912
3.627
2.223
1.551
2.678
2.462
1.712
2.796
3.18
2.252
1.578
3.432
3.011
1.72
3.604
2.805
3.759
3.68
3.832
1.75
1.931
2.632
2.587
3.381
1.759
3.94
3.03
3.524
1.575
1.697
3.957
3.851
2.652
2.386
3.854
3.486
3.066
2.153
2.332
1.638
3.696
3.988
3.298
2.764
2.777
1.729
2.602
2.529
2.672
2.662
3.156
2.714
3.969
3.525
3.9
3.096
1.56
1.908
3.106
1.562
3.791
2.314
2.144
2.085
3.666
2.441
2.975
3.248
2.432
2.608
2.286
3.336
3.118
3.291
1.61
3.673
1.891
2.096
2.306
2.14
2.077
3.884
3.885
2.508
1.511
2.241
1.799
2.091
2.741
3.017
3.375
3.288
2.866
2.158
3.368
3.823
3.369
3.685
3.238
3.346
3.866
3.818
2.122
2.674
1.927
2.377
3.159
2.132
3.931
1.928
2.793
2.397
1.75
3.826
1.569
3.114
2.843
3.277
2.229
2.066
2.531
2.774
2.467
1.569
3.931
3.646
2.679
3.725
2.475
2.175
2.298
3.196
3.48
2.993
3.759
3.757
1.839
3.101
1.626
3.106
2.132
1.992
3.145
2.985
1.704
3.22
3.896
3.38
3.443
2.372
3.73
2.224
2.378
3.197
2.679
2.162
2.998
2.817
2.034
2.324
3.613
2.897
2.897
1.771
3.312
2.71
1.74
2.526
2.647
3.258
2.97
1.622
2.571
3.151
2.512
2.787
2.123
2.145
1.572
1.767
3.201
2.604
1.926
2.572
3.004
3.503
1.914
3.676
3.044
3.662
Error de lectura!!!
3.003
1.994
1.739
3.061
1.894
3.418
2.777
3.863
2.37
3.555
1.571
3.858
2.841
3.747
3.215
2.053
2.008
1.698
1.985
3.565
2.608
3.323
3.01
3.07
2.368
3.513
2.355
3.546
3.44
3.765
2.937
3.62
2.91
3.358
2.896
2.83
2.797
3.095
3.562
2.334
2.297
2.321
2.775
3.241
3.024
2.007
2.625
2.652
3.244
3.139
3.351
2.617
1.885
2.699
3.256
1.664
2.194
2.365
2.688
2.968
2.95
2.728
2.059
2.24
3.495
2.502
3.072
2.144
3.008
3.091
1.809
2.463
3.826
2.797
1.921
3.038
1.756
2.252
3.694
2.296
3.637
3.55
3.671
3.391
1.701
3.293
3.079
3.013
2.801
2.137
3.528
3.805
3.269
2.463
3.44
3.951
2.879
2.689
3.108
2.39
3.424
2.65
3.953
2.017
2.127
3.241
2.476
2.785
1.932
3.818
2.868
1.687
3.568
3.401
3.373
1.898
3.452
2.166
2.647
2.411
2.176
2.652
3.021
3.632
2.827
3.158
2.383
2.824
2.693
1.587
2.968
3.276
2.258
1.714
3.554
2.007
2.41
3.739
1.965
2.643
2.072
2.437
3.722
3.917
1.636
3.679
3.878
3.696
2.138
2.672
3.276
1.93
3.696
2.111
1.535
3.57
1.587
1.787
1.813
2.134
2.314
3.786
1.707
3.914
2.538
3.885
2.346
3.148
2.356
3.249
3.549
2.384
2.717
1.676
3.484
2.085
1.639
2.809
2.244
2.805
2.759
3.584
1.884
1.595
3.738
3.816
2.783
2.82
2.229
2.003
3.677
2.857
3.716
2.351
3.478
1.704
3.938
3.516
2.498
3.632
3.791
2.228
3.576
2.016
1.772
3.905
2.371
1.64
2.571
3.262
2.19
3.432
2.645
2.725
2.978
2.183
2.315
1.909
3.086
3.747
3.247
3.018
2.464
3.014
3.59
2.793
3.278
1.602
3.6
3.235
2.703
1.814
1.833
3.652
3.595
3.799
2.132
2.349
3.817
3.436
3.415
2.105
3.304
2.617
3.953
3.591
1.681
3.5
1.912
3.978
1.921
3.542
2.225
2.295
1.744
3.706
2.205
2.742
2.106
3.14
1.753
2.966
2.506
3.791
3.737
2.363
1.893
3.392
3.789
2.401
3.54
2.26
2.651
2.366
3.483
2.321
1.861
2.509
2.437
3.698
1.829
2.06
2.067
3.224
3.623
2.321
3.832
3.735
2.944
1.752
2.657
1.95
2.353
3.177
2.235
1.694
2.224
2.83
1.975
2.741
2.393
2.909
3.234
1.809
2.53
3.376
2.778
3.115
3.541
2.68
2.592
3.768
3.566
3.96
3.122
3.025
3.426
3.25
1.591
2.632
1.65
1.881
1.95
2.12
3.883
3.866
2.198
3.333
2.685
3.994
1.508
3.551
2.285
3.252
3.419
2.351
2.758
1.805
2.53
2.408
2.282
3.551
2.587
3.034
2.823
3.248
3.01
1.877
2.066
2.526
2.52
1.637
2.715
2.924
1.669
3.818
2.12
2.899
2.78
1.538
3.929
3.809
1.86
2.391
1.735
2.255
3.41
2.411
3.098
3.026
1.733
2.185
3.108
2.149
2.957
3.232
3.956
2.645
3.063
2.089
1.677
2.779
3.392
3.995
1.971
3.624
2.693
1.982
2.203
3.038
2.438
2.106
1.989
1.554
3.275
3.314
1.96
2.466
3.807
2.519
2.085
2.497
3.359
2.129
3.263
2.344
3.552
3.024
2.787
2.003
2.41
3.112
2.026
1.758
2.15
3.714
1.819
1.934
3.898
3.996
3.311
1.664
3.515
1.515
3.053
1.926
1.902
2.61
2.993
1.581
3.658
1.802
1.906
3.135
2.036
2.004
3.753
3.202
2.806
1.641
3.292
3.964
3.614
3.705
2.836
1.661
3.281
3.704
2.235
3.969
2.356
2.736
1.708
3.361
3.97
3.586
2.047
3.996
3.987
1.888
3.209
1.785
3.252
1.669
3.199
1.515
2.382
3.895
3.76
2.223
1.524
1.862
2.083
1.714
3.437
3.829
1.525
3.574
3.887
2.268
2.973
2.333
1.643
1.547
3.344
3.559
2.464
2.778
2.929
2.731
1.867
2.055
3.873
1.878
2.537
3.428
3.068
3.571
3.032
3.04
2.728
2.525
2.482
3.918
1.545
3.394
3.869
3.614
2.65
1.782
1.865
2.624
2.168
1.514
3.873
1.635
1.864
2.233
2.12
3.093
1.758
3.277
1.843
1.528
2.516
3.064
1.895
2.123
3.69
2.301
2.201
2.048
2.425
3.263
3.179
2.72
2.537
2.63
3.152
2.12
2.645
2.875
2.817
3.209
3.931
3.05
3.505
1.83
2.864
3.053
3.981
1.504
3.765
2.692
2.508
2.014
2.145
3.3
3.457
3.777
3.177
3.127
2.77
3.337
3.011
3.786
2.16
2.558
1.707
3.479
2.568
2.421
2.619
2.916
2.489
3.215
3.733
2.951
3.57
1.613
2.834
3.307
2.827
2.102
2.371
3.202
2.158
1.71
3.412
3.924
1.647
2.718
3.228
3.219
1.52
3.767
2.972
1.61
2.834
1.892
3.505
2.592
2.852
3.468
3.031
3.648
2.362
2.058
3.516
1.992
2.162
1.742
2.365
2.998
3.789
1.801
1.608
3.519
2.649
3.358
2.323
1.661
2.039
3.202
3.463
2.054
2.909
3.884
1.907
3.777
2.691
2.416
3.826
2.089
3.137
2.09
1.825
2.923
1.651
2.797
3.202
3.789
3.108
2.426
3.877
2.611
3.222
2.45
3.5
1.659
3.884
2.127
2.462
2.687
2.401
3.707
1.785
3.948
2.16
2.96
3.786
3.597
1.868
2.946
3.704
2.746
1.796
2.462
2.342
1.854
2.404
3.074
3.814
1.618
3.548
2.4
3.53
3.185
3.076
2.487
1.791
2.635
2.612
3.983
2.295
3.98
3.725
3.436
3.574
3.031
3.234
3.244
3.117
3.067
1.752
1.705
1.645
2.181
3.13
3.917
3.19
1.838
2.73
2.826
3.259
3.875
2.773
3.79
3.565
2.521
3.373
2.348
3.364
3.923
2.22
3.282
3.74
3.066
1.933
3.13
3.781
1.631
3.316
2.535
3.326
3.468
2.989
3.524
3.944
2.72
2.759
2.913
2.235
2.167
2.17
2.157
2.644
3.172
1.983
3.916
3.228
2.615
3.173
3.801
1.691
3.313
1.654
2.004
3.903
2.961
3.553
3.615
2.249
2.787
2.717
3.384
3.657
3.214
1.761
3.448
2.003
2.569
1.819
2.938
2.226
1.767
2.72
2.579
3.416
3.156
3.127
1.802
1.701
2.58
2.427
3.092
3.725
2.868
2.784
3.031
3.628
2.95
2.78
3.392
1.972
3.372
2.485
3.506
1.659
2.361
2.452
2.729
2.559
1.998
3.96
2.592
2.776
2.054
2.908
3.087
3.05
3.277
3.15
3.678
1.77
2.978
3.886
3.702
3.503
1.631
3.207
1.877
2.17
2.468
3.272
2.407
1.742
1.655
3.154
2.835
3.625
1.819
2.872
2.715
2.58
3.174
3.657
Error de lectura!!!
2.066
2.795
3.038
3.33
3.252
1.577
3.486
3.08
3.763
3.611
2.648
3.655
2.198
2.828
1.694
2.551
3.937
3.95
2.44
1.617
1.836
3.05
3.412
2.484
2.596
2.36
3.373
2.857
2.258
3.856
2.255
2.445
3.439
1.516
1.538
1.846
2.161
3.811
2.883
3.409
2.433
2.56
2.4
2.833
2.829
2.301
1.762
3.755
1.835
2.983
2.512
2.322
2.046
1.697
3.549
1.836
1.861
2.854
3.154
2.616
3.495
3.802
3.321
2.901
2.383
2.417
2.94
1.545
3.627
2.811
2.828
3.351
2.007
1.78
3.445
2.114
2.66
3.593
2.118
2.775
2.03
3.292
2.526
2.076
1.997
1.863
3.471
2.183
2.463
2.834
3.284
2.852
2.07
2.802
2.404
2.22
2.601
2.681
3.253
2.221
3.469
3.374
1.583
2.636
3.51
2.762
2.816
2.724
3.98
2.968
2.549
2.965
2.149
1.903
3.411
1.99
2.959
1.673
3.69
3.127
3.317
3.13
2.695
2.575
1.922
3.382
3.346
2.991
3.113
3.686
3.259
2.747
1.718
2.23
2.022
3.982
2.84
3.206
2.541
2.502
3.981
1.986
1.93
1.847
3.577
2.992
3.132
2.209
1.54
2.767
2.569
2.997
2.171
3.692
3.831
3.742
3.514
3.724
3.669
2.452
3.945
3.043
2.637
3.412
3.1
2.867
2.461
2.992
2.558
2.491
3.654
2.669
3.896
2.307
1.947
2.273
3.28
2.839
2.275
1.967
2.488
2.309
2.558
3.378
3.212
1.603
2.507
3.48
3.766
3.697
2.487
2.618
1.695
2.337
3.559
3.123
3.7
2.758
3.299
3.628
2.554
2.074
3.633
2.775
3.341
1.69
2.273
1.935
2.303
2.213
1.861
3.281
3.809
1.838
2.996
3.412
3.647
1.641
2.206
3.412
3.119
3.827
2.478
1.968
1.965
1.592
1.895
3.184
1.908
2.374
3.694
1.968
2.63
2.435
3.433
2.355
2.0
2.56
1.719
2.656
3.017
2.416
3.065
2.228
2.016
1.912
1.677
2.689
3.143
1.51
2.991
1.589
3.618
3.162
1.597
3.225
3.59
2.517
3.633
2.527
3.224
2.069
1.521
3.508
1.695
2.988
1.872
2.372
3.137
1.71
3.032
3.967
2.686
2.8
2.285
1.658
2.492
2.72
2.649
3.596
3.935
1.745
2.993
3.325
3.353
2.792
2.713
3.485
3.481
2.765
2.545
3.267
2.585
2.015
1.937
1.613
2.547
3.874
3.983
2.769
3.112
3.671
2.459
1.98
2.891
1.954
2.905
2.586
2.231
3.288
2.325
3.611
3.376
2.689
1.694
2.798
2.999
3.349
2.806
3.908
3.135
2.859
3.503
2.706
1.526
2.891
2.05
3.423
3.765
3.136
3.07
3.697
1.577
3.224
1.605
2.674
1.963
3.625
3.066
2.567
2.64
2.589
3.212
1.731
2.17
2.25
1.842
2.776
3.81
2.153
2.339
1.573
2.977
1.729
2.906
2.408
2.8
3.175
2.379
3.066
3.13
2.87
2.333
3.56
2.571
3.414
3.091
1.612
3.085
3.264
2.237
1.611
3.207
2.688
3.018
3.594
3.904
3.1
2.838
3.505
3.07
2.226
2.636
3.248
3.212
2.357
3.142
2.222
1.708
2.688
2.077
3.681
3.846
1.833
2.821
3.823
1.649
3.32
3.8
3.051
3.041
2.226
3.636
1.766
2.943
3.224
3.116
1.962
2.225
3.148
2.936
2.993
2.908
1.915
1.884
3.504
1.655
1.942
2.651
2.358
1.505
2.267
2.536
2.823
3.986
1.779
2.565
3.243
2.444
3.693
2.201
2.553
2.724
3.568
3.056
2.997
2.893
1.826
3.984
2.501
1.749
1.982
1.899
2.562
1.505
2.869
3.433
1.861
3.596
3.945
3.536
1.892
2.718
3.462
1.854
3.66
1.971
3.02
3.745
2.486
2.887
3.447
3.212
2.19
2.753
1.731
3.23
2.531
1.652
2.112
3.414
3.055
1.531
2.146
3.697
2.99
1.556
2.34
3.513
2.245
2.401
3.802
3.536
1.634
3.846
3.448
3.804
3.536
3.719
3.467
2.991
3.455
2.042
2.915
2.088
1.89
3.186
2.653
2.525
3.022
3.552
1.737
3.515
2.285
2.923
3.29
3.89
2.262
1.849
1.624
1.731
3.783
2.704
2.772
2.601
3.325
3.304
3.542
1.83
1.825
2.761
3.251
2.693
3.678
3.442
2.726
1.939
2.757
3.252
3.13
2.546
2.657
1.843
3.439
2.464
1.901
2.214
3.634
3.756
2.256
3.736
3.228
2.254
2.733
1.869
2.454
3.321
1.785
2.109
2.882
2.533
1.919
2.138
3.59
2.261
1.582
3.094
3.227
2.223
2.423
3.463
3.959
1.636
3.21
3.599
2.819
2.333
3.53
3.529
2.187
3.195
1.629
2.359
3.805
2.1
2.669
2.296
2.091
3.913
2.771
3.599
2.566
2.384
3.205
2.525
2.806
2.641
1.873
3.026
1.557
3.367
3.836
3.636
2.465
3.909
3.933
2.177
3.927
3.527
2.219
3.82
3.072
1.985
1.961
2.02
3.309
2.304
2.069
2.467
2.36
2.036
2.359
3.449
1.697
3.105
3.253
2.455
1.92
2.045
3.575
3.591
1.793
2.482
3.66
3.821
2.416
2.673
3.655
1.625
3.02
3.556
2.471
1.656
1.672
1.672
2.752
2.414
3.189
3.431
2.908
3.543
1.661
2.675
1.954
3.768
2.277
3.236
1.63
2.874
3.25
3.069
2.878
2.866
3.879
1.777
3.331
1.878
2.786
2.175
3.927
2.834
1.8
2.059
1.701
1.61
3.008
3.601
2.919
2.861
1.991
2.269
2.623
2.951
2.497
2.212
3.375
3.159
3.692
2.251
1.611
3.526
1.971
3.547
2.137
1.975
3.414
3.571
1.776
3.002
3.001
2.057
3.902
1.87
3.053
3.588
1.594
1.534
2.74
2.623
2.049
1.593
3.537
3.119
2.537
2.802
3.961
3.982
2.629
1.864
2.939
3.869
3.58
3.607
3.547
3.758
3.873
1.765
2.044
3.054
3.766
1.555
3.38
3.27
1.623
2.913
3.795
2.026
2.532
3.606
2.01
2.455
1.99
2.072
2.252
3.748
3.152
1.981
3.046
1.837
1.669
2.258
3.321
2.514
2.044
2.505
2.841
1.569
3.226
3.666
2.777
3.224
2.834
2.784
2.546
2.455
3.758
1.948
3.66
3.197
3.973
2.738
2.613
2.099
2.994
2.676
3.647
2.915
3.728
3.047
3.387
3.619
2.209
2.546
1.568
2.912
2.424
3.036
1.615
2.273
3.125
1.587
2.806
2.334
3.283
3.026
1.921
2.225
3.226
3.273
1.672
1.81
1.632
2.057
1.606
2.909
2.71
1.985
3.781
3.538
1.691
3.737
3.694
2.724
1.835
1.999
3.712
2.391
2.751
3.959
1.513
2.96
1.94
3.292
2.545
2.876
2.935
2.177
1.997
3.65
2.351
3.112
3.703
2.179
2.9
3.462
2.611
1.528
2.487
3.253
2.144
1.523
2.261
3.784
3.001
3.056
1.944
2.148
3.566
2.465
3.064
3.806
2.356
2.181
3.799
2.132
2.463
2.268
2.209
2.7
3.351
3.159
3.75
3.558
2.614
1.771
1.9
3.447
1.653
2.36
2.687
3.113
1.667
3.184
2.966
3.048
3.451
2.88
3.904
1.819
1.885
2.622
3.338
2.986
2.488
3.733
2.531
3.173
1.879
2.046
2.809
3.966
3.662
1.561
1.908
2.848
3.315
3.443
3.175
3.566
3.843
3.985
3.954
2.847
2.187
3.015
1.522
3.355
3.431
1.702
1.804
2.508
2.433
2.309
2.08
2.155
2.866
2.413
1.553
3.509
3.91
1.651
1.865
3.394
1.761
3.743
3.968
2.872
2.842
2.844
3.487
3.772
1.713
2.565
2.407
1.84
2.0
2.41
2.111
2.669
2.021
2.869
3.071
1.665
3.259
2.33
1.96
2.487
1.604
3.737
1.709
2.249
2.227
2.845
2.359
3.472
3.069
1.577
2.624
1.555
3.369
2.526
2.319
2.728
2.536
3.116
3.931
3.009
1.549
2.195
2.223
2.409
3.968
2.018
2.752
3.35
2.393
2.933
3.081
2.858
2.415
3.965
3.434
2.845
3.676
3.5
3.714
3.41
1.583
1.651
2.055
2.336
3.414
3.163
3.594
2.297
2.084
3.781
1.894
1.589
3.25
2.045
2.929
2.651
2.704
1.673
2.267
3.502
1.958
2.793
3.059
2.367
2.741
2.173
3.231
1.683
1.627
3.842
2.61
1.614
3.965
2.924
3.916
2.283
3.514
1.552
2.452
3.793
2.051
2.649
1.714
3.077
3.156
3.603
1.817
2.343
3.237
2.317
2.173
2.569
3.254
3.05
2.577
2.705
2.38
1.735
3.245
3.939
2.643
2.062
2.853
3.342
3.191
3.253
3.609
2.0
3.894
3.106
2.55
2.562
3.105
2.077
3.202
1.63
3.182
3.042
2.541
2.282
3.155
2.814
3.797
2.543
1.723
2.234
2.095
2.842
3.6
3.019
2.825
3.774
3.064
3.416
3.518
1.803
1.908
2.016
2.474
2.745
2.86
2.37
3.169
2.994
3.69
1.623
1.948
2.069
3.006
2.566
3.002
2.491
1.989
2.224
2.939
3.041
3.305
2.525
1.927
2.56
2.412
3.892
2.202
2.238
3.209
2.078
2.945
2.52
1.736
3.772
3.902
3.108
2.355
3.077
2.294
3.864
2.456
1.942
3.749
2.965
3.719
2.007
2.523
3.168
2.616
3.673
1.513
2.276
2.828
3.327
2.217
3.674
1.964
3.671
3.329
3.138
2.766
3.523
3.791
2.413
3.135
2.517
3.402
3.439
2.496
2.433
2.641
2.026
2.674
2.883
2.341
2.059
3.094
2.286
3.934
2.758
2.95
2.439
2.732
3.137
3.549
3.117
3.968
1.978
3.645
3.134
2.323
2.423
3.782
1.51
2.237
2.91
2.964
1.958
1.596
2.539
2.036
2.122
2.122
2.034
3.763
3.295
2.96
3.34
3.002
2.173
3.245
2.61
2.996
3.141
1.796
2.017
3.899
2.194
3.911
3.828
3.585
3.775
2.15
2.413
1.897
3.442
3.318
2.062
1.844
3.385
3.352
2.637
2.001
3.199
3.208
1.686
2.733
3.152
2.506
2.683
3.54
3.823
3.461
2.589
2.54
3.076
2.023
1.996
3.849
2.179
3.107
2.015
2.138
2.225
1.617
3.371
3.805
3.143
3.341
2.244
2.968
3.337
3.759
3.753
3.194
3.78
2.053
2.539
1.593
2.038
1.818
3.256
2.597
1.878
2.063
2.446
2.844
3.083
3.391
2.998
3.058
2.096
3.789
3.293
2.882
1.737
3.429
3.254
3.024
3.144
3.297
2.702
3.462
3.431
3.753
2.02
1.883
2.272
3.574
3.08
1.662
3.23
3.675
3.119
2.85
2.409
2.826
3.233
3.307
3.012
3.101
1.587
3.707
1.832
2.89
3.085
1.556
2.972
3.029
2.959
3.758
2.266
3.164
1.911
2.214
1.998
1.589
2.025
3.266
3.437
2.132
2.375
2.32
2.643
2.922
2.92
2.774
3.792
3.387
3.236
1.99
1.883
2.833
3.799
2.94
3.084
3.558
3.202
1.94
2.69
1.748
3.163
1.565
3.949
2.834
2.525
3.04
2.304
1.53
3.206
3.706
3.628
1.975
3.232
3.952
1.861
1.923
2.113
2.76
2.429
3.769
2.283
3.431
3.127
1.728
3.549
2.336
1.663
2.953
3.611
3.913
2.321
1.946
2.336
3.47
2.926
3.023
1.883
3.534
1.572
3.302
1.971
3.559
2.117
3.841
2.477
3.123
3.979
1.647
1.712
2.398
3.494
3.711
1.975
3.647
2.491
3.933
3.189
2.092
3.306
3.345
3.058
3.381
1.699
3.005
3.347
2.176
1.698
2.504
2.419
2.399
3.198
2.072
2.523
2.111
3.129
1.609
2.66
2.507
2.408
2.14
2.829
2.155
3.353
3.769
3.296
3.235
2.697
3.204
3.506
3.08
1.574
3.925
1.834
1.763
2.044
3.593
3.231
3.177
1.919
1.867
3.139
3.711
1.964
2.221
2.678
2.932
1.831
1.567
1.853
3.917
2.235
3.302
3.771
2.815
2.392
2.107
1.595
3.763
3.886
1.684
2.234
2.407
2.85
3.58
1.834
2.176
3.087
1.84
2.23
3.981
3.345
1.841
3.007
1.927
2.022
3.949
2.968
3.516
3.652
2.931
1.711
2.228
3.665
3.673
3.015
1.794
2.648
2.73
2.298
2.582
2.068
2.607
3.272
3.93
3.011
2.442
2.105
1.853
2.138
2.576
1.853
3.458
3.675
3.741
3.858
2.301
3.574
2.624
2.123
3.434
3.973
3.298
3.973
1.947
2.983
2.278
2.051
1.8
1.678
1.866
1.516
1.849
2.653
1.721
3.065
3.938
2.947
2.781
3.82
2.549
2.905
2.084
2.452
2.461
2.783
2.125
3.063
2.455
3.436
3.312
2.754
3.033
2.84
3.556
2.641
1.964
3.392
3.542
2.701
2.958
2.293
3.343
1.837
3.713
1.617
3.497
3.081
1.647
3.435
3.191
2.43
3.499
3.218
3.249
1.892
1.787
2.91
1.851
3.733
2.223
1.589
2.27
2.59
3.199
1.948
3.439
3.468
1.707
3.988
3.513
2.36
1.926
1.506
2.713
3.386
3.451
3.885
1.906
3.395
3.898
3.416
3.781
1.688
3.294
1.804
3.774
1.897
3.616
1.993
1.718
3.195
2.122
2.939
1.617
3.039
1.505
1.949
2.116
2.868
2.834
3.584
1.665
3.816
2.369
3.687
1.627
2.053
2.473
3.587
1.999
1.978
2.464
3.353
2.866
1.527
1.728
3.497
2.986
1.802
1.849
3.276
2.9
2.955
2.238
1.667
3.862
3.719
2.82
3.752
2.017
2.158
3.627
3.324
3.657
3.307
3.222
1.909
3.05
3.234
1.681
2.103
1.928
1.843
2.336
2.421
1.697
3.268
2.249
3.84
3.265
3.563
2.301
2.125
1.842
2.532
2.751
2.005
2.581
1.917
1.824
1.685
2.093
2.183
1.811
2.999
2.081
3.805
2.362
3.808
3.045
1.511
1.909
3.663
3.13
2.752
2.434
2.875
2.749
3.003
3.932
1.524
2.101
3.001
3.293
2.619
2.305
1.892
3.442
3.847
2.419
3.43
1.965
3.962
3.079
3.608
2.884
3.451
2.308
3.071
3.978
2.521
3.291
3.003
3.413
2.932
1.658
3.017
1.571
2.68
2.168
3.083
2.47
2.856
2.912
3.197
2.695
3.416
2.129
2.284
2.532
2.137
1.638
1.593
3.195
Error de lectura!!!
3.462
3.509
2.879
2.269
3.612
2.434
2.285
1.517
1.658
2.92
3.01
2.243
3.565
3.257
3.316
3.281
1.575
2.56
3.097
3.259
3.652
3.161
3.434
2.633
3.587
3.443
2.304
1.56
1.695
2.266
3.96
2.813
3.219
3.61
2.806
2.508
2.822
2.864
3.924
3.782
2.301
3.498
3.134
3.088
3.747
2.362
2.605
3.853
1.709
2.72
3.149
2.205
2.603
1.933
2.886
2.664
2.197
1.778
3.669
2.246
1.969
2.491
2.467
1.646
1.564
2.864
2.37
3.511
2.334
3.414
2.985
1.77
3.939
3.26
2.394
2.044
3.833
2.711
3.69
3.653
1.783
2.515
2.956
2.33
2.957
2.136
1.924
2.655
2.079
3.307
2.524
3.565
2.817
2.421
3.51
2.065
3.458
2.021
1.509
1.931
1.812
2.68
3.886
3.274
2.603
3.115
2.934
3.005
1.818
2.623
2.908
3.293
2.559
1.986
2.979
3.91
3.069
2.103
2.9
2.814
2.121
1.867
3.779
2.074
1.599
2.993
2.207
3.929
3.028
3.133
2.299
3.583
3.205
1.77
2.051
1.87
2.857
3.814
1.691
2.402
2.661
3.347
3.282
3.894
3.779
2.42
3.132
3.865
2.743
2.345
2.151
2.82
1.95
2.884
3.007
3.041
3.933
2.568
3.654
2.555
3.828
2.756
2.778
1.76
1.787
3.303
2.416
2.979
2.064
3.022
3.385
1.684
2.4
2.805
2.423
3.782
3.225
3.936
3.398
3.479
3.307
2.911
1.868
2.1
2.252
2.915
3.877
2.254
1.635
1.702
3.155
2.299
2.447
3.429
3.693
2.738
3.736
3.004
1.952
2.485
3.579
2.884
1.6
1.862
3.032
3.692
3.09
2.13
3.552
1.658
1.889
3.201
3.797
3.528
2.795
3.782
2.547
1.731
2.064
1.743
3.883
2.7
3.54
3.713
2.499
3.747
3.265
2.744
1.69
2.914
3.64
1.728
3.687
2.54
2.109
1.997
2.94
1.73
2.818
2.786
1.609
3.105
1.73
1.619
1.966
3.953
2.412
1.901
2.711
2.419
2.946
3.616
2.124
2.215
3.19
2.33
3.901
3.443
3.778
3.751
3.028
2.028
3.429
2.249
2.338
2.552
1.938
2.353
3.601
1.954
2.581
3.489
3.683
2.173
3.44
1.521
2.362
2.836
3.092
2.697
2.379
3.084
2.32
2.136
3.177
1.897
3.259
2.922
2.454
1.549
2.404
3.991
2.921
2.674
1.965
2.617
2.548
2.541
2.355
2.3
2.767
2.995
1.787
1.906
2.595
2.76
2.849
3.364
3.273
2.219
1.875
2.016
2.479
2.899
2.71
2.085
3.603
1.666
3.956
2.753
3.182
2.957
2.773
2.031
3.872
3.162
3.224
3.721
3.934
3.353
1.675
3.81
2.394
3.261
1.729
2.244
1.785
3.345
3.715
2.06
3.375
2.314
3.743
2.663
2.434
1.82
2.07
3.906
2.892
3.73
3.813
1.582
3.603
3.265
3.006
3.068
3.05
2.641
2.099
2.153
3.445
2.299
2.187
2.774
2.831
2.369
3.41
2.49
3.095
1.757
3.599
3.868
1.611
3.097
3.016
2.613
3.581
3.74
2.083
3.107
2.821
3.683
3.592
3.905
3.072
2.636
1.963
2.536
2.522
3.936
2.503
1.796
3.317
1.867
1.966
1.951
2.961
3.501
3.397
3.881
1.797
3.243
1.536
2.992
2.233
2.56
1.543
3.491
2.49
3.287
3.847
3.989
1.877
2.039
1.571
3.901
2.005
2.278
1.608
2.347
2.294
2.719
3.577
3.808
1.551
2.017
3.13
2.993
3.072
2.012
1.92
3.237
1.842
2.252
2.977
3.331
1.622
3.82
3.457
3.606
2.098
1.998
2.847
2.646
3.644
2.897
2.726
3.731
2.984
3.113
2.287
2.686
3.225
1.926
2.553
3.54
2.353
2.065
3.457
2.493
2.1
1.523
1.606
3.46
3.002
2.966
3.604
3.576
2.785
3.965
1.546
3.646
3.65
2.813
3.929
2.452
1.628
2.537
2.994
2.485
1.953
2.738
3.649
3.331
1.607
3.699
2.649
3.833
1.67
1.823
2.114
3.487
1.647
2.331
3.268
3.323
3.781
2.792
3.387
3.023
3.682
3.803
2.403
3.605
2.545
1.586
3.273
3.891
2.01
3.937
2.092
2.299
3.78
1.62
2.313
2.949
1.873
3.426
3.082
2.404
2.991
1.811
2.043
2.53
3.287
2.732
3.898
3.624
2.502
2.968
2.125
2.685
3.314
3.263
2.496
2.894
3.907
1.642
2.451
2.226
2.24
1.761
2.961
3.125
2.616
3.034
1.988
1.781
3.767
2.574
1.951
3.405
3.378
2.356
3.793
3.683
3.414
2.412
2.731
3.17
1.832
1.919
1.992
2.682
1.908
3.51
3.798
2.855
1.613
1.935
1.718
2.681
2.162
3.437
3.045
1.949
3.67
3.273
1.701
2.708
3.287
1.894
3.492
2.765
3.331
1.868
3.472
2.962
3.808
3.5
1.848
3.852
3.819
1.683
3.267
3.463
1.88
1.996
3.506
2.924
2.011
2.089
2.955
2.973
2.348
2.086
3.06
3.631
2.218
2.561
2.871
2.74
2.736
2.577
3.206
3.316
3.234
1.828
2.783
3.714
3.702
3.614
3.642
1.532
3.022
2.694
2.926
3.371
3.564
3.382
2.508
3.384
1.855
2.751
2.052
2.874
2.398
2.372
1.861
1.61
3.185
1.596
2.333
1.765
2.335
1.862
3.062
3.88
2.419
3.818
2.41
2.229
2.999
1.704
1.695
3.188
3.418
2.433
2.122
3.667
1.861
2.789
1.913
3.093
3.682
1.717
2.154
2.747
3.82
2.63
2.553
2.89
3.99
3.013
3.004
2.413
3.16
2.036
1.701
3.142
3.846
1.923
3.123
2.423
3.487
2.581
3.683
1.543
1.687
3.282
3.055
2.304
2.491
2.782
2.047
3.624
1.928
2.68
3.583
2.445
2.92
2.91
3.147
3.392
3.238
3.221
3.178
3.189
3.903
2.879
2.274
2.519
2.838
3.901
3.303
1.869
1.657
3.01
3.251
3.826
1.955
2.516
3.786
2.224
2.256
2.351
2.308
3.19
3.085
2.338
1.852
2.594
2.9
1.886
3.202
3.41
1.671
3.548
3.282
3.475
3.627
3.87
3.43
1.909
1.843
2.74
3.978
3.759
3.41
2.622
3.138
2.301
2.371
2.119
1.795
1.596
2.596
3.381
3.96
2.56
2.125
3.666
2.83
3.201
1.725
2.84
3.738
3.056
2.54
2.653
1.653
3.51
2.366
3.991
1.779
2.144
3.505
3.928
3.218
1.66
3.51
1.7
2.571
3.905
3.492
3.675
2.036
1.757
3.037
1.601
1.834
2.936
3.924
1.607
3.784
3.512
3.089
1.548
3.863
2.638
2.576
3.09
2.747
2.915
3.355
1.635
2.083
3.009
3.26
3.639
3.029
2.661
2.725
3.354
2.085
3.102
3.419
1.975
2.732
2.063
3.882
1.697
3.08
3.061
3.717
2.551
3.612
2.284
2.966
2.159
2.802
3.47
3.855
2.353
3.597
2.467
1.604
2.94
2.192
1.688
3.609
2.6
2.393
3.085
1.891
3.431
3.789
1.728
3.797
2.78
2.277
3.932
1.866
1.509
2.119
1.694
3.673
3.05
3.334
1.824
3.617
2.71
3.778
1.559
3.659
2.774
2.788
3.247
2.956
1.905
3.373
2.933
2.763
2.732
3.482
3.69
2.089
2.24
2.988
3.527
1.834
2.249
2.891
3.53
3.411
3.958
3.294
3.689
3.228
3.87
2.917
3.12
1.633
3.423
2.737
2.828
3.355
3.441
3.71
3.546
3.84
3.544
1.747
2.351
1.555
3.632
2.895
2.15
2.817
2.087
3.866
2.707
1.802
2.695
3.131
2.393
2.543
2.502
1.692
1.618
2.238
2.046
1.622
3.357
3.326
3.364
3.26
3.653
2.119
1.84
2.925
1.508
3.501
3.127
1.921
2.734
2.86
3.411
3.218
3.203
2.102
1.538
1.862
1.731
3.67
3.936
2.25
1.501
2.14
2.54
3.537
2.895
2.685
3.132
2.502
2.567
2.027
3.557
2.86
2.916
3.521
2.253
3.615
2.926
3.329
1.641
3.108
3.082
3.223
2.551
3.153
2.73
1.808
2.102
2.434
3.886
1.674
2.144
2.66
1.71
2.314
3.791
2.935
3.224
1.658
3.374
3.854
3.9
1.859
3.165
1.936
1.766
1.816
3.063
3.533
3.78
2.612
1.933
2.975
3.737
2.305
3.963
2.58
3.963
3.435
3.441
3.77
3.946
2.995
3.697
2.102
3.551
2.635
3.061
3.269
1.739
2.691
1.733
3.005
2.382
1.791
3.306
2.856
3.791
2.874
1.761
2.694
3.432
3.621
2.491
1.83
2.123
3.05
3.859
3.193
1.582
2.107
3.486
3.992
3.891
2.534
2.468
1.9
3.392
2.13
3.685
3.268
2.521
3.764
3.244
1.509
2.081
2.538
3.489
3.163
2.114
2.703
3.653
2.503
3.194
3.912
2.856
2.107
2.824
3.173
1.837
1.948
3.008
2.262
2.102
2.469
3.332
2.853
3.943
2.62
1.894
1.809
1.952
2.663
2.212
1.968
3.056
2.643
1.881
3.001
2.104
3.021
2.419
2.829
3.275
2.753
3.488
2.396
1.806
2.919
2.554
3.456
3.639
1.594
2.415
3.132
3.523
2.65
1.527
3.077
2.977
3.065
3.142
3.378
3.852
2.624
3.817
2.659
3.155
3.22
3.795
3.496
3.235
3.742
3.631
2.235
1.662
2.886
3.766
1.777
2.641
3.485
3.447
1.915
2.099
2.346
2.609
3.504
3.629
2.764
2.388
2.593
3.823
2.77
2.548
3.043
2.011
2.37
3.2
1.694
3.639
3.868
3.203
2.563
1.667
3.756
1.806
3.833
3.865
1.639
1.897
2.988
3.152
2.33
3.667
2.913
2.735
2.495
3.977
1.921
1.867
3.787
2.833
1.982
2.777
3.782
2.35
2.093
1.757
1.742
3.945
3.583
3.94
2.299
3.24
1.959
3.699
2.542
3.688
2.708
1.572
3.694
2.945
3.264
3.799
2.086
2.299
3.071
3.307
1.847
1.921
2.773
3.823
2.271
3.031
1.65
2.663
1.971
3.032
3.365
2.223
2.544
3.34
1.691
2.47
3.892
1.743
3.805
2.934
3.003
1.721
2.343
3.084
1.706
2.772
3.337
2.764
1.783
2.312
3.549
2.991
2.0
3.627
3.402
2.988
1.611
1.649
3.449
2.57
3.393
1.631
1.627
3.852
3.8
3.805
3.201
3.13
1.981
1.659
2.245
3.247
2.234
2.17
2.586
3.317
3.814
2.959
2.488
2.442
3.691
3.326
2.894
2.951
1.787
3.825
1.878
3.514
1.629
1.945
3.609
2.262
3.606
2.024
3.181
3.678
1.553
1.921
3.431
1.613
2.896
2.225
1.568
2.632
3.973
1.878
2.783
2.097
1.809
2.177
2.955
2.936
2.707
2.252
2.374
2.193
3.558
2.153
1.841
3.883
3.458
3.836
1.784
1.77
3.04
3.997
2.553
3.253
1.509
2.262
3.601
3.449
3.623
1.721
2.724
3.674
1.615
2.116
2.75
3.566
2.61
3.109
3.354
2.396
2.089
2.205
2.891
2.972
2.297
2.727
1.795
3.902
3.045
3.029
2.791
2.981
2.921
3.222
2.77
1.767
3.829
2.572
3.049
3.323
3.05
3.841
3.525
3.528
1.645
3.857
1.513
3.758
3.952
3.716
1.85
3.994
3.286
2.841
2.92
1.816
2.591
3.852
3.34
3.634
2.534
2.682
3.618
2.71
1.764
1.528
2.369
3.643
2.405
3.946
2.299
3.409
2.243
3.281
3.684
1.927
2.932
1.589
3.163
2.164
3.917
1.573
3.152
3.16
3.792
3.103
1.917
2.436
1.736
3.851
3.57
3.056
3.476
1.716
1.865
1.528
3.23
3.728
3.168
3.902
2.841
2.725
3.282
2.115
2.632
2.954
3.049
3.08
3.977
2.003
2.84
2.378
3.641
3.329
3.773
3.084
3.834
2.794
2.167
1.838
2.567
1.699
2.582
3.416
3.056
3.437
3.762
3.005
2.325
3.583
3.003
1.558
2.167
3.101
3.013
2.835
3.683
2.796
1.509
2.809
2.529
1.659
2.535
2.785
2.907
1.97
2.105
3.291
3.161
2.693
3.306
3.177
2.751
2.319
2.025
1.546
1.559
3.73
2.616
3.085
1.932
1.98
1.787
3.063
1.667
3.432
2.993
2.385
3.674
2.55
1.92
2.081
3.625
2.185
2.52
2.677
3.375
2.127
2.05
3.422
1.636
1.655
2.393
2.228
2.681
3.554
3.612
3.315
1.74
1.612
2.877
3.947
3.943
2.392
3.25
3.292
1.934
2.336
2.185
3.011
1.857
3.631
1.809
2.127
3.256
2.187
2.752
1.574
3.507
2.556
2.034
2.786
3.152
3.724
2.263
1.906
2.657
2.581
3.585
2.044
1.871
2.716
3.413
3.958
1.685
2.865
1.511
3.096
3.994
3.79
3.267
2.139
3.739
3.225
3.506
2.737
1.561
2.511
1.938
3.772
2.115
2.075
3.817
3.015
3.464
2.947
3.83
3.926
2.242
2.831
3.319
1.738
2.24
2.519
1.829
2.993
1.964
2.927
3.808
2.759
2.049
1.529
1.652
2.209
1.803
2.812
2.274
1.694
1.593
3.84
2.453
3.816
3.984
2.705
1.855
3.668
2.768
3.239
3.203
3.349
3.106
3.44
3.683
2.303
2.931
1.706
3.172
1.547
3.499
3.79
2.007
2.118
3.809
2.536
1.715
2.456
3.776
2.158
1.612
2.35
1.796
1.899
2.52
3.574
3.568
3.175
2.408
3.464
2.044
3.193
3.423
3.593
3.282
3.697
3.071
2.922
2.065
3.473
3.39
3.873
2.789
1.985
3.008
3.624
3.646
2.916
2.84
3.73
2.182
3.215
3.496
2.466
1.605
3.454
1.634
3.439
2.638
3.324
3.835
2.862
3.801
2.27
3.121
3.363
3.332
2.306
3.622
2.073
2.689
2.542
3.497
3.164
2.116
1.74
3.984
2.973
3.278
2.972
3.597
1.935
2.452
3.291
3.61
3.981
2.564
3.031
3.567
2.158
2.074
3.838
2.615
2.722
3.451
3.643
3.626
1.83
1.564
3.801
2.47
3.959
3.884
2.564
2.246
2.533
3.668
1.616
1.925
3.084
1.701
2.691
3.651
1.633
3.622
3.921
3.56
3.814
1.833
3.222
2.438
1.98
3.338
2.078
3.053
3.636
2.547
2.61
2.384
2.376
2.75
3.332
2.801
2.734
3.122
3.926
2.238
3.302
3.612
2.046
3.433
1.866
1.89
2.538
3.546
3.842
2.562
2.867
3.09
3.124
3.123
3.86
2.444
3.09
2.142
3.222
3.83
3.575
3.752
3.432
1.811
3.085
2.504
3.134
3.313
2.214
2.527
2.744
2.526
3.242
3.245
1.503
2.291
1.766
3.151
1.563
3.793
3.606
3.61
2.541
1.961
2.867
3.305
1.586
2.205
2.36
1.889
3.177
2.764
3.976
2.558
1.837
2.408
3.938
3.421
3.376
2.667
3.893
2.624
3.534
2.867
3.413
3.466
2.115
3.954
2.92
3.554
1.635
2.171
2.142
2.381
2.155
2.056
2.53
3.962
2.616
1.53
3.694
3.532
3.344
2.378
2.196
3.457
3.691
3.777
2.442
2.639
2.017
3.973
2.519
3.406
1.705
1.872
3.178
1.853
3.549
3.34
2.703
3.916
1.944
1.697
2.616
3.864
1.976
1.934
1.892
2.73
2.328
2.152
3.065
3.127
2.955
3.587
2.762
2.943
3.601
3.216
1.845
1.697
2.282
1.65
1.838
3.942
1.543
2.527
2.948
3.211
2.883
3.865
3.403
2.273
2.396
3.196
2.934
1.682
3.628
3.037
3.327
2.434
3.712
3.254
2.137
1.841
3.492
2.932
3.772
3.953
3.406
2.977
3.341
2.072
3.975
3.742
3.429
3.951
2.579
3.853
2.537
3.994
3.657
2.376
3.302
1.64
2.209
3.168
2.943
1.861
2.305
2.753
3.621
2.041
2.847
1.576
1.846
2.302
2.259
3.652
2.952
2.833
3.002
1.761
2.166
1.658
3.053
3.373
1.771
2.687
2.516
2.912
2.453
3.947
3.748
2.012
3.198
2.552
3.097
3.876
2.515
3.6
2.62
2.857
2.97
1.678
2.778
2.494
3.381
3.982
3.651
3.033
2.621
3.668
2.387
2.042
3.276
2.456
3.574
2.976
3.665
3.57
3.987
3.206
1.617
2.337
3.186
3.817
2.968
2.363
2.351
3.522
2.422
1.929
2.847
3.498
2.401
3.234
1.858
3.494
1.696
3.305
2.108
3.31
1.855
1.504
1.509
3.012
2.561
3.765
2.231
3.663
3.001
1.914
1.555
2.542
1.508
2.1
1.657
1.524
1.867
3.083
3.383
2.205
2.489
2.264
3.465
1.608
3.217
2.518
3.528
2.08
3.424
2.487
1.953
3.233
2.788
2.785
1.902
2.658
3.295
2.626
2.262
3.361
3.277
2.036
2.159
3.005
3.998
2.146
2.847
3.817
3.058
3.205
1.891
1.639
2.745
3.382
2.56
1.528
1.601
1.797
2.669
2.081
2.012
1.559
3.723
2.758
2.915
1.778
2.034
3.644
2.472
3.422
3.422
3.694
1.513
2.592
3.181
3.526
1.749
2.974
2.269
3.616
3.425
2.625
2.979
2.233
3.709
1.615
2.572
2.646
3.219
3.341
3.668
2.936
3.85
3.596
2.656
1.504
3.899
3.344
3.384
2.922
3.435
2.229
3.247
1.932
2.793
3.762
1.745
1.918
3.397
3.24
3.002
2.193
3.493
3.65
2.584
3.977
3.35
2.671
1.819
2.395
3.615
3.078
1.927
2.432
1.748
2.01
2.891
3.42
3.957
1.571
2.986
3.361
1.714
2.274
1.548
3.155
2.394
2.046
2.688
3.84
2.919
3.947
2.942
2.038
3.376
2.46
2.634
1.868
2.386
2.246
3.453
2.801
2.356
2.386
1.735
1.865
1.5
2.646
2.244
1.919
1.521
2.602
2.036
2.332
3.144
2.387
3.664
3.975
3.19
2.643
2.149
3.35
3.433
2.731
1.801
3.349
2.364
1.541
3.755
2.188
2.705
2.843
2.359
3.786
2.728
3.129
3.057
2.622
3.596
3.591
1.563
3.217
3.22
3.107
2.627
3.522
2.114
1.791
1.839
3.251
3.876
3.693
2.502
2.417
2.715
3.317
2.595
2.828
1.949
2.784
2.888
3.559
2.751
3.873
3.876
2.675
2.308
3.815
3.859
2.022
3.669
2.114
3.305
3.762
3.394
3.81
1.649
2.117
3.117
2.804
2.489
3.736
2.033
3.766
2.426
2.155
3.917
1.591
3.41
2.659
2.239
3.801
2.887
3.455
1.67
2.436
3.77
2.848
2.523
3.54
3.963
2.862
2.577
1.941
1.663
3.48
1.563
2.803
1.933
1.586
2.078
3.448
3.953
2.109
2.595
3.497
1.622
1.85
3.603
1.599
1.782
1.702
2.109
2.71
2.97
1.591
1.549
3.101
3.463
2.019
3.624
1.94
2.297
2.458
2.82
3.912
3.664
3.462
3.19
3.129
3.112
2.048
3.997
3.322
3.765
2.541
3.647
2.478
3.198
2.979
3.848
3.082
1.734
3.555
2.227
2.977
3.444
3.686
3.393
2.766
3.175
1.798
3.123
3.681
3.458
2.262
3.666
3.367
3.867
2.535
2.194
3.131
1.982
3.837
1.616
2.579
2.34
1.821
3.39
3.406
3.592
3.901
3.451
1.962
3.066
2.585
1.741
2.047
2.671
2.54
2.534
3.308
2.033
3.682
2.447
3.538
1.523
2.042
2.902
3.29
2.724
2.188
3.108
2.196
3.7
2.845
2.999
2.369
3.489
2.795
3.868
2.687
2.802
2.416
3.12
3.973
3.487
3.074
2.812
1.999
2.248
1.925
1.731
3.086
3.698
1.732
3.624
2.315
3.358
3.039
1.852
3.409
1.943
2.46
2.166
2.868
2.927
3.002
2.46
2.331
2.327
3.502
3.376
2.066
2.902
3.923
3.891
3.126
2.939
3.126
3.289
3.862
1.508
2.412
3.323
1.717
3.603
1.963
2.486
3.599
3.556
2.136
2.701
3.132
2.769
2.817
3.761
2.847
1.535
2.984
1.717
2.895
1.654
3.706
3.088
1.571
1.966
2.744
1.71
3.428
3.815
3.79
1.737
1.535
1.924
2.043
3.796
2.709
2.166
2.876
3.36
2.541
4.0
2.979
2.128
2.777
3.926
2.585
2.95
3.763
3.713
2.261
2.296
3.111
1.865
2.582
3.074
3.451
1.781
2.974
2.944
3.793
3.286
3.638
1.835
2.721
3.275
1.822
2.043
3.215
2.887
2.988
2.769
1.51
3.145
1.788
3.55
3.78
1.64
2.874
1.853
3.416
3.114
2.439
1.619
2.432
2.036
3.176
3.132
2.678
2.235
3.235
2.052
3.744
2.953
2.74
3.547
3.552
2.68
2.446
3.076
3.974
3.67
2.286
2.863
3.51
3.08
3.233
2.739
3.285
2.122
2.565
3.856
1.839
3.382
3.049
2.258
2.005
2.173
3.87
3.49
3.49
2.407
2.9
1.605
1.718
1.908
1.656
2.178
1.993
3.783
1.811
2.688
2.178
1.685
3.317
2.377
2.355
2.418
2.621
1.88
2.803
2.679
3.386
2.843
3.058
2.472
2.239
2.732
3.914
2.347
3.249
0.113
2.399
3.406
2.906
1.732
3.368
3.685
2.665
1.767
2.488
2.197
2.922
1.666
3.224
1.824
1.901
3.889
2.044
2.217
1.837
2.759
2.862
2.905
1.652
3.84
1.706
2.51
2.917
2.184
2.759
1.928
1.97
3.855
2.962
2.306
2.123
3.18
2.811
1.547
1.528
3.234
3.082
1.915
3.229
3.891
1.625
1.595
2.573
3.372
1.563
2.476
3.756
2.587
2.821
1.854
2.383
3.485
2.955
1.579
2.773
2.56
2.791
1.54
1.625
3.598
3.755
2.84
1.733
3.051
3.921
3.795
3.791
2.076
3.474
2.213
2.108
1.922
1.85
3.589
2.096
2.95
2.068
2.641
1.777
3.201
3.057
2.052
1.606
3.223
2.113
1.843
3.085
3.199
1.75
Error de lectura!!!
1.563
1.814
3.168
2.441
2.081
2.108
2.491
1.566
2.428
3.164
3.244
2.217
1.78
2.34
2.683
3.288
1.929
2.587
2.742
3.453
2.081
1.866
2.506
2.282
2.144
1.9
2.668
2.801
3.295
2.263
1.987
2.524
2.637
2.363
3.758
3.156
2.168
3.008
2.469
1.705
3.302
2.826
2.216
1.888
1.639
1.93
2.065
2.273
3.782
3.175
2.263
2.893
1.721
3.128
1.73
2.067
3.328
2.318
3.23
3.005
3.548
3.975
1.667
1.568
3.764
2.89
2.153
3.932
3.472
1.585
2.767
2.366
1.818
3.316
1.714
3.191
3.318
2.924
2.436
3.049
1.835
3.974
1.69
2.628
2.513
3.33
3.331
2.323
3.287
1.896
1.882
1.859
3.368
2.889
2.826
3.119
1.702
2.607
3.849
1.514
1.781
1.786
1.632
1.913
2.877
2.784
1.645
3.994
2.082
1.818
2.487
1.942
3.297
3.456
3.416
3.634
3.432
3.636
1.86
3.166
3.458
1.748
3.312
1.804
3.752
1.84
3.165
2.554
2.101
1.779
2.535
1.664
3.207
3.498
2.758
2.17
3.594
1.92
3.938
2.634
3.11
2.201
2.673
2.59
3.852
3.123
3.374
1.702
3.31
2.204
3.144
3.999
1.776
3.287
2.198
2.831
2.642
1.85
3.133
2.683
2.684
3.439
2.498
3.111
2.257
3.382
2.032
1.651
1.932
1.795
3.539
1.815
3.553
3.228
2.038
2.788
1.939
2.454
1.776
2.548
1.589
3.946
2.856
3.642
1.799
2.997
2.22
1.648
3.836
3.142
1.719
3.97
2.032
1.617
3.229
2.198
2.692
2.813
2.633
3.105
1.74
1.848
2.739
1.633
2.388
1.688
2.594
3.849
3.583
3.333
3.364
3.694
2.709
2.397
3.751
2.747
1.73
2.352
2.296
2.376
3.851
1.542
1.831
3.639
1.678
2.918
3.516
2.142
2.848
2.098
3.243
3.251
1.544
2.854
2.577
1.894
2.805
3.293
3.803
1.597
1.788
1.661
2.887
2.16
3.184
3.957
2.799
3.478
3.914
2.116
1.981
1.53
3.412
3.564
1.707
3.912
3.684
3.088
2.096
3.408
3.928
3.775
2.41
2.838
2.158
3.502
3.566
1.95
2.66
3.087
1.925
2.656
2.01
2.139
3.799
2.139
2.969
3.466
2.926
2.412
3.629
2.536
3.798
3.603
3.329
3.224
1.602
2.911
3.801
2.915
2.384
3.218
1.561
3.993
2.469
3.995
3.22
2.64
2.326
2.286
2.319
2.773
2.922
3.505
2.5
3.324
1.918
2.049
3.208
2.042
2.414
3.65
2.614
3.952
2.55
3.061
2.881
1.539
1.614
3.964
3.712
3.0
3.932
1.763
3.81
2.219
3.294
2.815
2.517
3.483
2.346
2.949
2.184
2.253
2.767
2.993
2.434
3.448
3.944
3.883
3.5
1.944
3.806
3.496
2.234
1.784
1.782
3.606
2.402
2.936
3.012
3.547
3.225
3.359
3.814
2.616
3.641
3.056
3.379
3.354
1.935
3.377
2.127
1.944
3.074
2.92
2.924
2.902
2.363
2.209
3.929
1.839
2.69
1.968
1.871
2.474
2.639
3.862
3.391
3.137
1.767
3.5
3.498
2.106
1.775
3.465
3.531
2.654
3.528
2.292
3.182
2.604
3.904
1.716
2.65
2.092
1.66
2.18
1.758
2.28
1.636
2.046
2.558
1.635
2.403
1.76
3.531
2.913
3.622
1.673
3.023
1.894
2.476
2.244
1.961
2.215
2.979
3.958
1.692
3.685
3.404
3.481
3.163
3.527
1.892
1.651
3.997
1.988
3.754
1.704
2.188
3.352
2.531
3.069
3.576
2.7
3.628
2.496
2.343
3.02
1.658
2.895
3.209
2.668
2.638
3.748
2.522
3.505
2.64
2.246
1.572
2.114
1.779
1.701
2.39
2.181
2.035
3.253
3.065
3.802
3.172
2.896
2.649
3.853
3.123
3.498
2.678
1.736
2.395
3.494
2.862
3.203
1.764
3.09
3.155
2.614
1.859
3.031
3.788
1.821
2.276
2.8
2.168
3.539
3.818
2.085
1.806
2.968
3.013
2.161
3.207
3.585
2.684
3.728
2.34
2.225
3.654
3.912
3.192
3.048
2.489
3.752
3.425
3.513
2.877
2.014
2.788
3.27
2.853
2.284
3.131
2.78
2.224
2.063
3.354
2.263
2.512
1.635
1.58
3.357
2.082
3.98
2.988
1.849
1.826
3.637
1.576
1.857
1.534
1.815
2.943
3.787
1.814
2.784
3.399
1.81
2.301
2.523
3.45
2.191
2.753
2.65
3.163
3.081
3.293
3.276
2.519
3.996
3.681
1.997
1.891
3.349
3.895
1.54
3.324
2.906
2.032
3.027
2.131
2.715
3.671
3.133
3.902
2.583
3.129
3.931
2.349
1.634
3.173
2.728
3.18
3.396
3.761
2.521
3.814
1.837
2.787
1.975
3.281
2.118
2.959
2.153
3.395
3.635
3.295
2.963
2.96
1.598
2.312
2.19
1.693
3.602
2.73
1.772
1.938
2.525
2.722
3.455
2.472
2.747
3.187
3.503
1.735
2.345
1.704
2.248
2.169
1.914
1.943
1.527
2.832
3.233
2.483
3.903
1.832
3.725
2.336
2.299
3.09
2.162
2.893
2.655
2.833
2.675
3.331
2.455
3.968
2.511
1.822
3.346
3.613
2.007
1.576
2.854
3.616
2.063
2.561
1.786
2.802
2.734
3.712
1.592
3.334
2.791
3.975
3.264
3.293
3.118
2.113
1.577
3.935
1.865
3.605
2.431
2.256
1.547
2.88
3.663
2.77
3.675
2.822
2.927
2.735
2.485
1.559
2.835
2.219
3.88
2.92
1.73
2.027
2.995
2.781
1.892
2.627
2.782
1.917
3.098
3.226
3.149
3.272
2.165
2.999
2.663
3.509
2.298
3.163
1.649
3.342
3.166
3.096
2.532
2.513
3.194
3.33
2.966
2.809
3.207
2.825
2.55
2.231
1.744
3.709
1.935
3.546
2.294
3.512
3.998
1.987
1.979
3.386
3.312
2.912
3.965
2.687
3.384
2.682
2.248
2.819
1.943
2.535
2.015
3.552
2.655
2.252
3.14
1.512
3.8
2.888
2.06
2.324
2.983
2.662
3.722
2.332
3.196
2.101
3.44
2.695
2.095
3.926
3.833
1.687
3.529
3.197
1.929
2.879
3.339
2.096
1.924
3.273
2.431
2.622
2.192
1.944
2.02
3.897
3.441
1.788
2.866
3.75
3.093
2.659
3.223
1.821
1.827
1.818
2.728
1.959
3.94
2.974
2.669
2.977
3.448
1.679
2.641
3.433
2.47
3.123
2.159
2.814
1.67
2.956
3.893
3.402
2.079
2.307
3.095
3.597
3.181
1.664
3.975
1.677
3.605
2.756
2.994
2.552
2.362
2.743
2.954
1.554
1.663
3.928
1.585
2.651
3.697
2.759
3.965
3.981
2.589
2.156
3.797
1.919
3.198
2.731
3.99
1.694
3.113
3.95
2.329
1.834
2.972
2.104
3.943
1.91
1.744
2.964
2.606
2.159
3.726
3.874
2.211
1.559
1.746
2.579
2.995
2.843
2.95
3.903
3.438
3.593
2.566
2.099
3.379
2.129
3.952
2.669
1.935
2.979
2.484
3.799
2.005
3.18
1.95
2.054
3.065
2.605
3.362
1.666
2.647
1.611
1.941
2.016
2.277
3.189
2.724
2.503
3.48
2.278
1.828
1.613
3.38
1.67
1.777
2.274
1.983
3.14
2.695
1.664
2.006
3.3
2.116
3.002
3.085
3.876
3.981
3.57
3.867
3.835
1.82
3.512
2.065
3.976
1.944
2.433
2.884
3.791
3.502
1.727
3.697
3.315
2.683
2.228
3.912
3.337
2.933
3.182
3.559
2.914
2.799
3.956
2.544
3.353
2.446
3.89
2.716
2.162
2.519
2.238
2.665
3.598
3.126
2.459
2.517
2.686
3.699
2.082
3.7
2.564
2.059
2.392
2.162
1.762
2.743
1.831
2.579
3.895
1.866
2.29
3.931
3.233
3.697
1.767
3.37
2.548
3.786
3.211
3.055
2.258
2.899
3.707
2.704
2.933
3.307
2.357
1.791
3.931
2.564
3.714
3.408
2.922
1.656
1.817
1.68
3.448
3.338
3.6
1.579
2.972
3.512
3.054
2.405
1.869
1.899
3.029
2.181
3.216
2.648
2.735
3.42
2.493
2.263
3.995
2.669
3.454
3.601
3.504
2.623
2.527
3.765
2.295
1.94
3.83
3.028
3.436
2.988
1.998
3.896
3.375
3.073
2.17
2.925
2.633
2.283
3.299
2.391
1.774
1.781
3.463
3.814
2.141
2.721
2.283
2.888
1.686
3.853
3.738
3.365
2.284
1.908
3.2
1.963
2.877
2.311
1.973
2.538
3.895
1.906
1.951
2.506
2.922
2.348
3.106
1.892
2.891
1.787
2.613
3.984
1.798
2.758
1.976
1.972
3.642
3.565
1.78
2.016
2.255
2.171
3.775
2.176
1.925
2.799
3.999
3.901
3.459
3.664
2.287
2.153
3.335
1.645
1.839
2.509
1.662
2.523
2.415
3.032
2.597
3.435
3.401
3.482
3.452
2.639
1.587
3.432
3.832
3.942
1.637
2.654
2.107
3.573
2.17
2.022
2.093
2.338
2.52
2.456
2.613
3.332
3.901
3.768
3.14
3.111
3.14
2.746
3.88
2.629
2.271
1.533
3.863
3.742
2.004
1.63
3.937
2.66
2.027
3.975
3.613
1.602
2.595
2.471
2.439
2.833
3.717
2.344
3.673
3.204
2.525
2.474
1.92
1.721
3.87
1.758
3.415
3.732
2.319
3.179
5.487
3.934
1.733
3.83
3.566
3.666
2.515
3.69
3.119
1.532
2.651
3.743
2.307
1.523
2.692
2.013
2.933
1.709
3.698
2.77
2.669
2.605
2.853
3.895
1.639
2.293
3.05
3.928
1.793
2.866
1.564
1.97
1.693
2.93
2.764
1.758
3.632
3.963
2.389
2.939
3.529
2.402
2.558
3.309
3.027
2.249
3.685
2.09
1.662
3.532
2.525
2.422
2.149
1.966
2.701
1.805
2.868
1.517
2.24
3.65
3.262
1.96
3.125
3.104
1.796
2.176
3.074
3.189
2.56
1.884
2.187
3.822
2.02
3.493
2.011
2.21
2.75
3.998
2.29
3.001
3.08
2.791
3.955
3.356
3.448
2.38
3.05
2.283
2.92
1.825
1.591
3.479
2.439
3.442
2.903
1.733
2.546
3.689
3.493
3.491
2.575
3.472
1.688
3.531
2.156
2.187
1.516
2.487
3.133
3.197
2.96
1.738
2.701
3.526
3.802
2.939
1.627
2.039
2.429
2.179
3.768
3.239
3.018
3.64
1.786
3.131
3.191
2.619
3.881
2.567
3.458
2.111
1.692
3.271
3.473
2.293
1.636
2.633
2.595
1.728
3.903
3.298
3.219
3.87
3.213
1.791
2.443
2.931
1.525
1.55
2.151
2.397
3.087
2.607
2.895
2.815
3.943
2.185
3.892
1.715
1.851
3.247
2.537
2.457
3.874
3.86
3.392
3.076
3.839
2.303
3.344
1.888
3.567
3.447
2.939
3.054
2.656
2.249
3.387
1.707
2.035
2.837
1.773
3.535
3.145
3.801
3.427
1.508
3.3
2.419
1.647
2.475
2.284
2.513
3.116
3.035
2.906
1.908
3.383
1.961
2.933
1.687
2.046
3.518
3.514
3.135
2.425
3.03
1.916
1.576
1.545
3.087
3.368
2.633
2.625
3.749
2.525
2.866
2.572
1.945
2.02
3.721
2.041
3.975
2.227
2.37
1.693
1.994
3.651
3.922
2.846
2.495
3.525
2.61
2.268
1.934
3.084
3.412
3.422
3.882
2.739
1.602
2.219
1.929
3.455
1.881
3.836
2.891
3.025
1.858
2.081
3.677
2.789
3.532
1.618
2.366
1.709
2.196
3.258
3.106
3.327
3.924
3.17
3.675
3.629
3.002
2.528
3.147
3.799
1.903
3.286
3.888
3.554
2.075
3.322
2.109
2.116
3.841
2.086
3.651
3.381
3.07
2.013
1.6
2.746
2.436
2.462
1.949
2.937
2.959
2.673
1.804
2.896
3.946
1.733
2.193
3.453
1.612
2.897
2.169
3.735
1.733
2.854
1.879
2.574
1.827
2.007
3.014
2.482
2.034
3.486
1.921
3.67
3.233
1.519
3.835
3.211
1.832
2.333
2.0
3.902
1.582
3.471
2.969
2.529
2.96
1.851
2.378
3.861
2.011
1.869
3.419
2.822
3.357
3.498
2.447
3.584
1.628
3.088
3.18
3.681
3.029
2.342
1.62
2.084
3.229
2.843
3.629
3.588
3.452
3.422
3.893
1.95
1.653
2.512
1.976
2.63
1.66
2.717
1.77
2.292
3.834
3.21
2.895
3.921
2.727
1.854
3.462
2.829
3.955
2.15
2.727
3.939
3.258
3.249
3.489
1.748
1.586
1.782
3.407
1.974
3.764
3.271
1.598
3.04
3.631
2.21
1.822
2.506
3.39
2.135
1.757
1.777
3.005
3.376
3.461
2.182
1.951
1.622
2.863
2.999
3.266
1.801
2.916
2.274
2.429
3.5
3.664
2.704
1.761
3.514
3.583
3.692
2.213
2.417
3.521
1.911
2.42
3.247
2.849
1.847
1.741
1.906
3.137
1.578
3.856
3.593
3.441
1.598
3.903
3.786
3.839
1.741
1.658
2.93
3.901
2.237
2.876
2.956
3.121
1.636
2.636
3.686
3.457
1.811
2.238
2.865
3.202
1.921
2.533
3.644
2.872
2.811
1.685
3.561
1.516
3.564
1.613
2.165
3.318
2.158
2.147
3.306
3.78
2.039
3.798
1.895
2.114
2.058
2.981
2.242
3.028
3.441
2.351
1.586
3.25
3.124
1.891
2.972
3.31
1.784
2.075
1.765
2.758
2.157
3.753
3.633
2.646
2.238
1.658
1.801
2.916
1.6
3.35
2.816
1.612
2.241
3.093
3.294
3.46
2.121
2.772
2.272
3.959
2.855
2.424
2.088
1.814
2.847
1.706
3.87
2.99
2.293
2.442
1.571
3.514
3.924
3.813
2.35
1.788
3.121
2.734
2.546
3.229
3.966
2.939
1.748
2.39
1.689
1.651
2.712
3.672
2.958
2.283
3.682
3.621
3.125
2.388
3.412
2.717
2.784
1.805
1.823
2.147
2.905
1.839
2.573
1.997
1.754
3.413
3.382
2.59
2.665
3.358
3.655
2.77
2.368
2.189
1.984
3.206
3.516
2.234
2.355
2.145
3.597
3.228
3.076
1.749
3.552
3.191
3.102
3.086
2.404
3.489
3.805
3.1
1.776
3.21
1.933
1.992
1.749
2.178
2.703
3.964
2.986
1.796
1.878
3.457
3.995
3.808
2.36
1.537
1.52
3.459
1.96
2.561
3.077
2.763
3.583
3.751
1.885
3.626
2.256
2.771
1.792
2.091
2.972
3.246
3.516
3.017
2.098
2.292
2.929
1.542
3.597
1.831
1.742
3.748
3.815
2.26
3.868
2.027
2.057
2.368
2.962
2.606
2.274
1.919
2.419
3.57
1.95
3.86
2.225
2.422
2.429
2.143
2.294
1.806
2.803
1.527
3.291
2.639
2.369
2.909
2.625
3.487
2.651
3.914
3.115
1.826
2.805
1.766
2.803
2.482
3.733
3.942
2.602
2.448
2.952
3.483
3.099
2.832
3.067
2.538
2.967
3.155
2.01
2.301
3.206
1.88
2.739
3.611
3.141
2.406
1.865
2.483
3.643
3.393
3.799
2.107
3.98
1.716
2.931
1.535
3.209
2.792
2.093
2.905
3.81
3.61
2.423
3.832
1.614
2.593
2.12
3.921
1.594
2.042
2.69
2.892
2.721
3.655
3.324
2.413
3.951
2.713
3.24
3.124
3.834
2.082
1.594
3.689
2.813
1.791
1.941
2.228
2.568
1.687
2.777
1.721
1.677
3.308
3.714
3.363
3.845
3.308
2.8
2.776
3.643
3.047
2.371
2.011
3.229
3.801
3.203
1.692
1.991
1.83
3.623
1.742
2.476
1.671
2.593
3.394
3.514
3.02
2.24
1.945
1.561
3.44
3.179
2.788
1.806
2.656
3.015
3.682
3.538
3.861
2.948
1.548
3.553
2.403
2.056
2.256
2.114
2.733
1.592
3.827
1.556
3.216
2.057
2.356
2.286
1.519
2.16
2.404
2.267
3.77
3.371
3.929
3.967
3.562
3.129
3.65
2.403
3.81
2.982
1.571
1.661
1.721
3.471
2.855
2.111
2.376
2.92
2.818
3.106
3.22
2.94
1.812
3.909
3.62
1.655
3.34
3.588
1.908
3.412
2.357
3.337
1.533
1.921
2.487
2.1
2.363
2.683
2.097
3.073
3.242
3.149
3.26
2.759
2.217
3.729
3.465
1.93
2.07
3.33
2.595
2.25
3.535
3.193
1.836
1.527
3.434
1.658
3.697
2.976
2.037
1.511
3.929
2.35
3.7
3.413
3.103
2.599
3.229
3.125
3.007
2.277
2.877
3.513
1.753
3.691
3.481
2.737
2.933
3.659
1.561
3.567
2.058
3.182
3.521
2.713
3.5
2.103
1.527
3.158
2.583
2.345
3.138
3.431
3.316
1.99
2.914
1.868
2.52
2.879
3.253
3.799
2.757
2.43
2.039
2.326
2.487
2.638
1.528
3.236
2.76
3.6
3.708
3.465
1.533
1.702
2.442
3.539
1.845
3.939
3.002
3.677
2.43
3.932
2.752
1.572
1.845
3.216
2.737
1.766
2.373
1.994
3.562
2.508
3.597
2.421
3.165
2.763
3.239
3.133
3.536
1.788
3.466
3.529
1.747
3.196
3.696
3.217
2.846
3.58
3.002
3.201
3.874
1.709
3.174
2.585
2.427
3.451
2.248
1.601
1.697
3.632
2.488
2.182
3.66
3.306
2.807
2.331
3.349
3.058
1.663
2.818
2.061
3.67
3.663
2.046
2.104
3.622
3.606
3.142
3.422
2.734
3.583
2.067
2.087
2.025
3.505
3.364
3.91
3.355
3.663
2.246
3.265
3.457
3.515
3.238
2.416
3.282
2.69
2.977
3.164
2.96
2.178
2.528
1.869
2.729
2.083
2.768
3.593
2.141
2.555
1.854
2.9
3.821
3.313
3.047
1.9
2.566
2.994
1.681
2.872
2.998
1.719
1.802
3.376
2.17
1.862
2.929
2.596
3.674
2.991
3.166
3.653
2.902
1.729
1.969
3.504
3.483
3.977
2.168
3.327
2.693
3.133
1.903
1.708
2.147
2.035
3.732
3.543
2.373
2.338
3.296
2.832
2.761
3.382
1.667
1.642
2.221
2.33
2.333
3.616
3.05
1.732
2.076
2.6
2.447
3.194
2.328
1.656
2.102
3.805
1.553
2.285
3.209
2.23
3.157
3.919
2.712
3.419
2.645
3.283
3.492
3.018
2.909
2.603
1.704
2.852
1.977
3.21
3.803
2.867
1.967
2.666
2.068
3.805
3.705
3.415
3.187
2.698
2.538
2.116
1.909
1.835
3.563
3.649
3.539
1.63
2.369
2.511
3.781
3.823
2.594
3.525
2.69
3.571
2.314
2.39
2.57
3.617
1.938
3.443
1.964
3.761
1.977
1.51
1.885
3.063
1.88
2.365
1.64
2.08
3.908
3.539
2.923
3.556
1.971
3.302
3.208
1.69
2.194
3.358
3.328
1.645
1.7
1.507
2.541
2.426
1.797
2.414
3.605
3.969
2.899
2.343
2.139
2.856
3.077
2.24
2.753
2.357
2.053
3.605
1.513
3.461
2.071
3.121
2.38
2.863
1.809
2.275
1.546
2.155
3.179
3.275
3.054
2.109
3.71
1.552
3.99
3.542
2.372
2.674
3.283
3.073
2.552
2.609
3.37
1.598
2.138
3.314
3.955
3.458
2.828
2.551
3.731
2.282
2.864
3.439
2.814
1.777
2.644
3.358
2.353
2.541
2.346
1.522
1.71
3.803
2.051
2.279
1.616
1.682
2.6
1.962
2.974
3.023
2.619
3.958
3.208
2.4
2.254
3.368
2.351
3.855
3.569
1.801
3.121
1.885
1.991
1.812
3.985
3.457
3.159
3.15
3.44
1.772
3.687
3.238
2.788
2.454
2.146
3.896
3.451
2.086
2.193
2.089
3.299
2.979
3.114
2.044
2.588
3.756
3.611
2.589
2.915
2.679
1.884
3.187
1.54
3.972
3.354
3.681
2.443
2.134
1.506
2.404
3.655
3.054
1.882
1.644
2.129
1.579
2.606
3.866
3.101
2.099
2.605
2.188
2.068
2.843
2.59
2.776
3.083
1.717
3.313
2.615
3.665
3.305
2.995
1.501
1.544
1.924
3.658
3.507
3.336
1.954
3.92
2.356
2.729
3.074
3.113
3.338
3.066
3.851
1.958
1.523
3.869
1.672
3.632
1.736
3.165
2.248
1.856
3.642
1.911
1.579
2.525
1.937
1.633
2.87
2.755
2.876
1.641
2.746
3.674
3.69
2.479
1.853
1.942
2.018
2.354
2.37
2.773
3.882
2.777
2.605
2.275
3.012
2.461
2.824
2.294
3.701
2.525
3.348
3.081
1.786
2.523
3.448
1.604
2.143
3.016
2.335
3.913
3.324
2.413
1.721
2.962
1.59
1.833
2.787
3.31
2.154
2.089
3.739
3.958
2.026
1.524
2.948
3.318
1.653
3.469
1.517
2.009
1.609
3.013
2.698
2.452
2.131
2.455
1.972
2.295
3.953
3.92
3.919
2.605
3.325
1.749
2.115
3.427
3.889
3.729
3.574
3.763
3.01
3.45
2.87
1.594
1.627
2.649
2.188
3.106
3.688
1.624
1.922
2.899
2.359
1.641
2.103
2.251
3.527
2.666
2.936
2.509
3.925
3.212
3.176
3.485
3.969
2.394
2.613
1.74
3.151
1.955
3.471
2.195
1.708
2.946
1.879
1.66
3.271
3.427
2.77
2.061
2.274
2.553
2.529
3.403
2.967
3.247
2.886
2.625
1.829
2.054
1.719
3.94
1.986
2.128
1.518
1.715
2.271
3.57
2.416
1.763
3.381
2.927
3.091
2.386
1.686
1.904
3.479
3.023
3.407
2.086
3.016
2.184
2.822
2.192
1.955
2.539
2.717
3.117
2.101
2.602
3.685
2.052
3.88
2.162
1.964
3.944
1.84
3.555
3.996
3.094
2.668
3.705
3.627
3.311
3.558
2.157
2.791
1.719
2.737
3.461
2.089
1.643
1.769
3.87
2.51
2.599
3.255
3.519
1.709
2.073
2.024
3.538
2.022
3.153
2.674
2.184
3.846
3.98
3.904
1.728
3.544
3.93
2.811
1.707
3.514
3.397
2.256
3.031
1.933
3.67
2.099
3.158
3.718
2.836
2.872
2.664
3.34
2.487
3.369
3.362
3.935
3.516
2.118
1.522
2.19
3.217
3.531
3.385
3.635
3.044
2.559
3.545
3.822
3.959
2.049
2.806
2.886
3.53
2.545
1.663
1.669
3.171
2.816
3.975
2.612
3.723
1.821
3.466
2.278
1.505
1.902
2.654
3.638
3.167
1.963
2.24
3.18
1.814
1.973
1.914
3.55
3.441
2.599
3.284
3.604
2.649
3.255
1.784
3.242
1.73
2.595
1.736
3.805
3.369
2.401
1.758
1.86
3.406
3.638
3.987
1.905
2.989
2.974
1.613
3.885
2.496
1.555
1.652
3.042
2.116
3.709
3.969
2.559
3.203
3.547
3.761
2.619
2.288
2.665
3.929
3.437
3.39
3.908
2.871
3.927
2.826
3.131
2.102
1.677
2.0
2.197
2.232
2.802
2.05
2.678
3.137
3.111
2.479
1.662
1.933
2.061
3.375
3.567
1.919
2.652
1.938
3.772
1.663
3.568
2.778
1.834
3.742
3.58
2.476
2.891
1.57
1.545
2.086
3.421
1.771
2.878
2.759
1.73
2.39
2.594
2.078
2.616
3.734
1.758
2.267
3.71
2.221
2.138
2.565
3.905
3.993
1.834
3.616
2.075
1.785
1.658
3.358
2.959
1.771
2.344
3.089
2.642
2.34
2.444
1.76
3.036
3.107
2.27
3.909
2.398
2.693
2.019
1.973
3.332
2.311
3.691
2.847
3.427
2.894
2.378
2.196
3.66
3.427
3.202
2.258
2.694
3.178
2.107
2.474
2.437
3.644
1.85
3.943
2.487
2.655
2.358
1.933
2.481
2.12
2.006
3.467
2.8
2.511
3.466
2.548
2.971
1.893
1.743
2.823
3.122
2.312
2.242
2.062
2.616
3.896
2.702
3.961
3.43
1.802
3.93
2.713
3.949
1.684
3.639
3.315
3.144
1.633
1.922
2.39
1.799
3.939
1.513
2.604
2.075
2.042
3.066
3.636
3.723
3.126
1.794
1.536
1.731
2.475
3.49
3.832
3.998
1.723
1.691
3.468
2.456
3.69
3.206
1.978
3.001
1.725
3.269
3.562
3.724
1.782
1.923
1.608
2.305
3.896
2.548
2.186
3.883
3.679
2.225
3.126
3.724
1.923
2.572
2.095
2.205
2.018
3.045
2.653
1.859
3.643
2.412
3.171
2.8
3.222
3.405
1.882
1.988
3.438
3.731
2.888
2.562
2.316
3.127
1.825
1.828
2.531
2.365
2.575
3.272
1.907
3.455
2.869
3.097
3.147
2.913
3.184
3.856
3.169
2.958
2.716
2.479
3.029
2.076
3.034
2.437
3.601
3.545
3.822
3.053
1.732
2.4
1.68
3.705
3.108
3.951
1.733
2.202
3.328
1.598
1.509
3.741
3.833
2.251
3.175
2.539
3.816
2.525
2.33
2.346
2.508
2.338
2.644
1.531
3.022
2.939
3.073
2.653
2.172
3.859
3.767
2.368
2.703
3.245
2.733
2.283
3.729
3.177
3.103
3.217
2.979
2.381
1.989
1.634
3.207
2.185
3.655
2.54
3.656
3.255
1.637
3.077
1.522
3.691
1.617
3.104
1.958
1.814
1.72
2.599
2.798
3.701
2.28
1.697
3.255
1.872
2.684
3.354
2.449
2.244
2.888
2.983
2.45
2.573
2.055
1.957
2.691
3.25
1.562
1.861
1.865
3.034
1.761
3.238
3.168
3.64
1.939
2.603
3.108
1.552
2.721
2.843
2.688
3.278
2.497
3.277
2.555
1.85
3.148
1.912
1.579
3.475
1.653
2.697
3.251
3.654
2.261
3.641
2.013
3.58
2.62
1.862
1.532
1.854
2.669
3.12
3.21
3.107
2.819
2.499
1.575
1.626
1.979
2.212
3.869
2.83
3.876
3.453
2.232
1.756
3.998
3.865
3.352
2.97
3.189
3.923
3.395
3.566
2.086
1.541
1.885
2.468
2.542
2.585
2.411
1.829
2.072
2.309
2.092
2.521
2.364
1.567
2.204
2.896
3.474
2.383
3.399
3.875
2.585
2.297
2.208
2.412
3.429
2.387
3.953
1.587
2.259
1.939
2.97
1.931
3.428
3.254
1.832
2.823
1.587
3.093
2.167
1.994
2.925
1.893
2.507
3.116
2.219
3.991
2.582
3.005
2.359
3.855
3.815
2.753
2.18
2.054
1.752
3.567
3.113
1.712
2.488
1.53
1.988
2.702
3.413
3.103
2.534
2.623
3.564
2.268
3.429
1.589
2.003
3.344
1.866
3.263
1.89
3.74
2.98
3.227
2.643
2.566
2.72
2.023
2.939
3.964
2.916
3.197
2.227
2.436
3.267
2.557
2.935
2.504
2.146
1.764
2.61
2.271
1.823
2.287
2.978
1.587
3.57
2.071
3.801
1.814
1.972
3.643
2.478
3.245
2.993
2.984
2.447
3.335
3.715
1.618
3.195
3.161
3.422
1.743
3.793
3.486
2.787
1.735
2.525
3.018
2.492
3.883
2.195
1.523
1.755
2.278
2.564
2.205
2.386
3.483
3.617
3.507
2.856
2.525
3.56
3.817
1.582
2.725
3.319
3.814
2.9
2.876
2.189
1.94
1.714
2.35
1.732
3.418
3.187
2.46
3.83
2.601
3.258
2.547
3.335
2.377
2.812
2.718
3.349
2.9
1.911
3.955
2.377
2.688
2.131
2.215
1.641
3.946
3.638
3.38
1.886
3.471
3.831
2.002
2.477
2.989
3.264
1.982
3.314
3.012
3.427
2.46
1.58
3.095
3.87
3.619
2.078
2.063
3.589
1.854
3.553
2.259
3.375
2.385
2.834
2.366
1.802
2.369
2.929
3.343
3.417
1.875
3.333
3.065
3.551
2.603
2.82
