2.432
3.116
3.171
3.767
2.354
1.976
3.72
3.834
3.336
3.673
1.605
2.934
2.133
1.601
1.826
2.211
2.486
3.199
2.776
3.149
2.161
1.825
2.009
3.352
3.977
3.366
2.232
1.857
1.68
3.047
2.017
2.277
3.203
2.686
2.937
3.872
3.573
3.537
2.756
2.848
2.529
3.861
1.694
3.879
3.387
2.095
3.179
3.465
2.741
3.451
3.792
1.907
2.238
2.386
2.133
3.2
1.703
2.563
2.318
1.824
2.449
2.804
2.138
2.01
2.308
1.523
1.942
4.0
2.065
3.895
3.855
2.931
2.113
2.759
2.066
3.997
2.076
3.848
3.959
2.824
3.775
2.915
3.003
1.949
2.482
3.127
2.193
1.747
1.799
3.722
3.294
3.109
1.689
2.922
2.84
2.852
3.303
2.777
2.606
1.812
3.298
3.987
2.288
3.989
3.704
2.033
2.774
2.481
1.743
3.906
1.901
1.977
2.755
2.599
2.268
3.673
2.91
3.139
2.376
3.401
3.429
1.524
2.851
2.683
3.025
3.909
2.233
3.146
3.23
3.546
2.773
1.862
2.08
2.003
2.11
3.113
2.19
3.124
1.511
2.492
3.132
2.594
3.006
3.629
3.442
1.731
1.945
1.804
1.925
1.627
1.551
2.173
1.829
2.605
3.382
2.566
3.551
2.003
3.942
3.275
2.543
2.513
3.636
2.702
3.193
2.709
3.644
3.441
3.99
3.327
3.283
3.045
2.845
2.441
2.526
3.029
1.999
2.705
3.943
2.53
3.171
3.242
2.702
3.35
2.287
1.529
3.561
2.561
1.557
3.732
3.282
3.438
3.364
3.992
1.922
2.241
3.839
3.486
3.424
3.571
2.39
3.307
2.577
2.645
1.677
3.081
3.434
2.762
3.846
1.794
3.863
3.109
1.929
2.524
3.051
3.877
1.527
3.561
3.841
2.643
3.45
2.395
3.184
1.813
2.838
2.93
3.601
2.838
3.298
3.88
1.727
1.927
3.072
3.666
2.085
2.066
3.633
1.765
2.591
2.769
3.572
3.615
2.481
2.444
2.338
1.778
2.657
2.266
3.457
2.718
2.301
1.65
2.737
3.878
2.063
3.102
2.923
3.236
3.217
3.023
3.298
3.979
2.398
3.777
3.152
2.881
2.178
3.653
2.195
3.29
3.111
1.529
1.631
2.708
3.54
3.016
1.527
3.462
3.026
3.957
2.337
1.689
3.77
2.442
3.73
2.469
3.785
2.741
2.838
2.458
2.32
2.712
3.347
1.983
3.647
1.622
2.236
2.531
2.964
3.399
3.09
2.379
3.738
2.444
2.2
2.975
3.074
2.515
3.355
1.962
2.864
3.473
3.379
3.526
1.762
2.233
3.806
2.178
2.811
2.041
2.622
2.98
1.515
3.636
1.701
2.74
3.537
2.371
3.535
3.023
2.425
3.93
3.61
1.702
2.483
1.709
2.008
3.571
3.906
2.237
2.453
2.967
2.312
2.547
2.788
3.621
3.943
1.531
2.77
2.628
2.591
2.797
2.164
3.63
1.815
1.956
3.856
3.916
3.535
1.952
3.112
1.992
2.718
2.334
3.341
3.714
3.336
3.093
3.164
1.861
1.782
1.529
1.599
1.632
1.884
1.641
2.262
3.372
3.69
3.067
2.494
3.156
3.042
3.938
2.722
3.027
2.086
3.097
2.274
2.559
1.624
3.432
2.334
1.797
3.624
1.861
2.376
1.837
3.666
2.675
2.942
1.752
2.197
2.528
3.167
1.998
2.552
2.956
2.947
1.656
3.874
1.532
3.102
2.688
1.974
2.308
3.772
2.222
3.659
2.496
3.021
2.842
2.174
3.73
2.666
2.715
1.508
3.821
3.601
3.313
2.862
3.258
2.84
3.355
3.421
3.869
3.625
2.903
2.638
2.17
2.163
1.656
2.856
3.902
2.233
3.694
1.926
2.942
2.591
3.818
2.884
2.226
1.965
2.098
2.887
2.061
3.424
1.928
2.827
1.961
2.11
1.94
3.221
1.838
2.827
3.536
2.477
2.721
2.928
2.381
3.589
3.452
1.627
3.627
1.502
2.15
2.544
3.048
2.034
1.653
1.687
3.868
3.806
2.821
2.442
3.053
1.652
1.571
2.715
3.858
2.797
3.459
2.457
3.242
3.081
2.225
1.997
2.933
2.338
3.775
3.435
2.871
2.927
1.871
2.472
3.098
2.47
2.366
1.941
2.712
1.705
2.894
2.935
3.394
2.246
3.567
2.631
3.625
2.228
2.792
3.825
3.134
1.765
3.657
2.252
2.412
3.768
3.227
3.783
2.35
3.693
3.905
1.85
1.644
3.014
1.704
3.009
3.475
3.495
2.362
2.02
1.996
1.839
1.721
3.601
3.393
3.583
3.947
3.419
2.231
3.358
2.319
3.995
1.751
3.571
1.737
2.477
2.496
2.721
2.647
3.567
3.849
2.292
3.149
2.597
1.717
2.014
2.573
1.884
2.827
3.351
3.174
1.564
3.327
2.745
3.286
3.738
Error de lectura!!!
3.054
1.505
2.836
3.532
1.896
2.16
2.084
3.166
3.142
1.787
3.836
1.828
3.316
3.181
2.996
2.784
2.43
1.877
2.515
2.967
2.195
2.927
3.064
3.608
2.897
3.876
3.65
2.504
2.956
3.57
3.203
3.028
2.606
2.556
2.299
2.369
1.853
2.022
3.145
2.131
2.768
2.218
2.068
3.798
1.589
2.355
1.505
1.996
1.966
2.961
2.651
2.25
2.65
2.765
2.225
2.205
1.982
3.656
2.192
3.275
3.184
2.094
2.354
2.404
2.431
1.928
3.407
2.257
3.972
1.501
2.693
2.648
2.236
3.191
2.652
2.572
2.969
1.656
2.692
3.113
1.517
3.103
3.462
2.012
3.575
2.333
3.413
3.283
1.846
2.947
2.315
2.812
3.921
2.761
2.368
3.683
1.824
2.711
3.893
2.961
2.934
3.502
3.798
2.174
2.953
3.959
1.663
2.982
2.269
2.206
3.559
3.963
3.877
1.689
2.202
2.084
1.745
3.082
2.0
2.025
3.669
2.787
1.877
3.994
3.192
1.526
3.365
2.505
2.861
3.688
2.113
3.916
3.052
3.668
3.672
3.256
2.607
1.818
2.712
2.014
3.101
1.584
3.18
3.044
2.571
2.37
3.205
2.39
3.027
3.566
3.952
3.149
3.467
2.234
2.949
3.185
3.171
2.464
3.508
3.082
3.894
1.571
3.759
1.859
2.523
1.682
2.93
1.953
1.671
3.815
3.551
3.575
2.857
3.37
2.61
2.462
2.687
3.783
2.369
1.616
2.189
3.331
3.23
2.483
3.09
1.931
3.998
2.414
2.076
1.916
2.314
3.458
1.82
2.088
2.895
1.869
3.768
2.49
3.135
1.635
2.919
3.974
2.335
3.763
3.316
3.41
2.808
2.964
2.747
2.129
2.295
3.028
2.795
1.729
1.627
2.482
2.035
3.653
3.524
2.003
3.848
2.787
3.885
3.787
2.06
2.265
1.812
2.928
1.73
2.577
2.437
3.878
3.222
2.139
1.629
3.97
3.71
3.38
2.314
2.098
2.229
1.993
2.796
1.668
1.752
1.586
3.675
2.23
3.639
3.235
2.121
2.792
3.961
2.217
2.472
2.229
3.416
2.561
1.852
1.846
1.778
1.991
2.035
2.173
2.802
2.926
1.862
3.107
2.167
2.592
1.737
3.611
3.22
2.014
2.316
1.579
1.911
3.827
1.988
2.289
3.241
2.421
2.436
3.556
2.816
1.696
2.868
2.063
3.588
2.142
3.324
2.796
2.244
3.93
3.82
2.741
2.294
1.758
2.989
3.27
2.132
1.681
2.014
1.943
2.208
1.779
3.569
2.298
2.872
1.518
3.41
3.319
2.12
3.791
3.202
3.273
1.637
1.86
2.438
3.128
2.043
3.002
2.977
2.565
3.841
1.538
2.484
2.738
2.218
2.91
3.706
2.11
2.082
3.748
2.311
2.22
3.471
3.204
3.526
3.738
3.081
3.799
3.808
3.102
2.585
1.734
3.123
3.589
3.463
3.831
2.688
3.199
1.625
1.783
3.802
3.374
2.548
2.009
2.954
3.329
2.982
2.41
3.933
1.663
1.872
1.772
1.834
1.537
3.957
2.162
3.249
1.547
3.015
2.005
2.701
3.051
3.633
2.356
2.907
1.684
2.02
3.441
3.09
2.797
3.529
2.229
2.186
2.415
2.859
3.976
3.359
2.463
3.661
2.006
2.766
2.546
2.15
1.655
2.67
1.868
2.905
3.367
2.147
2.799
3.134
1.706
3.196
2.333
2.488
2.899
3.793
1.861
3.999
2.645
3.001
3.433
2.576
3.465
3.114
3.785
1.504
2.246
3.809
3.243
3.697
2.634
2.854
1.797
3.65
2.576
2.678
2.525
2.68
2.352
2.458
2.121
3.723
2.36
3.183
3.878
1.943
3.292
1.931
2.902
3.246
2.334
2.549
3.096
3.727
1.819
3.339
1.849
3.433
3.204
2.184
3.019
1.599
3.197
1.935
3.516
3.514
2.786
3.343
1.634
3.194
2.021
1.697
2.35
3.792
3.602
3.136
2.745
1.731
1.992
3.289
2.275
3.289
1.839
2.803
3.042
3.455
2.363
1.866
1.837
3.704
2.311
2.203
3.253
3.061
3.622
1.946
3.14
3.295
2.08
1.783
1.742
1.955
2.206
3.222
1.651
1.976
2.81
3.879
3.043
2.737
3.941
2.699
2.49
2.588
2.457
2.702
2.623
2.743
3.07
3.925
3.195
3.169
2.23
3.777
3.03
3.756
1.674
2.555
3.478
3.335
2.355
2.904
2.892
2.389
3.981
2.214
3.981
1.678
1.836
2.507
2.33
2.769
2.584
3.997
3.44
2.954
3.345
1.906
1.814
2.866
3.654
1.628
2.252
1.862
2.337
1.873
3.794
2.728
3.295
2.67
3.594
2.882
3.039
3.648
3.498
3.795
3.249
3.943
3.662
3.608
1.58
1.948
2.18
3.253
3.948
2.289
1.516
2.539
3.55
3.397
1.624
1.77
3.708
3.927
3.526
2.601
3.124
2.91
3.637
2.325
3.654
3.347
3.473
1.94
3.457
3.193
1.526
3.98
1.766
3.565
2.478
3.008
2.918
3.276
3.426
3.37
2.884
2.111
2.855
2.846
3.351
3.428
3.167
1.545
1.816
2.191
2.125
2.154
3.141
2.127
3.329
1.841
1.543
3.841
3.322
3.926
1.834
1.999
3.922
1.558
3.88
1.716
2.962
1.772
3.686
3.206
1.852
3.638
2.288
3.373
3.846
3.823
1.793
3.201
2.414
2.527
1.955
2.256
1.946
3.114
3.592
1.547
1.863
3.943
2.14
3.399
2.198
1.725
2.115
2.396
1.501
1.692
3.338
3.1
1.828
2.498
2.391
1.561
1.552
2.942
2.166
3.917
1.984
3.65
3.345
1.895
3.983
2.221
3.887
3.421
1.879
3.355
3.183
2.82
1.689
3.569
1.511
3.219
3.313
2.626
2.478
2.042
2.408
3.115
3.204
1.825
1.876
2.505
2.916
2.615
3.397
2.94
2.089
2.239
2.092
3.586
3.965
3.895
2.198
3.751
3.753
3.077
2.011
3.648
1.754
2.331
3.607
1.985
2.486
3.283
3.737
2.91
2.101
3.272
1.516
1.732
2.845
3.894
3.691
3.057
3.012
2.594
3.682
2.573
3.294
3.694
2.14
2.73
3.75
3.171
3.03
3.555
2.693
1.642
2.687
1.629
3.636
2.783
1.815
3.925
1.576
1.734
1.627
3.869
2.158
3.575
3.226
3.949
2.323
1.537
1.5
3.353
2.679
3.045
2.614
2.214
2.733
3.532
2.252
2.665
3.721
2.457
2.704
2.687
3.486
3.695
2.871
2.147
3.785
2.427
2.047
1.855
1.566
1.58
2.678
3.62
2.718
2.079
3.327
1.822
2.269
2.694
2.113
1.744
3.176
2.923
2.109
2.931
1.548
1.73
3.551
3.468
3.472
2.195
1.513
2.756
2.031
3.784
3.107
2.866
1.724
1.612
3.795
2.947
3.728
2.143
1.514
3.865
2.751
2.417
3.875
1.62
3.172
2.623
1.732
3.906
3.093
3.632
1.86
3.851
3.691
1.746
3.768
2.116
2.746
1.573
2.664
2.75
2.817
3.967
3.814
1.617
2.629
2.349
1.627
2.15
1.749
2.282
3.461
3.217
2.102
2.906
2.187
3.324
3.038
2.627
2.725
3.153
3.596
1.786
1.908
2.747
1.929
1.866
2.566
1.829
2.049
2.316
1.856
3.944
1.667
2.896
1.604
3.906
3.865
1.557
3.714
2.784
2.029
1.646
1.583
2.48
3.019
2.456
2.215
2.123
3.238
1.973
1.685
3.294
1.894
3.566
1.57
2.595
2.643
3.882
3.644
3.886
3.114
3.316
3.679
3.961
3.846
3.814
1.655
2.95
2.666
3.456
3.208
3.113
2.281
3.932
3.415
2.22
3.38
3.134
2.384
3.182
2.676
2.199
3.431
1.784
1.666
1.809
2.355
2.118
3.068
2.505
3.671
3.644
2.051
2.384
1.661
2.861
3.493
2.877
1.944
2.431
3.06
3.036
3.627
3.771
1.926
1.732
1.796
3.617
1.823
2.275
1.565
2.34
3.318
2.42
2.046
1.757
3.491
3.788
1.58
1.743
3.061
1.804
2.48
1.64
3.857
2.714
1.816
1.988
3.82
2.616
2.472
3.664
2.967
1.651
1.7
3.556
2.561
2.044
2.335
3.687
3.181
1.509
3.014
1.982
3.421
3.396
3.763
2.276
3.144
3.671
2.661
1.946
3.146
2.819
2.38
3.723
3.015
1.906
1.608
3.965
3.38
2.951
3.913
3.945
2.291
2.973
3.502
1.647
3.32
2.075
2.187
3.91
1.679
3.322
2.051
3.132
1.513
3.306
3.189
1.938
1.799
3.029
1.68
3.548
1.625
2.349
2.393
3.632
3.988
2.755
1.992
3.36
1.559
1.927
3.623
2.662
1.743
2.037
2.887
2.918
3.194
3.557
2.779
3.459
2.675
3.227
3.712
1.662
3.057
2.416
1.752
1.809
1.678
2.618
3.452
3.102
1.511
1.847
3.509
2.918
3.353
3.303
3.903
3.687
2.136
2.31
2.06
1.976
2.221
3.706
2.103
1.697
2.823
2.852
2.809
1.657
3.495
1.684
Error de lectura!!!
2.734
1.548
3.964
1.763
2.658
1.973
3.14
3.762
2.963
1.766
3.162
3.574
2.386
2.407
3.747
2.853
2.379
3.678
3.271
3.002
3.635
2.685
3.259
3.842
2.99
3.989
1.834
2.702
3.569
3.773
3.026
3.226
1.918
2.92
2.524
2.622
2.903
1.984
1.835
2.007
2.042
1.759
3.496
3.527
3.688
3.727
2.084
2.366
2.214
3.382
2.229
2.226
2.109
2.283
3.968
3.698
2.485
1.879
3.083
3.917
2.261
1.768
2.015
2.215
3.036
1.741
3.845
1.994
1.819
3.446
3.66
1.984
2.277
3.618
3.834
2.309
1.933
2.841
2.668
3.889
2.849
3.673
1.938
2.493
3.244
3.484
3.593
3.439
3.75
3.765
2.049
3.467
3.559
3.205
3.767
2.894
2.942
2.857
1.717
2.719
3.491
2.796
2.082
3.862
3.353
2.343
1.707
3.14
1.819
3.991
2.086
3.36
2.256
2.592
1.755
3.197
3.657
2.037
3.93
3.63
1.747
2.518
2.254
1.597
2.312
2.918
2.701
3.071
2.145
3.83
2.45
3.779
3.313
2.218
1.957
2.529
3.034
3.481
3.895
3.968
3.928
2.021
3.126
3.965
1.57
2.176
2.61
2.963
1.887
2.14
2.22
2.389
2.109
2.421
1.502
3.99
2.444
3.677
1.728
2.378
Error de lectura!!!
2.527
2.633
2.627
3.401
2.731
3.764
3.896
2.556
2.761
3.552
3.6
3.297
3.471
1.552
3.866
1.832
1.839
1.545
3.231
3.868
3.987
3.036
1.795
2.04
2.657
3.547
1.831
2.633
3.203
3.692
3.936
2.323
2.303
3.779
2.721
2.061
2.067
1.621
2.806
2.561
3.402
3.892
3.857
2.559
1.816
3.805
2.216
1.662
2.529
2.211
2.056
3.551
2.055
2.465
2.334
1.746
2.975
2.116
2.789
2.127
3.744
1.844
1.644
2.754
2.231
3.442
3.402
3.618
1.627
3.87
1.96
2.57
2.531
3.703
3.319
1.736
3.993
2.572
3.112
3.391
1.501
3.071
3.868
4.0
3.776
1.955
2.091
1.778
3.873
2.369
3.51
1.512
2.893
3.365
3.821
2.259
1.634
2.114
3.027
3.316
2.093
3.764
2.126
1.839
2.837
3.591
1.935
3.026
1.723
3.251
3.355
1.915
2.523
3.116
3.745
1.649
2.509
3.442
2.313
3.161
3.898
1.635
2.53
2.184
2.812
1.695
3.0
1.714
1.691
3.662
3.182
2.256
1.949
3.284
3.098
3.314
3.845
2.698
2.356
2.049
3.983
2.83
2.897
1.539
2.317
3.551
2.435
3.602
3.218
3.546
2.154
3.394
3.36
3.451
1.888
2.877
2.664
2.289
3.692
3.345
3.905
1.898
2.262
3.815
2.971
1.557
3.989
1.953
2.649
1.854
1.732
3.412
1.573
2.141
3.752
2.975
2.297
3.9
3.416
3.316
1.507
2.056
2.025
2.019
3.789
1.744
2.719
2.641
3.929
3.321
3.39
3.304
3.819
3.319
2.74
1.599
3.007
2.317
2.992
3.439
3.009
1.98
2.802
3.541
1.988
1.723
2.268
1.743
1.779
1.874
2.678
2.859
1.94
1.56
1.983
3.275
1.953
3.454
3.48
2.453
3.879
2.418
2.29
2.047
2.528
3.402
3.834
2.976
2.248
3.976
2.982
2.302
3.194
3.867
2.995
2.63
1.71
3.921
1.803
3.168
2.192
3.726
2.994
2.677
3.338
3.08
3.39
2.932
3.299
1.79
3.522
3.916
3.878
2.374
3.508
2.817
3.799
2.368
2.745
3.282
2.159
2.017
1.809
2.895
2.596
3.577
2.736
3.18
1.914
2.561
2.223
1.974
3.969
3.857
3.357
2.213
2.719
3.495
2.093
3.667
2.657
2.265
2.337
2.496
1.978
2.617
3.45
2.203
2.807
2.343
3.548
2.158
3.917
2.774
2.874
3.749
2.137
3.487
2.808
3.95
1.968
2.054
1.601
2.25
1.989
2.224
1.901
2.07
3.92
3.66
3.496
3.081
2.285
2.084
2.87
2.838
2.314
1.864
1.581
1.526
3.412
1.809
2.727
3.184
1.696
2.02
1.782
2.943
3.666
3.773
3.963
3.923
1.724
2.986
2.66
3.359
1.953
2.952
1.69
2.89
2.494
2.627
1.714
2.952
2.806
2.119
2.22
2.232
3.312
2.104
1.706
2.787
3.817
2.734
2.626
2.681
1.641
1.698
3.611
2.467
3.242
3.905
3.3
2.784
2.959
1.514
2.276
2.494
2.754
2.429
2.278
2.483
3.231
2.67
2.995
3.47
3.841
3.282
3.453
3.92
3.88
3.908
3.708
2.894
3.581
3.356
3.416
2.7
2.016
1.74
3.679
3.902
2.948
1.526
1.59
3.636
3.95
3.399
2.846
3.982
2.385
2.246
1.6
2.376
2.849
1.626
3.914
1.939
1.923
2.369
1.55
1.52
3.99
1.71
2.929
3.577
2.406
3.311
3.313
1.715
2.651
1.797
2.372
2.624
2.163
2.472
2.563
2.633
2.408
2.711
2.32
1.729
1.751
2.943
1.693
2.332
3.476
3.852
3.059
3.674
3.631
2.83
1.77
3.371
2.973
3.761
1.967
3.151
1.731
2.071
1.638
2.085
2.047
2.055
2.986
1.8
2.363
3.754
2.873
2.851
1.763
2.615
2.338
1.778
2.991
1.91
2.666
2.198
1.811
3.897
1.971
2.587
3.656
2.417
2.947
1.632
2.378
1.819
3.785
2.302
1.75
2.425
3.201
3.749
2.823
3.583
2.584
3.861
3.144
1.78
2.107
3.023
3.842
2.507
2.526
2.409
2.919
2.32
3.574
3.316
3.553
1.72
3.359
2.866
3.501
3.148
2.827
1.764
1.707
2.227
1.721
2.738
3.579
1.582
1.588
3.185
3.512
2.54
1.833
2.078
2.103
3.726
3.24
3.731
2.554
3.098
3.157
1.598
3.972
2.558
2.465
3.572
1.876
1.838
3.433
2.357
3.433
3.258
1.798
1.977
2.255
3.881
2.147
3.405
2.84
3.298
2.799
2.007
1.797
2.656
2.604
2.807
2.482
3.58
1.693
1.647
2.915
2.006
2.291
2.996
1.836
2.569
1.635
2.444
3.433
2.295
2.947
3.183
3.23
1.544
2.439
3.716
2.03
2.349
1.65
1.552
3.286
1.822
2.405
3.687
2.666
3.371
1.925
3.681
2.637
2.256
1.663
3.223
2.439
3.509
3.63
2.094
2.18
1.744
1.598
3.433
3.417
2.615
2.341
2.139
1.87
2.104
3.477
1.691
2.163
3.784
1.993
2.763
2.323
2.904
2.493
2.523
2.51
2.215
1.776
1.525
3.716
3.432
3.642
2.014
2.457
1.821
2.767
2.707
1.762
2.763
2.18
2.343
2.182
2.018
3.381
2.763
3.491
3.687
3.552
2.845
3.5
2.584
3.065
3.639
1.827
3.775
3.954
3.716
2.62
3.489
3.031
3.458
3.412
3.098
1.595
1.516
2.406
2.658
2.09
2.884
2.143
3.779
2.682
2.517
3.45
3.878
2.945
3.57
3.838
3.453
3.249
3.343
2.681
2.0
2.776
2.85
1.95
3.385
2.998
3.173
2.319
3.614
3.863
2.415
1.589
2.976
3.471
2.253
1.93
2.04
3.837
2.93
3.288
3.37
3.457
3.531
3.287
2.505
3.173
2.342
2.266
2.913
1.949
2.678
2.016
2.777
1.774
2.301
3.47
3.044
2.494
2.776
1.902
3.171
3.857
3.207
2.633
3.393
3.544
1.505
2.178
3.166
3.016
2.986
3.575
1.896
3.124
2.67
3.639
1.606
3.447
2.054
2.198
2.981
2.279
2.917
1.816
3.359
3.389
2.597
2.891
2.312
2.317
2.231
2.46
3.624
3.512
3.981
2.743
3.615
3.179
3.084
2.003
3.932
2.668
3.637
3.347
2.481
3.65
2.157
3.72
2.24
3.109
3.645
3.993
1.994
3.3
2.352
2.345
3.19
3.912
2.662
2.42
2.0
1.873
3.364
2.887
3.609
Error de lectura!!!
3.602
3.129
3.592
1.873
2.211
1.665
3.527
2.723
2.445
2.613
2.824
2.495
1.723
1.716
3.672
2.533
2.187
3.503
1.602
3.517
3.066
3.403
2.485
2.428
2.451
1.753
2.114
3.738
1.643
1.756
1.883
2.592
1.776
3.623
3.317
3.174
3.816
2.696
1.698
2.715
1.747
2.454
3.177
1.744
2.626
2.662
2.603
3.179
3.255
2.187
3.495
3.281
3.707
1.802
2.875
3.809
3.653
1.801
1.9
1.592
2.701
3.154
3.775
1.735
1.798
3.818
1.884
1.956
3.685
2.114
2.39
2.56
3.733
2.456
1.563
2.099
2.578
2.951
3.106
3.934
1.966
2.371
3.315
2.036
1.818
1.545
1.894
2.043
2.068
3.492
3.648
3.877
1.633
3.661
1.61
1.589
2.483
3.66
2.004
3.74
3.936
3.567
2.548
3.774
1.608
2.805
1.855
2.138
2.719
2.106
2.771
2.443
3.871
3.192
2.54
1.635
2.259
1.915
3.367
2.921
1.814
3.661
2.925
1.883
2.092
3.758
1.577
2.749
2.425
3.697
3.688
1.636
3.87
3.421
3.227
2.762
2.375
1.939
2.146
3.651
3.84
3.196
1.673
1.796
3.689
2.749
2.906
3.754
2.869
2.739
3.739
3.378
3.155
1.546
2.882
3.953
2.238
3.9
3.491
3.604
2.487
2.53
3.061
2.815
3.236
1.557
3.65
1.972
3.836
3.0
2.462
1.809
2.152
2.345
3.832
1.966
3.6
3.479
2.86
2.898
1.737
3.727
2.971
3.28
2.682
3.163
2.604
2.341
1.807
3.542
3.609
2.933
2.96
2.73
1.922
3.14
2.221
2.404
1.986
2.677
1.63
1.902
2.792
2.503
3.624
3.994
2.643
3.225
2.558
2.483
3.452
1.896
1.521
1.844
2.507
2.053
1.799
2.284
2.076
1.947
1.625
2.635
1.901
2.197
2.74
2.773
3.17
2.393
3.732
3.558
1.685
3.828
1.928
1.862
1.929
3.756
3.562
2.531
3.878
1.885
3.079
2.645
3.489
2.073
3.458
1.791
3.895
2.511
1.87
1.697
2.641
3.284
2.378
1.566
2.858
2.483
2.855
1.983
2.787
2.831
2.91
3.156
3.096
3.177
2.847
3.949
3.277
3.43
3.973
2.43
2.19
2.061
3.769
3.713
2.083
3.305
2.826
1.503
2.9
1.579
3.488
1.533
2.192
3.339
3.82
1.925
2.646
2.919
3.843
1.834
3.322
2.347
2.163
2.439
3.384
1.649
2.289
2.184
2.475
1.612
2.442
3.108
2.641
2.418
1.564
3.804
3.482
3.114
3.632
2.122
2.435
3.938
2.086
2.736
2.603
2.753
3.58
3.872
2.885
1.706
1.567
3.914
3.431
2.118
3.991
2.08
2.975
1.678
1.916
2.318
3.629
2.862
3.821
2.292
3.606
2.122
2.462
3.383
2.654
3.179
3.336
3.684
3.881
3.583
3.842
1.886
3.891
2.97
2.467
3.004
3.165
1.576
1.971
2.435
3.254
2.534
3.087
2.143
3.586
3.539
3.613
3.871
2.641
1.603
3.014
2.953
3.248
2.788
3.481
3.164
3.024
3.891
3.915
3.648
2.487
1.997
3.889
3.536
3.933
2.691
3.125
3.683
2.234
2.784
3.001
2.666
2.747
1.744
3.297
1.827
2.875
2.041
3.685
3.795
2.571
1.834
3.369
3.852
1.919
2.92
3.399
2.349
3.241
2.508
1.574
2.658
3.268
3.538
3.215
2.058
3.556
3.209
3.51
3.961
2.369
2.425
3.732
3.946
2.204
3.874
2.915
3.821
3.127
1.793
3.795
2.919
1.635
2.291
1.895
2.849
1.831
1.554
1.605
3.448
3.886
3.686
2.582
3.149
1.545
2.183
3.088
2.936
2.011
3.487
3.645
3.994
2.136
3.526
3.938
3.822
3.029
2.103
2.893
2.967
2.581
3.627
2.914
3.433
3.317
2.546
2.8
3.275
2.217
3.971
2.692
3.894
3.742
1.771
1.672
2.67
3.189
3.936
3.075
3.828
1.875
3.682
2.585
3.59
3.184
3.878
3.738
1.881
3.824
2.871
2.153
1.788
2.336
1.667
1.969
2.887
2.388
3.44
3.631
2.514
2.635
3.824
2.3
3.791
1.626
1.533
3.445
1.979
3.695
3.66
1.739
2.922
2.679
2.718
3.806
2.652
3.352
1.869
3.09
2.709
1.775
3.794
2.972
3.542
1.555
2.891
2.127
2.728
1.624
2.121
3.268
3.814
2.752
2.443
1.906
3.941
3.681
3.062
2.94
1.797
1.518
Error de lectura!!!
3.813
3.474
1.748
3.919
1.84
3.079
3.156
3.715
3.423
3.698
3.953
2.056
2.645
2.229
3.702
2.619
1.809
3.898
1.83
2.915
2.262
3.217
3.786
2.425
3.918
1.544
1.511
3.674
3.37
3.396
1.507
2.969
3.547
1.543
3.886
2.872
3.037
3.144
2.37
3.467
2.568
3.063
2.39
1.849
3.47
3.859
1.994
2.821
2.189
2.731
1.741
2.671
3.19
3.539
1.876
2.143
3.608
1.888
2.185
3.755
3.73
2.595
2.115
3.323
1.728
2.843
2.337
2.15
3.937
3.496
3.159
1.898
3.859
2.936
2.469
3.144
2.959
3.263
2.632
2.463
1.9
3.809
2.872
3.769
2.21
2.527
2.636
2.349
3.186
1.538
1.564
1.753
3.165
3.693
2.657
1.774
3.319
2.157
1.763
3.083
3.17
2.329
1.986
2.017
3.494
3.722
1.868
3.406
3.346
2.103
2.626
3.376
1.678
3.126
3.754
2.2
2.7
2.012
1.99
2.18
3.463
1.992
3.948
2.399
1.517
1.618
2.627
1.518
1.601
2.955
2.665
3.167
2.689
1.826
3.638
1.749
2.206
3.584
1.584
2.064
2.584
2.709
2.468
2.815
2.428
3.863
3.321
3.997
1.636
2.156
3.016
2.731
3.795
1.749
3.738
3.299
3.907
3.133
2.687
3.224
3.855
3.202
3.236
1.708
1.888
1.697
2.373
2.238
1.539
1.809
2.393
3.527
3.39
1.711
2.056
2.303
2.592
1.687
2.571
2.324
2.638
2.603
3.561
1.583
1.751
2.676
2.08
3.247
2.299
1.762
2.666
2.349
1.9
2.963
1.629
3.817
2.876
2.959
2.601
2.406
2.742
2.585
2.945
3.991
2.572
2.34
1.829
3.167
1.778
3.968
3.635
2.38
1.886
1.714
2.865
2.667
3.651
3.389
2.447
2.566
2.145
2.804
1.726
3.424
2.779
2.983
2.044
3.672
1.628
3.035
3.743
1.964
1.722
3.65
3.535
3.847
1.53
3.267
2.165
2.832
3.132
2.617
3.65
2.445
2.065
2.374
1.996
2.395
1.537
2.052
3.17
2.489
1.741
2.733
3.684
3.228
3.42
1.588
1.712
2.011
1.697
3.178
3.057
1.503
2.29
1.864
3.286
3.969
2.838
1.545
1.884
3.376
2.567
2.667
2.168
1.647
2.016
3.99
1.929
2.643
2.521
3.521
2.437
3.618
2.505
2.819
2.353
2.323
2.792
1.837
2.127
2.407
2.404
1.713
2.474
3.419
1.901
3.276
2.141
2.172
2.505
3.723
3.217
3.291
3.768
3.367
2.791
3.688
2.338
2.349
3.973
3.237
3.725
3.849
3.142
2.646
1.988
3.873
3.49
1.934
1.924
1.943
2.519
2.049
2.412
2.407
3.805
1.602
3.203
3.394
2.901
3.387
2.258
3.379
3.519
3.273
2.641
2.199
1.764
1.977
3.934
1.568
2.375
3.512
1.583
2.274
3.49
3.117
2.418
1.523
2.314
3.479
2.611
2.223
3.127
2.86
2.785
3.462
2.477
3.524
3.447
3.882
3.561
3.672
3.63
1.547
1.867
1.831
2.065
3.986
3.05
1.774
3.614
2.199
3.344
3.15
2.468
3.342
3.986
1.852
2.563
3.056
2.944
2.41
3.762
2.564
2.927
1.902
3.638
3.871
2.692
3.644
2.671
2.933
2.371
2.883
3.399
3.657
2.127
1.919
2.706
2.612
3.07
1.847
2.591
3.843
3.741
2.983
3.644
3.498
3.01
2.345
2.433
2.584
1.942
2.129
2.947
2.088
1.888
2.116
2.847
2.596
2.851
2.702
1.565
3.349
2.136
1.938
2.943
3.029
2.007
3.59
2.248
1.583
2.95
3.886
3.395
1.712
3.16
2.636
3.779
3.922
2.157
3.544
3.322
1.523
2.724
2.025
2.275
3.069
2.572
3.844
2.798
1.835
3.06
3.604
1.8
2.49
3.775
1.928
3.23
2.587
1.752
2.529
2.302
3.278
3.446
1.924
2.543
1.744
2.309
2.006
3.812
3.964
2.663
1.58
2.496
1.697
3.574
3.409
2.908
3.394
1.648
1.592
1.715
1.595
2.838
3.729
2.453
3.718
2.385
2.956
3.295
2.571
2.138
2.863
3.359
2.727
1.838
3.455
3.636
1.565
2.725
2.462
3.813
2.816
2.96
3.025
1.529
3.049
3.14
2.591
2.509
3.125
2.622
3.179
2.337
1.769
2.058
2.298
3.237
2.679
2.745
3.335
1.538
2.938
3.394
3.242
2.629
3.058
3.594
3.413
2.827
3.446
3.614
1.607
3.18
2.855
3.145
2.757
2.135
3.138
3.829
2.432
1.557
2.29
2.775
2.05
3.181
2.4
2.889
3.469
2.662
2.196
2.614
3.277
1.736
2.5
3.256
2.205
1.706
1.686
2.212
3.022
3.902
3.653
1.802
3.385
2.605
2.018
1.968
2.932
3.006
1.924
2.082
3.142
3.236
2.923
1.687
2.845
2.24
2.491
2.059
1.657
1.522
3.358
2.048
2.405
3.781
3.307
1.981
3.088
2.768
2.888
3.984
3.53
3.009
3.63
2.515
3.675
2.199
3.804
2.62
2.381
3.374
2.949
2.713
3.535
3.518
1.9
3.968
2.684
2.318
2.922
2.995
3.381
1.868
3.394
3.826
3.489
3.618
3.858
3.048
1.721
2.086
2.924
2.548
3.508
2.753
2.388
2.845
2.081
3.654
3.588
2.262
3.966
3.105
2.257
2.722
2.073
1.737
3.247
2.815
2.684
2.876
2.366
3.618
2.663
1.75
2.886
3.02
2.613
1.534
3.548
1.519
3.054
2.691
2.517
1.81
2.999
2.705
2.886
2.847
3.206
3.597
1.89
1.699
3.082
1.59
2.519
2.873
3.954
2.167
1.513
2.405
2.866
3.101
3.685
2.064
3.632
2.369
3.58
2.522
3.952
3.461
2.8
2.79
2.511
1.872
1.789
2.068
3.659
2.123
3.446
2.195
2.22
2.527
1.856
3.437
1.535
1.758
2.62
2.815
1.607
3.126
1.587
2.663
2.896
2.537
3.41
2.264
2.82
3.326
3.466
3.553
3.485
2.666
3.165
3.842
3.423
1.772
2.86
1.717
3.313
2.035
1.813
3.536
2.635
2.571
1.99
2.0
2.769
1.827
2.398
2.898
3.138
1.856
3.794
3.008
3.499
2.561
2.256
2.755
3.973
3.028
2.173
3.777
3.039
1.877
3.302
1.8
3.26
3.961
3.838
3.007
3.096
2.922
2.332
3.899
3.379
2.888
1.776
2.629
1.858
3.184
2.321
3.37
3.592
3.933
2.463
3.363
3.593
2.958
2.073
1.983
1.965
1.913
3.675
2.017
1.763
3.546
1.94
2.493
2.86
3.703
2.323
3.817
2.796
2.686
3.014
2.767
3.072
3.724
1.94
2.667
2.715
1.854
2.623
3.566
3.878
1.723
2.406
2.483
3.938
1.616
2.333
1.891
3.182
3.124
3.761
1.857
2.958
3.855
3.415
2.524
3.409
1.69
1.814
2.397
2.021
2.261
3.398
3.834
3.002
1.707
2.73
1.611
3.386
3.772
3.664
3.33
2.177
3.158
3.023
2.542
3.307
2.602
2.069
2.1
3.881
1.665
3.691
3.186
1.588
3.931
1.644
2.056
3.883
3.713
2.738
1.517
3.719
3.265
1.763
1.75
3.728
3.911
2.52
2.269
1.722
3.851
3.426
2.623
2.533
2.126
1.815
3.504
1.747
3.379
2.387
3.52
1.73
3.458
1.525
1.798
2.008
2.467
3.668
1.825
2.404
1.565
3.275
2.868
2.658
3.615
1.534
3.976
2.331
2.348
3.668
2.523
3.372
3.259
1.949
1.925
1.624
3.39
2.274
3.378
1.741
2.79
3.117
2.583
3.204
1.747
2.127
3.357
1.86
3.521
1.749
3.381
2.664
2.505
2.95
2.722
2.752
2.189
2.012
1.696
1.696
3.897
3.647
1.883
3.243
3.639
3.174
3.491
3.123
3.953
3.201
1.661
3.288
2.871
2.819
3.335
3.553
3.168
1.728
1.949
3.397
3.518
3.532
1.792
2.086
2.668
1.68
2.605
1.948
3.793
1.68
3.769
3.631
2.898
3.483
2.341
1.922
2.227
3.606
3.129
1.86
1.551
1.508
3.135
2.264
2.999
2.627
2.002
3.877
3.289
3.228
1.567
3.313
3.94
1.898
3.718
3.117
3.869
2.075
3.561
1.705
3.439
2.945
2.295
2.496
1.93
1.686
3.542
1.678
3.054
2.41
2.353
2.975
2.159
2.223
2.839
1.961
2.128
2.911
2.19
1.953
2.674
1.823
1.611
3.358
3.632
3.149
1.737
2.606
3.09
2.725
2.606
3.564
2.294
2.632
3.291
2.023
1.637
1.674
3.236
1.832
2.097
3.705
1.644
2.711
3.978
3.321
2.551
3.856
3.809
3.091
1.557
2.376
2.219
3.357
2.047
3.186
3.955
1.981
2.896
1.722
3.935
2.251
1.996
1.763
3.319
2.746
2.675
2.39
2.833
3.547
2.205
2.362
3.119
3.864
3.255
3.205
3.211
3.873
2.243
3.446
1.803
2.987
3.98
3.92
2.492
2.377
1.988
2.614
1.744
2.599
3.71
2.56
3.858
2.129
2.58
3.966
2.888
3.222
2.666
2.351
2.129
1.555
1.788
2.286
3.75
2.766
2.995
1.617
3.878
2.936
2.521
3.426
2.658
2.456
1.849
3.565
2.448
3.62
2.924
2.701
2.042
3.787
3.858
1.995
1.842
3.188
3.282
3.933
1.628
3.225
3.536
3.493
2.185
2.497
3.141
1.606
3.449
2.289
2.274
1.635
3.442
2.981
2.526
2.445
3.857
3.599
3.273
1.993
1.804
3.244
3.251
1.836
1.797
2.058
3.23
1.899
2.827
2.625
1.645
2.425
3.227
2.726
2.477
1.868
1.8
2.797
3.184
3.634
3.721
1.873
3.104
2.136
3.838
1.901
2.266
3.492
3.386
3.984
3.72
3.723
3.973
1.822
3.16
2.04
3.21
1.65
2.754
2.598
3.395
3.928
1.83
3.394
3.336
3.201
2.513
3.1
3.354
1.946
3.777
3.075
3.25
2.687
2.117
2.018
2.212
2.236
3.746
3.847
2.555
1.72
3.798
2.925
3.66
1.592
2.356
2.52
1.813
1.548
2.288
2.256
1.926
3.423
2.208
3.777
2.932
3.187
3.598
2.093
3.07
3.048
2.231
3.669
2.216
3.333
3.861
2.263
3.633
2.043
2.151
2.709
2.349
1.79
3.109
3.79
2.099
3.355
2.283
3.109
3.336
3.212
2.985
3.229
3.419
2.126
2.618
1.5
2.788
1.844
1.815
3.335
3.334
2.755
1.884
2.482
3.957
2.19
2.515
3.134
3.824
2.878
2.339
3.222
2.583
2.604
3.863
1.796
2.866
2.038
2.259
1.723
3.411
1.627
3.425
3.307
1.803
3.657
2.902
3.152
1.746
2.818
3.526
3.574
2.703
3.529
3.866
3.369
1.853
2.053
1.939
3.326
3.296
1.827
1.7
1.676
2.114
2.708
3.355
1.856
3.47
3.4
3.139
3.907
3.115
2.462
3.832
1.777
1.754
3.391
3.404
1.508
2.747
2.318
1.567
2.218
2.098
3.073
1.838
1.801
2.357
2.356
2.614
3.29
2.242
3.138
3.571
3.704
3.375
3.383
3.499
3.072
1.881
2.634
3.098
2.879
3.974
3.132
3.171
3.776
3.907
3.85
3.063
2.549
2.747
3.759
2.045
1.669
2.117
2.939
3.832
3.266
1.751
1.502
2.704
3.995
3.133
2.611
3.891
2.016
2.784
1.583
2.148
1.816
3.186
3.057
2.239
3.833
3.0
2.957
2.457
2.392
2.149
3.335
2.549
2.056
3.943
2.972
1.504
3.717
3.691
2.406
3.771
2.419
2.897
1.601
3.992
2.015
2.878
2.308
3.377
2.939
3.713
2.533
3.757
1.819
3.054
2.721
3.569
1.843
3.321
2.857
2.765
2.83
2.726
1.824
2.582
3.416
1.982
2.343
3.1
2.867
3.484
3.37
2.24
2.651
3.529
1.85
1.961
1.583
2.771
2.836
2.312
2.921
3.229
2.298
2.459
3.005
2.35
3.431
3.584
2.395
3.197
2.021
3.734
2.614
1.976
1.798
2.713
3.081
3.385
2.971
3.665
2.044
3.738
3.729
2.438
2.33
2.53
2.251
3.644
3.185
1.9
2.485
3.228
3.516
1.693
3.982
1.645
3.109
1.564
2.057
2.088
2.168
1.558
1.866
2.953
2.266
3.558
2.207
3.728
2.92
2.87
2.055
1.95
2.046
1.551
3.491
1.748
2.495
2.227
3.388
3.726
1.517
3.24
3.579
3.069
1.707
1.785
2.465
3.243
3.053
2.883
1.858
1.693
1.56
3.132
2.799
2.416
2.979
1.591
3.438
1.819
2.013
3.922
3.365
3.37
2.57
2.785
2.958
2.339
2.867
3.867
3.672
3.894
2.847
2.292
2.033
1.641
3.394
2.791
3.59
2.949
3.144
2.268
3.024
3.967
1.754
1.596
3.942
3.303
2.091
2.242
3.286
3.461
2.503
1.655
2.391
3.807
2.207
3.96
3.035
3.571
2.339
2.926
3.726
2.463
1.543
3.691
3.138
2.495
3.097
2.015
1.527
2.505
3.947
3.215
1.526
2.217
3.454
2.359
3.731
3.016
3.052
3.951
3.836
3.529
2.125
2.509
2.894
3.934
2.847
3.818
2.342
3.929
3.947
3.467
1.652
2.078
1.597
2.028
2.564
3.039
1.714
3.53
2.951
3.981
3.177
2.785
3.778
1.595
3.038
2.4
2.476
2.394
1.814
2.018
2.361
2.444
1.701
1.723
3.433
3.481
2.036
1.797
2.765
2.547
3.031
1.847
3.858
2.262
2.332
2.189
3.522
3.063
3.534
1.642
3.772
3.775
2.105
1.506
1.791
2.698
1.611
3.671
1.658
2.928
2.23
2.024
1.704
3.129
2.147
2.363
1.693
3.455
2.301
2.566
2.776
2.389
1.892
1.67
1.608
2.601
2.736
3.427
3.264
2.638
2.888
3.117
1.565
3.095
2.401
3.97
2.017
3.276
3.488
3.945
2.047
2.05
3.593
3.295
3.527
3.629
2.694
2.702
1.9
3.424
3.571
2.976
1.955
3.224
2.082
3.291
2.926
3.593
3.229
1.68
3.586
2.735
3.987
3.082
3.456
1.973
3.486
2.539
1.629
1.982
3.176
2.33
3.794
2.336
3.63
3.495
1.909
2.837
3.758
2.891
3.523
3.67
1.877
1.53
1.527
2.521
2.16
2.229
2.575
1.772
3.012
3.922
3.489
2.243
3.163
3.211
1.706
1.985
2.388
3.739
3.835
1.621
1.802
2.186
2.161
3.988
1.692
1.924
2.222
3.739
3.676
2.94
2.921
2.022
2.712
3.399
2.942
3.227
1.92
3.686
2.352
2.021
2.241
1.593
1.772
3.777
3.436
3.807
3.293
3.47
2.491
2.03
1.582
3.632
2.44
2.642
1.639
1.989
2.542
3.113
2.993
2.695
2.637
2.454
3.838
2.578
2.012
1.674
3.023
2.288
2.32
3.599
3.535
2.982
2.603
2.722
2.466
3.713
3.758
3.62
1.604
3.291
3.936
3.67
1.67
3.805
3.197
3.102
3.728
3.369
3.236
3.414
2.375
2.143
2.476
1.746
3.485
3.748
2.717
2.827
3.126
2.66
2.167
2.837
3.586
2.755
2.473
3.824
2.272
2.193
3.564
3.298
3.457
2.119
3.267
2.603
1.917
2.085
3.967
2.943
1.531
2.187
1.586
2.774
2.216
1.535
3.763
3.586
1.867
2.906
2.403
3.339
3.868
2.287
3.451
2.748
1.849
2.502
3.341
2.288
3.546
3.932
2.708
3.81
1.63
3.43
2.757
1.799
3.659
1.931
3.989
3.249
3.828
3.679
1.663
2.644
2.887
2.089
2.245
3.806
2.049
2.369
2.387
1.832
3.533
3.398
2.023
2.527
2.972
3.774
3.482
3.637
2.033
3.004
3.182
1.529
3.081
2.353
2.196
3.724
2.131
2.043
3.634
3.495
2.145
2.711
2.656
1.963
2.479
3.628
2.895
3.542
1.744
3.129
3.269
1.9
3.811
3.76
1.579
2.742
2.916
2.711
2.148
2.922
3.599
2.289
3.663
1.669
1.69
3.708
1.896
3.485
1.542
3.066
3.511
3.261
2.84
2.351
2.928
2.37
2.012
2.393
3.517
3.048
3.975
1.526
1.589
1.848
2.255
1.715
1.695
3.955
2.944
1.91
1.729
3.026
3.574
2.584
1.612
2.898
2.018
2.623
3.255
2.723
3.532
3.28
3.692
2.768
2.895
2.542
2.284
2.633
2.644
3.02
1.561
3.31
2.573
1.708
2.23
2.836
3.886
2.412
2.997
3.288
2.96
2.669
2.552
3.484
3.472
1.517
3.751
3.894
2.984
3.213
3.552
2.901
2.208
3.258
3.184
2.719
1.761
3.733
2.387
1.511
3.364
3.314
1.737
3.174
1.865
3.007
2.32
2.495
3.916
2.184
3.955
1.751
1.731
3.432
1.664
1.591
2.257
1.553
3.113
1.851
1.835
1.825
3.602
3.076
3.386
3.486
3.689
2.555
2.912
3.786
2.016
1.556
2.75
1.656
3.774
3.224
2.397
2.564
3.756
3.54
3.32
2.85
1.979
2.728
3.336
3.749
1.619
2.126
1.847
1.555
1.862
2.741
2.32
1.718
3.523
3.175
3.277
1.7
2.933
1.973
3.447
3.084
2.608
3.724
2.505
3.747
1.685
2.495
2.146
3.18
3.113
2.655
2.168
2.08
3.989
2.241
2.473
3.725
1.699
3.706
3.707
3.702
3.925
2.466
2.062
2.06
3.775
2.499
1.904
2.914
2.352
3.441
3.527
1.871
3.45
3.585
2.5
2.404
2.6
2.208
3.493
2.984
2.342
3.01
3.09
2.773
2.474
1.829
1.813
1.737
2.625
2.991
3.722
1.942
2.674
2.196
2.924
3.189
2.68
2.459
3.504
2.292
3.81
2.934
3.795
3.59
2.589
3.432
1.81
1.877
1.533
2.45
3.734
1.988
2.707
3.916
2.336
2.919
2.623
2.404
2.855
3.94
3.082
3.929
2.881
3.055
3.968
3.734
1.673
2.124
3.913
1.684
3.213
3.15
3.002
2.386
2.867
2.062
3.512
2.639
2.42
1.583
2.449
1.739
2.797
3.82
2.145
1.644
1.664
2.642
3.499
3.101
3.2
2.258
2.244
2.645
1.959
2.405
2.241
3.421
3.324
3.499
3.545
2.635
2.343
2.574
3.089
2.586
2.057
3.185
3.196
3.188
3.236
3.328
3.212
2.608
1.788
3.802
2.84
2.131
2.014
1.609
3.115
3.281
2.934
1.784
1.771
1.969
3.144
3.491
1.846
2.894
3.584
1.855
3.689
2.178
3.244
3.948
1.73
1.904
3.762
3.679
3.822
2.987
1.801
1.717
2.754
2.873
3.038
3.803
1.851
3.953
2.001
1.815
1.8
1.747
3.559
2.893
3.432
1.545
3.091
1.662
3.874
2.546
3.802
2.21
3.26
3.293
2.743
3.495
2.367
2.676
3.275
2.376
2.235
3.886
2.969
1.547
3.925
3.42
1.865
2.452
3.16
2.322
1.984
3.899
3.013
1.845
3.311
2.339
3.498
3.826
3.278
3.279
1.732
1.742
3.235
3.994
2.488
1.533
1.685
3.648
2.339
1.966
3.802
3.724
3.47
3.433
2.709
3.353
3.341
2.174
2.896
3.561
3.568
2.244
3.495
3.859
1.886
2.416
2.925
3.154
1.776
3.685
1.894
3.572
3.027
3.725
3.313
3.48
2.248
2.259
3.462
2.061
1.708
1.778
2.323
3.908
2.795
3.989
2.025
2.058
3.566
1.534
1.905
3.255
2.406
3.624
3.463
3.86
3.438
3.166
3.97
2.706
3.366
2.873
2.904
2.855
2.966
3.026
2.895
2.215
1.902
3.255
2.905
1.832
1.69
2.633
2.855
3.378
3.842
2.205
3.181
2.104
3.101
2.16
3.731
3.49
2.789
2.734
2.431
3.056
2.88
1.745
3.41
2.48
1.675
1.789
3.771
1.693
2.245
3.527
2.537
3.469
1.961
1.561
2.294
2.984
3.662
2.117
2.461
2.505
3.148
3.012
1.904
3.81
3.861
1.553
3.985
1.608
3.867
3.314
3.291
3.785
2.122
3.134
3.827
3.345
3.942
2.042
2.849
3.955
3.279
3.93
3.202
2.433
2.649
3.88
2.12
1.941
1.696
3.399
3.14
2.824
2.571
1.649
1.987
1.984
2.331
2.256
1.856
3.309
2.956
2.265
1.813
2.381
3.45
3.233
1.503
3.768
2.263
1.544
2.25
2.089
2.29
3.397
4.0
3.777
1.719
2.543
3.542
2.659
3.416
1.757
3.671
3.293
1.912
1.876
2.811
3.767
2.013
1.866
1.672
3.543
1.725
1.962
1.547
2.143
2.612
3.599
2.487
3.935
3.293
3.547
3.185
3.355
2.086
1.825
3.442
3.65
2.108
2.461
1.756
1.866
1.938
2.883
2.016
1.968
1.565
2.331
2.848
3.176
3.442
2.399
3.54
2.395
2.057
2.85
2.093
2.569
2.543
3.283
2.355
3.513
2.747
2.805
1.961
3.13
1.875
3.621
1.658
3.879
2.31
2.207
2.644
2.569
2.381
3.339
2.868
1.543
3.827
2.884
2.634
1.879
1.756
3.282
2.691
1.618
3.786
3.294
3.548
1.679
3.597
1.55
3.587
3.874
2.795
3.421
2.366
2.065
1.925
3.68
2.661
3.737
1.643
3.04
3.334
3.271
2.456
2.57
2.535
1.82
3.82
3.15
3.875
1.795
1.535
2.165
1.643
2.99
3.143
3.909
3.685
2.474
2.216
3.219
2.184
3.459
3.503
1.689
2.588
3.356
1.949
2.101
2.346
3.033
2.224
2.631
3.926
1.657
3.484
3.788
3.78
2.423
3.912
2.248
2.541
1.67
3.949
2.062
3.566
3.016
2.881
3.798
2.898
3.078
3.265
2.307
1.608
2.381
3.201
3.949
3.062
2.561
2.588
1.753
2.925
2.591
2.293
2.434
2.203
2.648
3.385
1.547
3.644
3.006
3.211
2.94
2.701
3.913
3.438
2.859
2.788
3.819
3.906
3.005
3.988
1.632
3.799
3.362
3.191
2.438
3.975
3.111
3.937
1.512
2.2
3.228
2.719
1.959
1.916
2.163
1.787
1.555
1.771
2.972
3.069
3.37
3.866
3.632
3.523
2.218
2.537
3.852
3.858
3.071
3.934
3.164
2.349
2.146
1.742
2.234
1.868
3.749
2.56
2.494
2.152
3.755
3.155
3.845
1.991
2.692
2.515
1.869
3.786
2.872
2.016
3.669
3.519
2.285
2.627
2.869
2.887
1.847
1.516
2.368
3.591
3.328
2.855
3.356
3.265
1.805
2.585
3.788
2.329
3.421
2.695
1.787
2.621
2.143
2.937
3.457
2.923
3.095
2.906
1.811
3.415
3.378
3.544
3.245
2.687
3.117
3.278
3.659
2.876
3.699
3.864
3.527
3.898
2.525
3.461
1.678
2.607
2.197
3.853
2.412
2.557
3.859
3.114
3.423
3.807
3.881
1.572
2.475
2.446
3.709
2.497
3.122
2.698
2.046
1.502
3.737
1.777
1.893
3.156
1.884
3.42
1.622
1.595
1.6
1.958
2.294
2.28
2.631
3.01
2.654
2.748
1.748
3.487
1.569
2.112
2.318
2.372
3.787
3.257
1.654
1.693
1.721
2.104
2.317
3.108
3.479
2.091
2.053
3.735
3.225
2.976
2.202
2.246
2.05
3.437
3.454
3.202
2.476
2.94
1.94
2.376
3.575
3.72
3.806
3.82
3.823
1.841
3.219
2.829
2.557
2.907
2.265
2.394
2.947
3.05
3.853
3.624
1.819
2.71
2.909
2.27
2.978
1.576
3.825
3.813
1.924
3.769
3.204
3.483
3.984
2.91
2.978
1.745
1.975
3.259
2.279
3.566
2.141
2.888
2.18
2.801
2.303
3.479
1.953
1.761
1.649
3.243
2.536
2.416
1.535
2.876
3.667
2.439
3.466
2.86
3.754
3.088
3.85
3.11
3.651
1.772
3.932
2.202
3.905
2.707
3.597
3.23
2.897
2.999
2.493
3.361
2.675
2.108
3.255
2.355
1.898
3.14
2.827
2.887
3.436
2.08
2.739
3.679
2.603
2.734
2.083
2.104
3.864
3.889
1.958
3.305
1.871
1.699
3.518
3.702
2.168
2.534
1.562
1.516
3.336
2.843
3.905
3.508
1.631
2.198
3.847
3.04
1.92
2.487
2.645
1.872
1.588
2.812
2.978
3.335
3.525
1.975
3.845
2.393
2.874
1.549
1.591
2.167
1.725
2.268
2.479
3.953
2.121
2.734
3.728
3.966
2.55
3.596
2.967
3.23
3.166
2.512
2.149
1.665
2.407
2.765
2.297
3.744
2.744
2.763
1.958
3.987
3.537
2.985
2.343
2.278
2.825
3.263
1.895
2.885
1.641
2.442
3.098
3.555
2.036
2.764
1.661
2.033
1.671
3.621
2.781
3.945
2.012
3.141
3.893
3.271
2.695
2.615
2.948
1.704
3.864
2.827
1.798
1.914
1.613
2.385
3.006
1.767
3.397
2.154
2.358
1.939
3.569
3.602
3.078
1.87
3.457
2.656
3.901
2.32
1.955
2.756
2.111
3.593
1.739
1.927
3.276
2.411
3.936
1.766
2.416
3.567
3.946
2.858
2.622
3.216
2.183
1.886
2.114
1.938
3.541
2.263
2.98
3.477
3.702
2.357
3.8
2.98
3.693
2.916
3.021
1.936
3.173
3.22
3.739
3.019
2.716
2.233
3.636
3.591
3.544
3.585
3.646
3.079
2.865
2.902
2.785
1.726
2.977
3.715
2.975
3.105
3.587
2.97
3.71
3.137
2.162
2.185
3.562
2.303
3.008
2.253
2.111
2.209
2.967
3.327
2.414
2.252
3.717
3.576
3.523
3.81
2.393
2.818
3.778
3.637
1.582
2.935
1.568
3.622
3.545
1.89
3.51
2.514
2.956
3.225
1.639
2.086
3.491
2.425
2.719
2.272
3.119
1.867
2.068
3.584
2.534
2.098
3.368
2.444
3.826
3.993
2.27
3.492
2.837
3.802
2.262
2.421
2.955
3.105
2.298
3.498
1.957
2.044
3.335
2.069
2.969
3.123
3.816
2.163
2.587
2.69
2.319
2.467
3.209
2.827
3.934
2.85
2.434
2.175
1.935
2.959
2.333
1.746
2.917
2.998
3.734
3.284
1.593
1.553
2.642
1.913
1.952
1.639
2.619
3.336
3.81
1.681
2.483
3.898
3.14
3.066
3.696
1.595
2.275
2.468
2.459
3.44
1.987
2.727
2.952
3.392
3.083
1.625
3.767
2.787
3.761
3.987
1.878
3.373
1.835
1.887
2.343
2.879
2.152
1.944
3.508
2.388
2.941
3.787
3.085
1.6
3.719
1.504
2.563
1.799
2.914
3.835
3.858
3.413
3.47
1.628
3.356
3.962
3.197
3.909
1.551
2.615
3.399
2.206
3.984
2.915
3.909
2.942
1.827
3.36
3.55
3.606
2.386
2.942
2.101
3.192
3.121
2.239
3.943
1.92
1.999
2.965
1.875
2.664
3.517
1.517
1.96
1.962
3.859
3.083
1.646
3.332
3.221
2.034
2.987
2.782
2.757
3.167
3.283
2.848
4.0
3.512
3.799
3.644
3.545
1.67
2.605
2.405
1.632
2.433
3.685
1.798
3.331
1.742
2.872
1.703
3.078
3.482
2.831
2.257
3.387
3.025
1.979
3.667
3.022
2.706
3.455
1.903
3.616
3.287
1.765
3.655
3.848
3.732
2.497
2.353
1.972
3.24
3.909
3.124
1.762
1.813
3.852
2.521
1.643
2.594
1.954
3.365
1.942
3.769
2.485
2.914
1.868
3.007
3.93
2.195
2.484
2.552
2.658
3.56
1.89
3.166
2.171
2.222
1.611
2.22
3.643
2.404
2.163
2.099
3.778
1.727
2.668
3.096
2.91
3.103
2.224
2.318
3.222
2.284
2.6
2.183
2.362
2.003
2.139
3.542
3.78
3.289
3.984
1.799
2.694
2.532
3.402
3.364
1.582
2.965
3.102
2.901
2.644
2.734
3.222
2.563
1.996
3.51
3.504
3.289
3.767
2.914
3.674
1.813
3.751
3.529
3.156
1.522
3.167
2.107
2.835
1.796
2.778
1.819
3.48
3.742
3.228
3.67
2.845
2.882
3.026
2.837
2.942
2.075
2.083
3.819
3.298
2.289
3.584
2.454
3.083
3.948
3.803
3.939
3.868
3.606
3.729
1.655
2.565
2.618
3.248
3.705
1.686
1.845
3.298
1.942
3.941
2.438
3.464
3.2
3.719
3.582
2.759
2.945
1.893
1.874
3.868
3.182
3.071
3.651
1.713
3.064
2.665
1.686
3.631
2.629
3.968
2.938
1.93
1.977
3.276
3.603
3.865
3.82
2.574
3.661
3.629
3.762
3.813
2.503
1.857
3.905
3.546
3.074
2.729
3.839
3.826
2.211
3.388
2.817
1.964
1.64
2.074
1.797
3.058
1.663
2.168
3.071
3.278
2.517
3.201
2.462
1.635
2.044
3.667
3.21
3.603
2.367
2.787
1.633
3.042
3.421
2.517
3.514
3.825
1.61
3.135
3.438
2.721
2.008
2.62
2.814
3.436
2.755
2.916
1.983
2.48
2.594
2.772
3.852
1.535
2.087
2.866
2.279
2.274
2.352
3.541
3.012
3.679
2.14
2.425
3.83
2.107
2.042
3.572
3.399
1.739
2.119
1.85
3.049
2.164
3.046
3.344
3.389
3.033
3.269
3.195
3.968
2.991
3.369
2.834
1.639
3.954
2.451
3.728
3.817
2.016
3.276
2.078
3.282
1.603
2.206
3.561
1.987
1.878
3.533
1.763
2.631
3.921
1.646
3.265
1.951
3.455
3.1
2.992
2.188
2.791
3.306
1.92
3.771
1.743
2.601
3.808
1.791
3.167
2.436
3.254
2.024
3.585
3.445
1.719
2.348
1.661
2.027
3.233
2.95
2.487
1.711
1.64
3.243
2.263
3.721
1.826
2.594
2.172
2.963
2.259
2.585
3.221
3.022
2.092
3.004
2.156
1.563
3.113
2.726
3.693
3.838
2.894
3.203
2.254
2.892
1.998
2.246
3.504
2.055
3.951
3.92
3.223
1.587
3.88
1.659
3.535
3.504
1.995
1.735
2.194
2.745
3.354
1.662
2.654
3.729
2.81
2.154
2.602
1.55
2.526
3.0
2.149
2.333
2.959
2.301
3.187
3.705
3.137
3.38
2.923
3.616
3.343
2.775
3.105
1.635
2.407
3.041
2.267
2.762
2.856
1.79
3.6
3.117
2.574
1.823
2.944
2.257
3.097
2.306
3.071
3.178
1.579
2.714
2.728
2.714
3.21
3.057
1.887
3.093
2.458
3.731
2.755
2.114
1.657
3.749
2.677
2.033
3.269
2.969
2.421
3.193
3.6
2.611
3.713
2.223
2.555
2.553
3.593
2.137
1.58
2.332
3.375
2.335
3.775
1.79
3.131
3.672
3.204
1.538
3.852
1.547
3.781
3.793
1.907
3.791
3.813
2.282
3.232
2.339
1.755
1.824
2.252
3.701
3.004
1.673
2.579
2.23
2.087
3.534
2.879
3.034
1.598
2.579
3.044
1.829
3.285
3.782
1.847
3.568
2.432
2.572
2.134
2.511
1.846
3.396
2.097
2.302
2.66
3.073
2.489
2.998
2.555
1.732
1.544
2.734
1.953
3.981
2.687
2.991
2.644
2.998
3.342
2.773
1.987
2.683
1.639
2.802
2.885
2.353
2.704
3.365
2.387
3.415
1.931
3.882
2.576
1.502
3.787
2.395
2.383
1.6
2.649
2.608
1.528
3.376
1.786
1.86
3.1
2.994
1.709
3.555
2.289
3.816
1.835
3.723
3.938
3.209
2.856
2.832
2.319
1.809
2.57
2.287
3.929
3.722
3.876
3.8
3.921
2.143
3.313
1.726
2.242
3.896
2.6
1.801
2.487
2.57
1.955
1.613
3.558
1.505
2.717
2.123
3.077
3.081
2.359
3.843
1.96
2.473
2.975
3.169
1.716
3.752
1.597
2.397
3.314
3.243
2.488
3.484
2.953
3.499
1.883
1.723
3.204
3.467
2.573
3.024
2.85
2.26
1.502
2.978
1.549
2.209
3.849
3.384
1.623
1.718
3.526
3.76
3.441
2.907
2.601
1.62
1.931
3.759
2.664
1.88
3.477
2.713
1.958
1.763
3.436
2.709
3.543
2.729
3.813
2.073
2.303
2.208
3.839
3.352
1.705
2.705
2.791
2.536
3.436
1.787
3.566
2.049
3.095
2.023
2.952
1.768
3.082
2.405
2.965
1.757
2.743
59.056
3.867
2.716
3.644
1.849
2.504
2.378
2.262
3.349
3.855
1.561
3.318
2.758
3.988
3.272
3.4
1.948
2.997
2.804
3.882
2.632
3.418
3.227
3.172
3.927
2.199
3.053
2.964
2.62
2.888
1.692
2.755
2.467
3.887
3.024
2.1
3.008
1.542
2.978
3.222
2.239
3.43
2.216
3.974
2.787
2.344
3.837
1.681
3.484
2.167
2.654
3.99
3.878
2.0
3.04
3.214
1.994
3.424
3.462
2.13
1.936
1.594
1.753
3.674
1.767
2.419
3.309
3.298
2.704
2.142
3.434
2.842
3.871
2.269
1.71
3.882
3.43
3.418
2.841
3.929
2.644
3.532
1.676
2.918
2.195
2.988
2.22
2.395
2.595
3.071
3.565
1.862
2.639
2.031
2.607
3.361
3.274
1.592
2.055
3.045
2.072
3.153
2.098
2.174
1.502
3.929
2.261
3.996
2.304
3.376
1.55
2.557
3.114
1.648
2.909
3.28
2.152
2.899
2.767
1.979
3.057
3.619
3.508
2.783
3.305
2.561
3.853
1.61
3.76
2.512
3.626
3.488
2.717
2.695
2.628
3.477
3.197
2.206
3.231
3.983
2.219
1.502
2.731
3.751
1.587
2.675
1.864
2.949
2.834
1.923
3.305
3.976
3.743
3.606
3.79
3.278
2.323
3.553
1.533
3.995
2.815
2.158
3.154
3.49
3.499
3.784
2.092
2.505
2.772
2.948
2.519
2.832
1.928
2.691
2.718
2.06
3.055
3.403
2.033
2.537
2.149
3.887
1.505
2.129
3.784
3.09
2.872
3.418
2.112
2.965
3.049
1.959
3.084
3.788
3.948
2.535
2.81
Error de lectura!!!
3.447
2.676
2.505
3.968
3.333
3.817
2.975
3.072
1.961
2.015
3.536
3.358
3.316
3.833
2.008
3.401
3.662
2.305
2.1
3.861
2.479
2.43
2.852
1.751
3.116
1.75
3.226
2.01
3.816
3.458
2.185
2.427
2.0
3.164
2.143
1.528
2.872
1.589
2.115
3.919
2.51
2.33
2.898
2.093
2.322
2.101
3.398
3.885
3.169
2.151
1.507
1.55
2.607
3.482
2.582
2.627
3.405
2.625
2.153
3.225
1.692
2.79
3.649
3.728
1.594
2.056
2.077
3.218
2.077
2.107
3.138
1.664
1.771
3.283
2.574
3.04
1.946
1.661
1.531
3.723
3.935
2.68
3.712
3.044
2.922
3.916
2.846
2.831
3.404
2.699
2.822
3.275
2.433
1.94
3.145
1.641
3.924
3.148
3.215
1.617
3.939
2.368
2.687
1.536
3.44
3.501
3.761
3.238
2.768
2.317
3.33
3.961
2.35
3.377
3.956
2.779
2.546
3.63
2.597
3.818
2.283
1.579
2.29
1.629
2.499
2.753
3.933
3.647
3.274
2.89
3.903
2.515
2.194
1.839
2.717
3.658
3.249
2.033
2.394
1.616
3.042
2.214
2.709
1.518
2.788
3.983
2.061
3.418
2.318
3.539
1.585
3.104
2.111
2.703
2.207
2.268
2.165
1.816
2.139
3.128
1.946
3.016
3.566
3.272
3.242
2.109
2.507
3.743
3.382
3.755
1.935
2.867
2.957
2.242
2.791
3.827
2.49
3.262
2.882
1.771
3.792
1.548
2.895
2.081
1.648
1.518
1.657
2.625
3.883
3.449
1.634
3.66
2.192
1.5
3.401
3.555
3.181
2.791
1.676
2.07
3.876
3.735
1.66
2.043
2.583
3.233
2.909
2.011
3.015
3.969
2.672
3.411
2.093
3.872
1.707
3.807
3.597
1.609
3.559
3.356
1.557
1.678
3.995
2.712
2.119
1.627
1.957
2.456
1.999
2.927
3.035
1.985
1.63
1.552
2.499
2.034
3.546
2.471
2.719
3.329
2.355
2.031
2.162
3.625
2.517
3.57
2.788
3.506
2.129
1.56
3.318
2.147
1.534
2.323
1.93
1.546
3.94
3.816
3.897
2.7
2.24
3.098
3.449
2.468
2.484
2.724
3.604
3.15
2.39
1.623
2.031
2.177
1.838
1.845
2.245
3.803
2.331
1.881
1.799
2.513
1.874
2.304
2.577
3.054
1.649
1.743
3.664
3.143
3.526
2.286
2.662
2.397
1.812
2.869
3.277
3.647
2.436
3.319
2.918
2.809
2.817
1.698
2.241
2.76
3.086
1.58
2.845
2.037
2.108
3.784
2.064
3.521
2.431
1.596
3.902
1.695
3.594
3.792
3.664
3.406
2.401
2.139
2.14
2.772
1.622
3.272
1.533
1.89
2.481
3.792
3.172
1.516
1.697
2.311
2.947
2.526
3.384
2.211
2.561
2.284
1.726
3.814
1.558
Error de lectura!!!
1.673
3.315
2.611
2.094
2.129
3.861
1.589
3.328
3.394
2.624
2.491
3.58
2.897
1.809
3.192
3.239
2.673
3.428
2.375
2.869
2.644
3.133
3.949
3.093
3.933
2.423
1.925
3.962
2.051
1.87
2.509
1.718
3.563
3.886
3.447
3.878
2.084
3.719
2.488
3.793
1.917
2.939
2.98
1.867
3.693
1.682
3.509
1.607
2.658
3.732
1.899
2.816
2.586
2.412
1.815
2.681
2.858
1.724
1.569
3.888
3.454
3.722
1.783
3.731
2.925
2.208
2.656
3.785
2.548
2.493
2.976
3.368
2.746
2.628
3.628
1.965
2.24
1.677
3.783
2.601
3.944
3.889
1.651
2.298
2.454
2.462
3.772
2.083
3.344
1.889
3.028
1.955
1.998
2.256
2.722
3.033
1.946
3.1
2.311
3.126
2.071
1.822
2.39
3.589
1.807
2.449
3.306
1.564
3.416
3.176
3.585
1.838
3.362
2.368
2.627
3.573
3.236
3.228
3.925
3.455
2.597
2.606
1.953
1.826
2.915
3.209
3.288
3.083
2.974
2.783
2.719
3.003
1.934
1.603
2.498
3.134
1.963
2.405
1.571
3.29
1.611
2.552
3.353
2.821
3.944
3.81
3.572
2.542
3.108
1.795
1.507
3.576
2.287
2.749
2.978
3.31
3.998
2.404
1.641
3.51
1.961
1.918
3.18
2.739
1.919
2.48
3.871
2.585
3.847
2.862
2.663
3.607
2.05
2.05
2.916
3.311
1.719
2.864
3.035
3.852
2.305
2.379
3.633
3.049
2.668
1.854
1.979
3.498
2.031
1.892
2.872
3.63
2.775
1.512
3.423
1.856
1.93
3.492
2.224
1.856
3.903
2.324
1.901
3.591
3.259
2.107
1.525
1.84
3.713
1.89
1.668
1.724
1.822
1.586
1.577
2.985
1.922
2.635
1.509
3.901
3.29
3.09
1.773
3.285
3.046
2.99
2.915
2.025
2.631
1.521
1.588
2.402
3.707
2.501
3.962
3.568
1.571
2.644
2.35
3.091
2.578
3.132
2.581
1.69
1.551
1.852
2.537
2.949
2.284
2.68
2.661
3.069
1.991
2.804
2.677
3.854
3.78
2.188
2.929
1.587
3.358
2.321
3.175
1.884
2.273
3.789
3.12
2.086
2.145
1.531
1.941
3.17
3.936
2.891
1.594
1.923
2.278
2.971
3.963
3.086
3.808
2.274
2.752
2.507
2.814
2.708
2.015
1.829
2.588
2.842
3.509
2.474
3.949
2.949
2.334
2.693
3.737
2.873
2.574
3.59
2.354
2.771
2.841
3.001
3.054
2.577
2.029
2.884
3.967
1.682
1.955
3.844
3.305
3.119
2.623
2.217
3.906
3.307
3.391
1.55
1.638
2.105
2.097
2.294
1.752
2.675
3.928
3.115
2.18
2.624
2.085
3.307
1.704
3.623
3.913
3.597
1.613
1.991
2.926
3.645
2.328
3.557
2.356
1.739
2.525
1.605
1.866
2.71
2.629
1.526
2.159
3.551
2.181
1.734
3.296
2.066
3.752
1.994
1.924
2.753
2.312
2.814
2.561
2.394
1.541
3.724
3.843
3.899
3.484
3.38
2.929
1.715
3.528
1.512
2.775
3.683
2.808
3.892
3.14
2.759
3.755
3.374
1.863
3.546
3.492
2.979
3.296
3.767
2.862
2.716
2.659
2.33
3.461
2.998
3.971
3.59
2.64
2.594
3.613
3.403
1.74
3.05
3.435
2.382
3.324
1.798
2.638
3.376
3.985
3.325
3.159
2.646
1.573
2.178
2.049
1.798
3.577
1.774
2.739
2.575
1.977
2.075
3.669
1.811
2.68
2.601
3.246
3.005
1.643
2.632
3.334
2.253
2.523
2.783
2.277
1.957
2.873
1.743
2.333
1.815
1.781
3.536
2.162
2.641
3.181
2.37
2.72
3.456
3.47
3.692
3.306
2.134
1.81
2.539
2.194
3.203
2.409
1.834
1.777
3.543
2.922
3.481
3.52
3.514
1.609
3.647
2.492
1.818
3.225
2.026
2.139
3.862
3.633
1.594
2.619
3.104
1.956
2.328
1.709
2.393
2.995
2.22
3.812
3.957
2.989
2.118
3.955
2.472
2.241
1.592
3.248
2.66
2.792
2.746
3.704
3.705
2.523
1.986
1.53
3.331
3.049
3.799
2.203
2.477
2.809
2.972
2.03
3.219
2.398
3.911
1.769
2.437
3.529
2.794
2.023
2.893
1.506
1.688
3.181
2.18
2.639
3.547
1.966
3.602
3.653
2.171
3.227
2.809
2.869
3.02
3.66
3.865
1.619
3.709
3.161
1.963
2.828
2.57
3.638
1.679
3.48
2.705
3.881
3.044
3.076
3.443
2.165
3.611
1.691
3.02
2.625
3.118
1.606
1.514
2.944
3.893
3.093
1.775
3.8
1.803
2.416
2.042
2.853
3.166
3.562
3.682
3.552
3.264
1.652
2.06
3.071
1.746
2.204
3.874
1.937
3.214
1.677
2.365
3.012
2.159
3.666
1.768
1.697
3.094
2.799
1.796
3.849
2.158
3.761
2.301
1.524
2.01
2.82
2.258
3.15
3.102
1.885
1.996
2.777
2.667
3.05
2.172
3.845
2.51
2.938
3.95
1.868
3.549
2.525
2.392
1.92
2.36
4.0
2.603
2.988
2.719
1.693
1.948
2.541
1.919
2.771
3.98
2.773
3.339
3.091
2.003
3.011
3.214
3.838
1.619
1.559
2.629
3.339
1.815
2.841
2.774
2.776
2.089
2.708
3.8
3.413
3.998
3.347
1.511
3.327
2.172
3.177
3.904
3.894
2.004
3.926
3.27
3.566
2.674
3.039
1.523
3.559
1.874
1.599
3.664
2.07
2.154
3.893
2.666
3.587
3.735
3.839
2.24
2.888
3.028
2.484
1.62
2.496
3.226
2.306
2.722
1.608
1.74
3.736
1.909
1.535
2.214
2.479
2.75
2.962
2.588
2.098
2.96
3.897
3.55
3.22
3.205
2.398
3.092
3.212
2.722
3.268
2.121
3.033
1.523
2.208
2.536
2.638
1.828
3.414
3.283
1.587
3.893
2.942
2.523
1.52
2.243
2.249
3.119
2.988
3.163
1.814
1.698
1.952
2.382
3.054
2.866
1.999
3.578
3.696
3.325
2.415
1.502
3.945
2.394
1.644
2.157
3.054
2.19
3.845
3.78
1.658
2.276
1.668
2.153
3.218
2.368
2.049
2.534
2.253
2.238
3.853
2.493
3.5
2.242
2.553
2.258
3.551
3.456
2.397
2.945
3.623
3.5
2.583
1.532
1.546
2.759
3.548
3.837
2.052
3.093
3.03
2.774
2.3
3.027
1.979
1.964
2.993
3.083
3.373
2.505
2.49
3.351
3.455
2.599
1.524
3.767
3.045
3.082
2.733
3.121
2.366
3.893
2.299
3.508
3.514
1.56
3.638
1.789
1.59
1.823
3.036
2.11
3.299
3.326
3.673
2.034
3.634
3.491
1.729
2.854
2.957
3.324
1.773
1.538
1.81
3.162
2.251
3.543
3.226
3.551
3.474
2.632
1.897
3.455
4.0
1.621
1.694
2.441
2.424
3.404
2.463
3.102
3.426
2.167
2.492
2.906
3.666
3.822
2.84
3.042
1.708
2.684
1.574
2.705
1.732
2.473
2.968
3.351
2.318
3.819
2.483
2.995
2.661
3.293
3.946
2.839
2.365
2.619
2.738
3.823
1.94
1.927
3.772
3.794
3.079
3.012
3.655
2.324
2.031
2.125
3.114
1.568
2.912
3.238
2.203
3.216
2.578
3.572
2.759
3.996
2.55
2.665
3.021
2.978
1.676
1.772
3.309
2.318
2.86
2.019
2.219
3.243
1.906
2.949
2.723
2.707
2.333
3.871
2.569
2.506
3.684
2.442
2.33
3.047
3.963
3.679
1.734
2.386
1.929
3.387
2.777
2.86
2.801
2.678
2.595
1.66
3.008
2.096
2.83
3.531
3.685
2.146
2.053
2.929
1.621
3.177
1.581
2.747
1.642
2.714
2.724
1.76
2.369
3.938
2.707
2.216
3.617
1.831
2.616
1.612
2.686
2.441
2.161
2.236
2.631
3.632
1.607
3.5
3.4
3.753
2.681
3.601
3.456
3.058
3.976
3.551
3.524
2.61
3.559
2.19
2.152
2.162
2.461
3.784
1.819
3.166
2.399
2.885
1.984
3.175
2.921
2.012
3.365
1.972
2.142
3.574
2.617
1.844
1.755
3.633
2.16
1.584
1.788
1.873
1.683
3.669
3.723
3.917
2.639
2.997
2.67
3.899
2.327
1.512
3.959
2.69
3.582
3.496
3.825
3.982
3.37
1.559
3.983
3.51
3.867
2.511
3.137
2.888
2.734
2.85
2.389
1.965
3.402
3.786
2.912
1.664
1.909
3.072
2.551
1.897
3.936
1.858
3.293
1.861
3.891
1.84
3.798
2.51
3.713
3.771
2.623
3.832
3.427
3.912
2.738
3.844
2.544
2.999
2.796
3.517
1.545
2.649
1.779
3.539
3.202
3.758
3.606
2.91
2.222
3.654
2.834
3.98
2.429
2.169
1.896
3.407
1.646
2.776
1.979
1.998
2.851
3.993
3.742
3.173
1.815
3.712
2.006
1.651
2.479
2.262
1.972
2.74
1.754
2.223
1.914
3.339
3.486
3.861
1.912
3.459
2.428
3.186
3.722
2.974
3.08
2.909
3.755
1.631
3.116
1.946
2.273
3.379
3.822
2.779
3.464
1.948
3.845
2.553
2.449
2.988
1.559
2.11
1.805
2.122
1.701
1.691
1.601
2.509
2.161
2.634
3.429
1.948
1.825
2.463
3.118
2.377
1.742
1.772
3.047
3.936
3.132
2.083
1.711
3.024
1.514
2.342
3.181
2.897
2.899
1.761
3.747
2.801
2.015
1.51
2.82
2.563
1.588
3.319
1.87
1.777
3.63
2.524
3.401
3.784
3.041
2.869
2.749
2.552
2.515
2.536
2.304
1.837
2.247
3.476
3.914
3.028
1.903
1.576
2.571
3.4
1.923
2.83
2.323
2.031
2.795
1.977
3.373
1.916
3.699
2.612
3.384
1.905
2.643
2.069
2.504
2.895
3.496
2.496
1.658
3.03
3.542
3.628
3.444
1.777
2.551
1.962
1.592
3.254
3.384
2.818
1.843
1.548
3.676
3.323
1.938
3.945
1.612
1.906
2.061
2.542
2.606
3.07
3.406
3.842
2.645
2.358
1.775
2.154
3.722
1.535
1.742
3.104
3.874
2.286
3.967
2.433
1.894
3.619
3.227
2.103
3.526
2.587
2.303
3.977
3.478
3.384
3.863
2.218
1.586
2.946
3.716
2.939
3.118
2.035
3.386
2.006
2.163
2.73
3.536
1.588
2.703
1.683
1.962
2.811
2.141
1.798
3.592
3.643
2.762
3.384
2.811
2.904
3.095
2.328
2.201
2.505
1.578
3.005
3.748
2.088
2.344
1.82
3.621
3.229
2.979
2.587
1.704
3.057
1.702
2.315
1.511
3.155
3.263
2.216
2.066
1.533
1.702
2.626
3.597
2.841
2.967
3.796
2.352
2.132
3.483
3.285
3.299
2.023
1.585
2.604
3.203
1.943
3.536
2.062
2.159
2.245
2.57
2.201
1.84
3.659
2.489
3.212
2.025
1.949
2.967
3.843
3.759
3.387
3.567
1.557
3.863
3.888
3.78
3.676
3.708
1.917
2.154
3.55
2.357
2.127
2.333
1.635
3.89
3.311
3.97
2.994
2.333
2.56
2.863
3.515
3.266
3.878
3.056
3.67
1.616
1.784
3.711
2.318
3.574
3.412
3.986
1.51
3.474
3.479
1.939
2.233
2.448
3.558
2.814
1.765
2.19
1.758
3.287
3.558
2.521
2.788
3.163
1.776
2.596
2.716
3.036
3.872
1.673
3.537
3.048
1.564
1.956
3.205
3.275
3.909
1.88
3.456
3.53
2.495
2.581
3.323
3.648
1.695
3.306
1.906
3.854
2.728
2.66
2.391
3.743
3.628
1.932
3.782
3.239
1.603
3.113
1.724
3.144
2.881
2.453
2.794
3.57
2.168
1.928
3.025
3.871
2.692
1.737
1.724
2.491
2.78
3.831
1.986
1.979
2.444
1.588
3.741
3.601
3.464
2.535
3.005
4.0
2.491
3.542
2.198
1.823
1.53
3.404
2.736
2.176
3.907
2.514
1.611
2.777
3.185
3.625
1.573
2.867
3.3
1.536
3.594
2.483
3.121
2.379
3.122
2.177
1.503
1.752
1.646
3.397
2.02
3.916
2.156
3.677
1.946
2.443
2.666
1.685
1.763
1.743
1.683
2.766
3.481
1.737
1.622
2.65
2.443
2.261
2.362
3.031
1.732
2.68
3.119
1.552
2.354
2.925
2.056
2.433
1.535
2.319
1.807
3.991
1.713
2.967
3.924
2.959
3.937
2.114
3.627
3.08
1.945
2.502
2.964
3.564
2.786
3.111
2.311
3.663
1.743
1.741
2.586
2.28
3.704
1.511
3.562
3.12
3.193
1.689
3.455
2.109
1.92
2.599
1.866
2.92
2.197
1.949
1.798
3.954
2.352
1.977
1.599
2.985
2.693
3.393
1.623
3.459
2.743
1.862
3.407
2.226
1.917
1.939
1.661
1.792
1.882
3.623
2.593
3.546
3.106
3.017
3.874
2.651
1.544
1.977
3.078
1.912
2.781
2.649
2.584
3.158
1.981
3.721
2.308
2.222
2.118
1.61
1.803
2.957
3.647
2.983
3.175
3.155
3.607
2.046
3.841
2.374
3.193
1.593
1.545
1.7
2.83
3.137
1.876
2.844
2.097
3.123
3.345
2.966
3.56
2.458
2.659
3.791
2.615
2.459
2.842
2.511
1.737
3.766
2.715
2.73
3.829
2.842
1.507
3.824
2.506
2.019
1.855
2.745
2.945
2.879
3.616
1.94
3.946
1.771
3.546
3.153
2.563
3.025
2.126
1.78
3.119
1.531
1.793
2.934
3.944
2.568
1.658
1.87
1.6
2.038
1.932
2.726
2.864
3.613
3.447
2.428
1.743
2.828
2.217
1.795
1.695
3.317
2.451
2.985
3.442
1.693
3.848
3.053
2.2
3.114
1.655
2.874
2.526
3.97
2.357
3.122
3.998
3.896
1.827
3.207
1.929
2.66
1.572
3.489
3.419
3.041
3.391
3.712
2.677
2.48
3.666
1.785
2.005
3.793
2.882
1.846
2.718
2.523
2.531
3.024
2.234
1.67
3.107
3.832
2.725
2.8
1.653
1.982
3.089
3.343
3.407
2.823
1.656
1.978
3.571
1.701
1.679
3.594
3.664
3.858
1.756
1.698
3.105
3.052
3.401
1.545
3.443
2.187
3.477
2.841
3.709
3.964
2.414
3.033
3.465
1.799
1.966
3.364
2.56
3.848
1.924
1.95
3.606
3.209
3.584
3.315
3.435
3.784
2.624
3.28
2.535
2.629
2.657
1.64
2.761
3.375
2.24
3.202
2.002
3.476
1.893
1.932
3.786
3.099
2.467
1.727
1.627
3.529
3.484
2.028
3.945
3.034
2.933
2.676
3.716
2.548
3.255
2.169
3.293
2.423
3.89
1.882
3.93
2.889
3.205
2.843
3.425
3.357
2.333
2.172
2.413
2.349
2.411
1.726
2.787
3.357
3.576
1.829
2.907
1.778
2.492
1.887
2.659
2.701
2.088
3.927
3.818
2.072
2.142
1.888
3.4
3.745
3.219
3.108
2.013
1.671
2.697
2.702
1.719
3.93
2.214
1.632
1.718
3.552
3.935
2.609
1.71
3.76
3.293
1.845
2.521
2.648
1.897
3.558
2.995
2.319
3.007
3.633
3.528
3.165
2.323
2.407
2.532
3.377
2.207
2.306
1.805
2.1
2.224
1.623
3.116
3.748
1.646
2.419
2.451
2.296
2.919
3.807
3.609
2.292
3.442
1.925
3.181
2.972
3.54
2.559
2.696
3.621
2.728
1.974
2.588
3.537
2.978
2.127
2.997
3.343
3.207
1.921
2.892
3.385
3.974
3.47
2.018
2.517
3.476
2.849
2.867
2.371
3.713
2.36
3.29
3.281
2.93
2.01
2.952
2.319
3.164
2.868
2.887
1.686
2.627
2.906
3.182
3.37
3.518
3.363
2.49
2.277
3.617
3.102
2.96
2.391
3.006
2.333
3.188
3.248
1.579
1.502
3.441
2.581
2.578
3.227
2.392
2.406
2.938
2.186
1.697
1.565
2.139
2.561
1.757
2.765
3.939
2.518
1.599
2.634
1.509
2.455
2.761
3.563
3.225
3.927
1.667
1.934
2.931
3.959
2.144
3.438
1.521
1.602
2.509
2.51
2.865
1.814
2.134
2.887
2.01
2.815
3.274
3.859
1.768
3.171
2.352
1.504
2.347
2.926
2.714
3.347
1.853
3.859
3.127
2.468
1.783
2.761
2.989
2.806
2.226
2.522
3.601
3.854
3.866
3.293
2.478
2.402
2.362
2.842
1.647
2.673
3.848
3.306
2.454
2.983
2.498
3.398
1.881
3.492
1.993
3.455
3.245
3.027
3.577
1.964
3.128
3.958
1.895
3.232
2.993
1.585
2.113
1.596
3.469
2.902
2.447
2.422
3.333
2.07
3.144
3.642
2.929
3.115
3.924
2.313
2.23
2.123
1.921
3.121
2.184
2.789
1.512
2.221
2.534
1.784
3.66
3.075
3.339
3.209
2.4
3.013
3.843
2.679
2.132
1.637
1.536
3.347
3.228
3.293
2.096
2.672
2.483
3.17
2.63
2.273
2.206
2.98
3.714
1.625
3.918
3.04
3.344
3.944
2.422
2.815
1.643
3.797
3.348
2.128
1.521
1.551
3.101
2.139
1.673
2.25
2.344
3.73
2.884
2.164
2.419
3.697
2.962
2.035
2.802
3.097
2.949
1.982
3.638
1.944
3.12
2.102
3.368
2.818
1.784
2.971
3.218
3.948
3.311
3.89
2.291
3.675
3.867
2.767
1.585
1.957
2.584
2.026
3.526
1.603
3.303
1.623
1.862
3.536
2.836
1.727
2.491
3.383
3.118
1.572
2.802
1.643
2.857
2.229
2.535
3.423
2.244
1.915
2.27
3.446
3.0
2.05
1.885
2.696
3.458
2.034
2.474
3.772
2.5
1.943
3.04
2.409
3.194
1.545
3.466
3.221
2.275
3.109
2.267
3.167
3.313
2.218
2.558
2.599
2.549
3.117
2.83
3.105
3.132
3.154
3.695
2.822
3.158
3.021
3.141
3.855
2.083
3.055
3.87
3.745
1.69
2.744
2.239
3.023
2.195
2.336
1.996
3.149
3.548
2.732
3.018
1.608
3.968
2.606
1.685
3.66
3.032
2.65
3.345
3.718
2.132
2.686
3.123
