2.856
3.567
2.776
2.102
3.236
2.709
2.347
1.6
2.419
3.0
3.433
2.951
2.775
3.425
3.389
3.161
3.63
3.441
3.958
2.105
3.162
1.838
3.199
3.612
3.892
1.895
3.575
3.279
1.853
2.118
3.771
3.301
2.609
2.418
3.826
1.793
3.134
2.931
1.84
4.0
3.45
2.09
1.536
3.149
1.686
2.61
1.793
3.719
3.012
3.191
2.634
1.766
2.205
2.404
3.876
2.645
2.813
2.746
2.422
1.978
3.679
1.663
3.749
3.106
2.167
1.97
3.733
1.685
1.908
3.137
2.682
1.57
1.755
2.945
3.686
2.471
3.389
3.124
2.634
3.271
3.107
3.069
2.566
2.3
1.602
3.056
3.755
2.166
2.747
3.697
3.56
1.644
1.578
3.152
1.606
3.11
1.879
1.684
3.986
1.589
3.799
3.769
3.397
2.363
3.744
2.459
3.524
2.216
1.776
2.026
3.293
3.805
1.641
1.719
1.529
3.11
2.087
1.944
3.72
1.775
3.917
2.165
3.038
2.605
2.382
1.742
1.676
2.826
3.36
2.729
3.548
3.596
3.294
2.007
3.045
2.382
1.63
3.231
3.426
3.046
3.281
3.29
2.021
1.8
1.711
2.825
3.651
2.247
2.369
1.85
2.072
1.514
3.393
3.484
2.167
1.663
2.818
2.891
3.159
3.382
2.507
3.888
2.674
3.431
1.974
3.024
3.444
3.189
2.55
3.499
3.087
2.312
3.469
1.628
3.3
2.826
1.948
1.772
3.1
3.98
1.561
2.596
2.972
1.988
3.529
3.023
3.561
3.606
3.788
3.947
2.312
3.579
3.205
2.166
3.272
3.323
3.085
3.904
3.345
1.984
1.918
3.882
2.493
3.597
1.688
2.361
3.764
2.061
2.977
3.126
3.665
2.613
1.514
3.514
2.23
3.076
2.574
2.757
2.341
3.771
3.347
3.576
1.976
2.888
3.688
3.471
3.36
2.907
3.024
3.693
2.87
3.238
2.795
3.721
2.377
2.182
2.951
1.68
3.39
3.89
3.445
2.719
1.836
3.872
3.806
3.318
2.683
3.463
3.178
2.854
2.807
1.843
1.817
1.583
3.597
1.594
3.929
3.992
3.558
1.712
2.417
1.587
3.275
2.372
3.16
1.904
3.916
2.02
3.299
3.168
2.656
3.949
2.164
3.628
3.68
3.99
2.655
2.634
1.669
2.689
2.057
1.727
3.48
2.832
3.421
3.914
1.681
1.639
2.888
1.595
2.91
2.756
3.736
2.107
3.249
2.411
2.335
3.858
2.764
3.023
2.09
2.114
1.955
3.984
3.073
3.704
2.088
3.973
1.822
2.977
1.77
2.898
3.059
3.209
3.879
1.98
3.695
2.383
2.142
2.333
3.66
3.054
2.129
2.872
3.879
3.782
3.773
3.171
3.802
3.593
3.286
1.659
3.06
1.51
2.404
2.684
1.6
3.411
1.692
2.992
3.832
2.385
2.228
3.52
1.857
3.197
1.661
3.193
3.704
2.977
3.427
3.352
1.534
3.922
2.431
2.328
3.655
1.686
1.747
3.504
3.425
3.494
2.677
2.465
1.765
2.466
3.986
2.391
2.012
3.846
1.532
3.82
3.876
2.834
3.474
3.799
2.312
2.86
2.913
1.632
3.116
2.957
1.692
2.047
3.507
2.5
2.854
3.483
59.871
3.079
2.164
3.166
2.398
1.561
3.826
2.556
2.285
1.954
2.53
2.861
1.505
3.992
3.608
1.661
1.822
2.501
1.762
1.615
3.793
2.887
3.879
1.587
3.607
3.14
3.417
3.287
1.697
2.032
1.551
1.922
2.394
3.577
3.031
1.568
2.955
3.976
2.09
2.645
3.805
3.911
3.233
2.094
3.09
3.143
2.251
2.809
3.119
3.783
1.644
3.079
2.833
3.503
2.685
3.511
3.395
2.095
2.425
2.161
3.506
1.919
2.412
3.79
3.798
1.999
1.563
3.146
3.738
2.192
3.046
2.825
2.956
3.123
1.852
2.638
3.666
3.995
3.451
2.962
2.195
3.64
2.494
3.796
1.679
2.745
2.158
2.826
1.517
2.054
3.358
2.977
3.454
3.789
2.472
3.662
2.253
2.007
2.766
3.163
1.92
3.06
2.956
3.322
1.81
2.856
2.198
3.961
1.923
2.404
1.633
2.798
2.738
2.655
3.506
2.979
2.052
3.177
1.778
3.873
1.673
1.939
3.383
2.333
3.519
3.291
2.999
2.984
2.612
3.291
2.681
1.747
1.532
1.691
1.817
2.504
3.653
2.419
3.967
3.379
3.849
1.828
2.938
2.351
2.936
1.972
2.598
2.09
3.662
2.15
2.626
3.098
2.335
2.884
2.812
2.877
3.482
2.573
2.397
3.557
2.381
3.887
2.114
3.172
3.415
3.703
3.999
2.712
2.996
3.819
1.615
3.052
3.671
1.942
1.576
1.72
3.313
3.287
2.679
3.146
2.09
3.482
3.078
2.406
1.8
2.021
2.111
1.794
3.629
2.589
1.949
2.832
2.067
3.245
1.816
2.507
3.873
2.908
3.016
2.842
2.15
3.245
3.656
3.984
3.192
3.032
2.679
1.815
3.357
3.405
2.12
2.275
3.342
2.749
3.524
1.645
2.454
3.116
3.482
3.166
2.231
2.888
2.858
2.032
2.173
2.299
2.882
2.767
1.873
3.369
1.692
3.755
3.803
1.622
2.522
3.683
2.674
3.446
3.021
2.973
3.741
3.241
3.349
3.091
3.845
2.358
3.847
2.437
1.821
1.591
2.086
1.745
3.346
2.648
3.752
2.825
3.288
2.902
3.084
3.729
3.181
1.848
1.9
3.723
2.843
2.179
2.997
3.915
3.061
2.555
2.99
2.325
2.213
3.794
2.766
3.338
3.89
3.503
2.897
2.967
2.707
3.833
1.953
2.365
3.926
3.906
3.998
2.084
1.741
1.768
3.426
2.016
2.077
3.781
3.458
3.838
3.453
3.041
2.74
3.791
3.875
1.512
3.848
1.735
2.839
1.88
3.19
1.633
2.844
2.419
1.81
3.617
3.882
3.416
3.416
2.374
2.888
3.226
3.877
2.879
2.24
3.994
3.31
3.033
2.046
2.562
2.513
2.829
3.904
2.563
2.262
2.949
3.718
3.217
2.992
3.561
2.294
1.576
2.151
2.61
3.17
1.826
2.734
1.953
1.537
3.405
1.529
3.456
3.56
3.676
2.007
2.511
3.6
3.368
3.57
2.955
3.305
2.164
3.846
3.229
2.021
2.688
2.384
3.27
2.879
2.029
1.565
2.297
3.379
3.566
3.696
3.826
3.026
3.518
3.565
2.582
3.268
2.329
3.274
3.533
2.079
1.875
3.088
3.591
1.735
1.615
2.068
3.097
3.468
1.767
1.994
1.868
2.772
2.63
3.903
1.757
2.758
3.836
2.414
2.799
3.005
3.749
1.591
3.492
1.745
3.633
2.913
3.374
3.665
2.03
1.62
3.439
2.189
2.057
2.001
3.609
2.559
2.686
1.881
2.11
2.519
2.158
1.876
2.296
3.807
3.83
1.733
3.257
2.332
1.775
2.665
2.169
3.001
3.288
2.01
2.517
2.594
2.871
3.283
1.967
3.689
1.503
3.995
2.1
1.984
2.873
1.544
3.858
2.481
3.196
2.838
2.883
2.338
2.378
1.943
1.939
2.613
3.286
3.789
2.887
2.731
3.781
1.654
2.676
1.897
1.854
3.719
2.263
3.12
2.403
3.347
3.516
2.604
3.391
2.93
3.53
1.686
3.329
3.199
2.576
1.568
3.745
2.129
2.537
3.304
3.02
3.018
1.7
2.13
3.51
2.298
2.888
3.697
3.088
2.959
3.28
3.205
2.38
3.686
2.383
2.644
2.884
3.504
1.636
2.667
1.554
2.375
1.511
2.065
3.6
2.952
3.626
2.723
3.037
1.665
2.325
3.762
3.944
2.043
1.53
3.502
3.26
1.801
2.57
2.102
3.887
2.634
1.557
2.516
1.982
2.909
3.078
1.605
3.555
2.932
3.937
2.371
2.37
2.953
3.992
2.601
2.495
2.006
3.327
2.406
2.394
3.733
2.833
1.574
2.779
3.386
1.531
2.195
2.447
3.118
1.613
2.444
2.967
2.885
1.867
2.327
2.143
3.974
2.444
2.354
2.844
3.413
3.881
3.042
1.552
2.788
3.938
2.003
3.564
2.22
3.161
3.108
2.684
3.202
3.098
2.308
2.591
3.44
3.712
2.246
3.701
1.772
2.015
3.59
3.8
2.058
2.019
1.856
3.045
2.952
2.844
1.81
3.807
1.563
2.82
2.219
1.664
1.645
2.929
3.996
3.901
3.7
3.35
3.621
3.861
3.038
3.72
1.62
1.632
3.53
1.739
2.925
2.46
2.489
2.16
3.575
2.311
1.611
3.222
3.382
1.957
2.393
2.89
1.807
3.106
3.977
2.977
2.791
2.15
2.201
3.711
3.533
2.969
1.889
2.412
3.309
2.791
1.697
2.104
1.901
1.68
3.074
2.476
1.661
3.227
3.678
1.737
2.684
2.304
1.512
3.935
1.962
3.829
1.915
3.99
1.874
2.658
1.892
2.209
3.063
3.911
3.749
3.054
2.205
2.608
1.695
3.967
3.896
2.104
3.966
2.715
3.066
1.84
1.791
3.397
2.699
1.708
3.544
2.213
2.881
3.337
3.539
1.532
3.811
3.017
3.852
1.716
3.306
2.653
3.933
2.633
2.783
3.353
1.989
3.152
3.695
1.659
2.238
3.895
2.486
3.2
1.936
2.552
1.544
3.751
3.192
3.102
2.585
1.705
2.326
1.86
1.969
3.375
2.496
2.859
3.226
2.306
2.039
2.815
1.51
1.882
2.474
3.199
3.481
3.13
2.786
2.672
2.342
2.238
3.748
2.72
3.195
2.424
3.56
1.817
1.535
1.574
3.572
2.926
3.112
3.136
3.71
1.779
1.71
1.798
2.959
1.611
2.698
3.589
2.795
2.194
1.921
1.579
2.713
2.171
2.854
2.942
3.964
2.334
2.98
3.961
2.379
3.826
2.071
3.124
1.964
1.504
1.926
3.143
3.615
3.333
2.845
2.013
3.891
1.956
3.578
3.101
2.987
2.896
3.856
1.905
1.58
3.546
2.642
1.775
2.628
1.652
3.975
3.388
3.946
2.713
3.164
3.264
1.739
1.919
2.603
3.833
2.314
1.608
3.545
3.812
3.738
1.881
3.659
2.639
3.528
1.608
2.884
3.274
2.553
3.783
2.919
1.813
2.012
2.96
1.716
1.73
2.858
2.745
3.686
1.99
2.839
3.47
1.942
2.32
3.169
1.698
2.257
2.191
2.36
3.581
3.089
2.606
2.793
2.113
2.272
2.511
3.668
3.815
3.545
1.678
Error de lectura!!!
2.002
1.558
3.663
2.744
1.737
2.268
1.956
3.085
2.562
2.854
3.816
3.279
3.167
3.895
3.91
3.335
2.57
3.547
3.107
2.947
3.121
2.105
3.665
3.224
1.947
2.75
2.252
2.206
3.651
1.877
3.895
3.766
2.595
2.802
2.594
2.645
1.768
1.806
3.702
3.194
2.269
3.823
1.853
3.087
3.473
1.997
1.969
2.447
3.486
2.898
2.129
2.196
2.855
3.969
3.916
2.522
3.766
2.965
2.324
2.133
3.169
3.933
1.577
2.139
1.862
3.049
3.577
3.278
2.99
2.608
1.546
1.942
2.353
3.389
2.937
3.472
2.053
3.873
3.65
2.544
3.42
2.73
2.531
3.08
1.659
2.037
3.017
2.254
2.431
3.45
2.055
3.875
2.907
1.67
3.005
2.968
3.991
3.875
1.538
1.696
3.309
1.972
3.051
1.758
3.808
3.726
2.116
2.281
1.825
2.995
3.37
2.921
3.094
1.73
2.897
2.773
2.445
2.132
3.206
2.039
1.989
1.537
2.245
2.199
3.945
3.027
2.554
1.506
2.197
3.583
3.06
2.528
3.218
3.337
3.149
1.614
1.688
2.528
2.397
1.643
2.612
3.974
2.499
3.392
3.686
1.773
2.586
3.506
3.953
2.016
2.974
3.586
3.87
2.368
3.654
3.292
3.77
3.186
2.305
1.544
1.53
2.949
2.088
3.973
2.076
1.743
1.511
1.867
1.915
1.8
2.937
2.501
3.749
2.247
2.87
2.504
2.32
2.738
1.729
2.006
3.056
2.968
2.867
2.196
2.672
2.275
3.608
3.111
2.792
1.576
1.788
1.698
1.824
2.273
3.554
2.432
2.369
3.714
3.308
3.474
1.971
1.949
3.314
3.648
2.888
2.841
3.62
2.934
2.213
3.665
3.021
2.972
3.258
3.185
2.921
2.555
3.153
3.726
3.4
2.872
2.349
2.04
3.255
2.79
3.586
3.078
2.161
1.943
1.842
2.083
3.577
3.621
1.688
2.152
1.683
2.695
2.038
3.514
3.622
3.864
3.648
2.403
1.895
2.783
3.951
3.369
3.069
2.659
1.76
2.465
2.72
2.726
2.315
2.449
3.012
3.823
2.641
3.56
2.031
1.906
3.346
3.601
2.466
1.633
3.741
3.514
3.758
3.197
3.276
2.159
3.774
1.568
3.67
1.84
2.593
2.539
1.795
3.634
3.826
1.626
2.076
2.424
3.654
3.939
2.104
1.641
2.177
1.826
2.256
2.98
2.205
3.178
2.22
2.478
1.623
1.501
2.839
2.462
3.829
3.669
3.741
3.162
3.014
2.803
1.639
1.636
1.829
1.809
2.271
3.852
3.965
2.85
1.771
2.098
2.613
3.122
3.839
1.724
3.14
2.646
3.561
1.637
3.522
3.46
3.361
2.124
2.662
2.214
1.66
2.722
1.748
3.178
3.453
2.634
1.673
2.828
3.986
2.32
3.349
2.653
3.348
1.566
3.404
3.451
1.823
1.55
1.844
3.74
3.812
3.147
2.213
3.833
1.586
3.481
1.891
3.754
2.835
2.713
3.154
3.571
3.152
2.65
3.62
3.022
2.574
3.79
2.049
1.985
2.714
2.392
2.661
2.509
2.707
2.967
1.639
3.856
2.753
1.675
3.68
2.577
2.862
2.37
1.666
1.713
3.476
2.716
3.64
3.112
2.976
3.051
3.454
3.774
3.577
3.681
2.567
3.767
3.112
3.536
2.373
2.704
1.507
3.039
1.817
3.265
1.782
3.186
2.419
1.795
2.051
3.574
3.098
1.566
3.761
2.058
1.966
1.939
3.546
3.265
3.661
3.224
1.883
3.931
2.418
1.955
3.265
2.754
1.839
1.853
2.379
1.87
2.233
1.586
3.197
3.747
3.682
2.278
3.612
2.727
3.487
3.366
2.034
2.663
2.937
3.706
2.953
2.785
3.421
2.36
2.011
2.909
3.177
3.584
1.77
3.567
2.285
2.202
3.008
3.138
2.826
2.103
2.166
1.805
2.295
3.316
3.406
2.185
2.47
3.684
3.5
3.615
2.061
1.665
3.175
1.625
2.533
3.666
2.287
1.584
3.491
2.481
3.768
3.17
1.868
3.127
3.067
2.45
3.787
2.967
3.306
3.814
3.404
3.643
2.561
3.636
1.524
3.126
3.005
1.665
3.838
3.493
2.25
2.221
3.057
1.695
2.652
3.445
3.298
3.153
1.537
3.989
1.882
2.58
3.481
2.835
1.91
3.028
2.022
1.64
1.956
3.379
3.534
1.549
2.43
2.821
2.88
2.869
3.382
2.371
2.43
3.116
2.921
2.951
3.519
2.457
2.5
2.017
3.004
3.653
2.236
1.754
2.564
1.854
3.316
3.251
2.257
3.758
2.812
3.148
2.311
2.923
3.747
3.395
2.72
3.669
3.118
1.813
3.382
2.716
2.512
1.849
3.617
2.218
3.781
2.657
3.561
3.076
1.67
2.595
2.724
2.584
2.428
3.574
1.769
2.678
2.026
2.298
3.139
1.826
2.426
2.202
3.644
3.074
3.855
2.143
3.876
2.159
1.951
2.239
2.617
1.723
3.837
1.595
3.366
3.8
3.574
2.034
3.912
3.737
2.883
2.101
2.537
3.715
1.522
2.817
2.534
1.866
3.773
3.077
3.815
3.313
2.028
3.644
1.912
3.262
2.65
3.173
3.547
3.883
3.305
3.229
1.802
3.782
1.865
1.781
2.303
3.822
1.572
3.12
3.044
3.986
3.355
3.866
3.36
2.045
1.528
3.554
3.15
3.403
2.99
2.953
2.257
1.92
3.085
1.911
2.735
3.232
2.084
2.614
3.398
2.599
2.908
3.638
2.218
2.356
2.029
3.436
3.055
1.807
2.261
3.034
3.854
2.045
1.9
2.673
3.131
3.964
3.469
3.47
2.858
3.283
3.406
1.58
3.932
2.584
3.881
3.323
2.754
1.912
3.535
2.258
2.08
3.859
1.667
3.655
3.935
1.87
2.298
3.245
2.824
3.091
2.323
2.376
2.718
3.443
3.437
3.687
3.934
3.79
3.823
3.17
2.842
3.851
3.185
2.688
3.507
3.601
3.094
1.747
3.947
2.293
2.099
2.29
1.715
2.428
1.555
2.521
1.627
2.644
3.474
1.632
2.402
3.293
2.147
2.27
2.04
3.639
2.641
1.581
2.126
3.438
3.425
1.951
1.994
3.722
2.94
2.047
1.899
3.244
1.739
1.608
1.711
2.693
3.074
2.783
3.179
3.185
3.014
3.744
3.216
2.698
1.968
2.107
3.881
3.996
3.709
3.293
1.583
3.839
2.826
3.898
3.862
1.523
2.202
3.299
3.153
2.232
3.573
2.726
3.942
2.239
3.481
1.685
2.224
3.302
2.78
1.557
2.991
3.846
1.713
3.915
3.737
3.912
1.615
2.935
1.684
2.765
3.863
3.269
2.687
2.312
1.804
3.083
2.164
3.654
2.007
3.029
2.897
2.331
2.554
3.212
3.836
3.08
2.674
3.507
3.061
1.59
3.257
1.596
2.593
1.694
2.338
2.786
3.271
1.584
2.56
3.272
1.572
2.442
3.045
3.934
3.837
3.179
1.805
2.975
3.92
3.075
3.776
2.584
3.528
3.978
2.407
2.457
2.487
1.866
2.834
2.907
3.696
2.404
3.406
3.443
2.925
1.693
3.127
3.118
3.382
3.039
2.386
1.714
1.841
3.171
3.266
2.262
1.641
1.781
2.966
1.894
3.542
2.662
3.457
2.113
3.544
2.756
1.612
2.282
3.867
2.679
1.849
3.033
2.684
1.597
1.973
2.534
3.563
2.63
2.023
3.729
1.541
2.071
2.885
2.643
3.424
2.55
2.94
2.611
2.797
3.552
1.652
1.685
2.035
2.661
3.81
2.526
1.838
3.831
1.563
1.981
3.389
3.304
3.324
3.733
3.639
3.365
3.058
2.382
3.402
2.429
3.47
3.623
3.568
2.537
3.854
2.318
2.288
3.437
3.874
2.213
1.562
2.11
3.233
1.687
3.829
3.932
2.089
3.628
2.443
2.609
1.576
1.524
1.531
3.388
3.443
2.754
2.471
2.723
2.759
3.107
1.79
3.395
3.996
2.005
2.232
1.991
2.714
2.819
3.292
1.642
3.017
1.793
3.277
2.909
3.335
3.181
3.823
3.635
3.114
3.504
2.095
3.053
2.161
3.881
3.261
3.879
3.25
1.571
2.577
2.35
1.892
2.671
2.768
1.543
1.831
3.361
3.777
3.744
3.39
2.218
3.829
3.344
2.389
1.573
2.329
3.711
2.103
3.551
3.47
1.955
2.509
3.142
3.741
2.711
1.731
1.905
1.758
1.678
3.661
1.907
3.929
2.934
3.715
2.228
2.278
3.541
1.785
3.745
3.494
3.636
2.747
2.701
2.365
3.196
3.934
2.279
3.251
2.604
3.129
3.771
2.683
3.19
3.158
3.029
1.983
2.172
2.485
1.636
2.574
3.366
2.248
2.222
2.394
3.244
3.944
2.683
2.977
3.514
2.959
2.339
1.528
3.101
3.847
2.6
3.871
2.403
3.386
1.943
2.394
1.743
2.741
2.41
1.55
2.82
1.777
1.805
3.533
1.557
3.947
2.188
1.718
2.231
3.758
2.802
3.215
1.581
2.703
3.013
2.791
2.872
2.509
2.571
2.716
2.201
3.758
3.753
3.305
2.345
3.75
3.523
3.018
2.536
2.32
3.496
2.664
1.537
2.704
1.65
2.577
3.424
3.55
3.448
2.903
3.352
1.815
2.496
3.79
3.518
2.236
3.957
1.766
3.22
1.691
1.964
3.639
1.807
3.331
1.885
2.276
2.327
2.383
3.951
1.959
2.356
1.763
3.454
1.765
3.764
3.88
3.374
3.535
1.984
3.265
2.106
2.417
2.546
2.346
1.615
3.767
2.998
3.761
3.179
2.711
3.644
3.878
3.884
1.843
1.79
3.353
2.831
3.198
2.759
3.898
3.107
2.771
2.754
3.556
3.675
1.713
3.596
1.514
2.037
1.978
1.671
2.427
3.579
3.433
3.251
3.216
2.98
3.216
2.711
1.772
3.542
1.684
3.173
3.476
2.992
2.915
1.872
1.625
1.921
2.318
3.866
3.438
1.839
2.349
2.336
1.768
3.833
2.202
2.218
3.13
2.041
3.264
3.134
1.853
2.289
3.233
1.934
3.949
2.931
2.498
3.228
3.708
2.923
2.225
1.974
3.568
3.593
2.02
3.183
2.284
2.165
3.227
2.899
3.357
3.671
2.051
3.964
3.246
1.862
3.195
3.542
2.208
2.949
3.781
3.39
2.957
3.167
3.744
1.725
2.572
3.585
2.953
3.526
2.701
3.018
2.632
2.74
2.37
3.071
1.586
2.019
2.29
3.595
2.891
3.675
3.919
1.52
2.037
1.571
1.513
3.07
2.787
1.569
2.714
2.598
3.114
1.839
3.667
1.995
3.85
3.183
3.617
3.525
2.85
2.394
2.057
3.988
3.549
2.063
1.774
2.113
3.655
3.035
1.792
2.011
2.405
3.024
3.394
2.117
3.151
1.569
3.286
2.614
2.287
2.387
2.847
3.065
1.58
2.774
3.21
2.711
3.86
2.158
1.535
3.627
2.516
3.052
3.788
3.913
2.157
3.428
2.064
2.311
3.049
2.039
3.619
3.768
2.3
2.223
1.81
1.884
3.968
3.115
2.389
1.957
2.219
3.675
1.811
1.645
2.671
1.559
2.55
3.842
3.278
3.813
2.987
3.615
1.702
3.246
2.829
2.972
2.854
2.892
1.975
2.838
1.862
3.975
3.723
3.223
3.972
2.328
2.635
2.404
3.29
3.427
3.391
2.583
3.683
2.474
3.046
2.694
1.799
1.837
3.802
3.818
1.686
3.82
2.841
3.616
2.636
3.293
2.385
2.683
1.78
3.475
2.27
2.537
2.069
2.925
1.777
2.791
2.908
2.51
1.865
3.542
2.214
3.22
2.789
3.005
3.507
3.198
1.859
1.821
3.424
2.127
3.355
2.336
2.596
2.645
1.775
3.152
1.758
3.16
3.557
3.252
2.167
2.007
2.04
2.718
1.798
2.643
3.292
2.033
2.98
2.714
3.689
3.695
1.966
2.84
2.861
2.944
2.215
3.767
1.502
2.095
1.63
2.603
3.543
3.932
1.997
2.064
3.287
2.105
2.117
3.374
1.761
1.896
3.734
1.706
2.293
2.64
2.386
2.607
1.874
3.682
2.581
3.404
3.306
1.723
1.838
2.708
2.553
3.603
2.462
3.735
1.745
2.715
2.267
1.597
2.822
3.189
3.116
2.393
2.458
3.979
2.979
2.494
3.062
3.682
1.753
2.682
3.285
3.68
1.905
3.566
2.178
3.565
2.432
2.848
20.753
2.78
3.371
2.166
2.291
2.529
3.989
3.613
2.541
3.696
2.811
3.377
1.822
3.758
2.826
3.216
2.047
3.679
2.792
2.872
2.407
2.995
3.736
2.867
3.811
3.533
1.539
3.083
3.701
2.783
3.659
3.791
2.072
2.614
2.024
2.77
2.978
1.889
2.99
1.944
2.062
1.574
3.948
2.439
3.612
2.86
2.534
3.852
2.907
3.122
2.255
1.975
2.228
2.476
3.329
2.709
2.913
2.738
3.339
2.33
2.668
2.688
2.23
3.827
2.506
3.206
3.6
1.87
1.777
2.068
3.155
2.679
3.788
2.827
2.188
1.564
2.144
3.814
3.334
3.638
3.792
2.426
1.747
1.559
3.091
3.229
2.964
3.505
1.715
1.637
1.639
2.948
2.308
1.817
3.339
2.042
2.909
1.648
1.878
3.269
2.134
3.306
3.683
1.99
3.523
2.079
1.783
2.351
2.671
2.137
3.91
3.454
3.834
1.985
1.68
2.338
3.226
2.404
2.978
3.126
3.439
3.424
2.961
1.908
1.508
1.986
2.052
2.001
1.717
3.9
2.063
3.422
3.693
3.695
1.5
2.176
1.826
2.449
3.281
2.403
2.442
2.427
3.2
2.735
2.094
1.611
2.586
3.665
1.68
2.39
2.378
3.127
2.233
2.7
2.787
3.4
1.848
2.707
3.975
2.764
1.929
2.879
3.71
3.38
3.039
3.245
2.008
2.431
1.699
3.986
3.494
3.894
2.128
3.619
2.242
1.852
2.559
2.758
3.499
2.586
3.847
2.537
3.294
3.975
3.444
3.455
3.277
2.785
2.126
2.183
1.867
1.511
2.241
3.858
3.948
3.455
3.997
2.72
2.971
3.944
3.382
3.357
2.036
2.689
3.269
3.382
2.506
3.74
3.184
2.391
3.365
2.063
2.4
3.457
3.543
1.939
3.048
1.773
2.631
1.712
1.523
1.822
2.8
1.573
2.616
2.085
2.379
3.167
1.692
1.878
2.75
2.211
3.194
3.831
3.746
2.511
2.076
2.727
2.588
3.556
3.283
1.86
2.75
3.094
1.881
2.317
1.834
2.227
2.614
3.436
3.266
3.073
2.317
3.198
3.035
3.933
3.514
2.091
3.513
2.019
2.528
3.115
1.578
1.548
2.652
2.475
2.419
1.502
2.09
2.514
2.074
3.715
2.799
1.598
2.349
3.211
3.956
2.485
1.862
2.187
2.329
3.377
2.247
2.067
3.89
3.596
3.752
3.034
3.537
2.301
3.167
3.043
3.466
3.482
3.411
3.945
1.501
1.655
1.783
1.535
1.693
1.932
1.92
3.473
2.635
2.207
2.542
3.687
2.028
1.558
1.76
2.577
1.577
2.399
2.122
3.556
3.043
2.082
1.592
2.957
2.238
2.735
3.629
1.823
3.984
2.596
2.848
3.198
3.328
1.74
3.176
3.467
3.719
2.931
3.035
3.775
3.998
2.559
3.788
3.379
2.309
3.132
2.422
2.037
2.24
2.835
2.784
1.657
3.789
2.593
3.685
3.381
3.287
1.567
2.854
2.464
2.974
3.673
3.705
2.362
3.428
3.705
1.955
2.92
2.5
1.932
1.985
3.332
3.211
2.332
3.083
3.308
3.251
3.188
2.474
2.314
2.232
3.823
2.563
3.072
3.538
3.614
1.593
2.485
3.096
3.695
3.907
3.81
3.168
2.694
3.066
1.727
3.013
3.797
2.165
3.516
3.975
1.578
1.525
1.887
2.262
2.515
2.704
1.641
2.699
3.829
2.892
2.036
1.834
3.623
1.659
3.103
3.522
3.962
2.305
2.426
2.589
3.845
1.65
3.917
2.992
3.411
4.0
3.873
2.548
3.445
3.542
2.573
2.701
3.537
2.004
2.252
3.694
3.359
1.916
2.115
1.645
1.831
2.851
1.893
1.69
2.722
1.875
2.613
3.563
3.553
3.08
2.631
1.803
2.314
2.144
3.021
3.357
2.282
3.6
3.866
2.542
1.625
2.456
3.099
2.737
2.983
2.462
2.389
2.052
3.676
2.638
3.043
1.618
3.265
1.534
2.934
2.901
2.244
3.595
2.408
2.425
3.009
2.25
2.407
1.842
3.075
3.332
3.574
3.746
2.277
1.623
3.902
3.589
3.063
1.547
3.173
1.965
3.196
2.871
2.025
2.548
2.596
2.982
2.658
3.904
2.851
1.567
2.632
2.792
1.91
2.444
2.766
3.268
1.561
2.424
2.33
1.768
1.712
2.798
1.638
3.584
2.349
3.265
1.579
3.059
2.453
2.818
2.055
3.346
3.91
3.536
3.527
2.241
3.501
2.431
2.772
2.925
2.052
2.684
3.457
1.838
3.831
2.717
3.969
2.847
2.002
3.841
2.936
3.616
1.655
2.234
2.854
2.45
2.303
3.293
1.958
3.507
2.393
2.672
1.658
2.128
1.529
1.527
1.794
3.206
1.8
2.298
3.101
2.659
1.619
3.282
3.849
2.201
3.927
3.168
2.784
3.026
3.946
2.392
2.077
2.006
3.629
1.764
1.851
1.857
3.534
3.323
2.197
3.034
1.514
1.611
3.291
1.941
2.544
3.968
2.24
2.578
2.328
3.882
2.533
3.264
3.282
1.923
3.589
3.909
2.302
3.678
2.198
3.383
2.595
3.915
2.094
1.929
3.605
1.971
3.932
2.016
3.313
2.141
3.701
3.492
3.938
2.554
2.891
3.474
2.984
2.989
3.5
3.634
2.234
1.653
2.345
2.667
3.029
3.096
3.219
2.808
2.875
1.583
2.521
1.783
2.442
1.691
2.136
1.84
2.224
2.378
1.654
2.27
3.072
3.401
2.023
1.659
3.975
3.401
2.223
3.986
3.93
3.411
3.526
1.947
3.29
1.995
1.695
3.17
3.854
3.147
2.713
3.728
1.944
1.616
1.936
2.021
1.872
3.936
3.082
3.001
2.166
1.8
3.374
2.044
3.726
1.674
3.681
3.348
2.238
1.982
3.511
3.271
2.869
2.984
3.986
3.241
3.767
1.708
3.243
2.978
3.211
3.2
2.197
3.423
3.609
2.675
2.53
3.033
3.77
3.886
2.33
3.484
2.04
2.311
3.556
2.784
3.711
3.954
2.12
3.67
3.987
2.803
2.227
2.91
3.383
3.563
3.08
3.888
3.476
2.03
1.737
2.03
3.161
2.955
3.864
3.058
2.524
3.461
2.289
3.662
1.579
3.421
3.146
1.519
3.686
2.588
3.199
2.802
1.542
1.853
3.161
1.598
2.905
3.915
2.545
3.068
3.529
2.783
1.602
2.032
2.593
1.751
3.926
3.652
2.442
1.561
2.101
3.889
1.921
3.417
2.512
1.776
2.921
2.601
2.572
2.286
2.203
1.914
3.147
2.983
2.186
3.265
3.138
1.789
3.866
3.378
1.898
2.254
1.535
3.64
3.89
3.052
3.529
3.287
1.86
2.148
1.991
2.21
2.955
3.287
3.921
1.95
3.646
3.647
2.805
1.509
2.8
2.953
3.779
1.857
1.605
2.47
2.459
2.268
2.956
1.779
2.899
3.426
3.623
3.409
2.748
2.44
3.949
2.153
3.5
3.962
2.024
1.563
2.832
2.358
3.849
3.147
1.878
3.026
1.637
3.27
1.604
2.566
1.758
3.745
3.51
2.137
2.014
2.711
3.53
3.206
2.258
2.793
3.004
2.532
3.19
3.785
1.94
3.722
2.802
2.011
2.691
3.392
3.117
1.617
2.555
1.647
3.337
2.706
2.126
3.356
2.572
1.968
2.166
2.288
3.24
2.297
2.516
2.692
2.491
3.12
2.641
2.466
2.504
3.54
1.842
3.661
2.384
2.671
2.083
3.259
2.494
2.106
3.762
3.845
3.477
3.984
3.826
1.73
1.795
3.351
2.886
2.566
3.67
2.567
3.156
3.224
2.204
3.546
3.153
2.633
2.623
2.945
2.459
2.679
3.054
3.877
2.487
3.633
1.528
1.825
1.672
1.877
3.512
2.097
3.492
1.966
2.632
3.32
3.329
3.307
1.785
3.568
1.851
3.253
3.748
3.404
2.54
2.447
3.487
2.4
3.77
3.865
3.88
1.558
3.812
1.943
3.664
1.937
3.523
3.702
2.033
3.463
3.376
1.904
2.539
3.091
3.08
2.45
3.539
3.536
3.542
2.953
2.378
1.705
2.465
1.938
2.552
3.041
3.343
3.058
3.118
3.632
2.356
3.066
3.932
1.752
1.84
2.851
2.271
1.537
2.18
2.723
2.758
3.919
3.618
1.657
2.935
2.996
3.792
3.276
2.506
2.294
2.531
1.969
1.54
2.061
2.655
2.9
3.346
3.106
3.121
2.078
2.243
2.182
2.734
1.994
2.817
3.146
2.517
3.393
1.905
3.638
3.328
3.307
3.413
2.191
3.367
2.301
3.02
3.02
3.315
3.095
3.923
2.604
2.765
1.7
1.74
2.798
3.813
3.531
2.956
2.262
2.121
1.836
2.084
1.99
2.891
2.866
2.925
3.459
3.856
1.612
1.53
2.574
1.795
1.811
2.259
3.342
3.334
3.357
3.422
3.502
2.975
2.351
3.963
3.086
1.674
2.632
2.392
3.412
2.299
1.791
1.816
3.052
2.245
2.483
2.746
2.921
3.575
3.934
1.551
3.979
3.543
2.123
2.005
2.28
1.912
2.391
2.343
3.982
2.948
1.836
2.19
3.954
3.083
3.082
2.08
3.363
2.434
1.68
2.943
3.48
2.466
1.778
2.009
2.897
3.414
1.64
2.591
2.044
2.899
1.634
1.976
2.348
3.323
1.728
3.101
2.991
3.01
2.011
2.864
3.685
1.768
2.185
1.683
2.173
1.938
2.698
2.937
3.321
3.043
1.611
2.618
2.558
2.058
3.12
3.789
1.964
3.614
2.903
2.245
2.41
2.659
1.526
2.898
2.314
2.166
2.316
2.737
1.563
2.099
1.877
3.462
3.501
2.884
1.656
1.897
3.253
3.363
2.912
3.316
3.811
2.268
2.543
2.172
2.174
3.58
2.543
3.051
1.556
3.715
2.482
2.393
3.143
1.542
1.703
2.071
2.764
3.46
3.557
1.713
1.879
1.997
2.807
2.792
2.763
2.611
2.515
3.64
3.693
3.755
2.908
2.677
2.027
3.951
3.489
2.074
3.256
3.961
2.549
2.152
2.366
3.054
3.163
3.785
3.154
2.016
2.924
3.912
3.808
2.25
1.993
2.879
1.796
1.6
2.488
2.967
3.111
2.889
2.983
1.508
1.705
2.092
1.712
2.817
3.508
2.873
3.196
1.67
2.123
3.545
2.827
2.579
2.573
3.614
2.733
3.692
1.56
3.303
3.094
3.791
2.921
2.168
2.724
2.842
3.236
3.19
2.469
3.487
3.502
2.35
2.917
3.137
3.469
3.497
2.507
3.692
2.98
3.738
3.27
2.018
2.18
3.966
2.633
3.944
1.964
2.345
2.751
1.836
3.903
1.535
1.575
2.017
1.543
1.583
2.188
3.454
2.328
3.169
3.943
2.773
3.577
1.615
2.668
2.815
2.948
1.841
2.585
3.024
3.814
3.324
3.569
3.873
1.945
2.635
1.754
3.009
2.643
3.164
3.59
1.701
2.198
2.549
2.5
1.503
2.728
3.394
1.974
2.259
1.595
2.118
1.957
1.678
1.939
2.088
3.813
1.627
3.277
2.582
2.77
1.87
2.397
1.653
2.906
3.817
2.633
2.459
1.821
3.507
3.217
2.164
1.894
2.982
2.146
1.747
2.84
1.886
3.741
2.888
3.655
1.882
3.42
3.037
2.884
3.078
2.056
3.443
3.298
1.648
3.706
2.832
3.507
3.168
2.617
3.989
3.764
1.681
3.25
2.882
3.701
2.882
3.862
1.569
3.889
3.449
3.373
3.812
3.655
2.947
1.554
2.901
3.749
1.584
3.498
2.867
3.208
2.044
2.546
1.689
3.354
2.996
2.733
3.793
3.871
2.237
2.92
3.296
3.155
3.945
3.489
3.649
3.431
2.26
2.939
3.964
3.377
2.799
1.745
2.22
3.251
2.08
3.939
3.796
2.117
2.62
3.97
3.069
2.054
3.27
2.421
2.742
1.816
2.851
1.656
3.539
2.031
1.955
3.528
1.505
2.979
2.458
2.37
3.257
3.159
2.54
1.854
2.792
2.799
2.747
3.959
2.808
2.409
3.143
1.987
1.672
2.914
1.873
3.344
2.667
3.423
3.527
2.892
1.538
3.396
2.329
2.717
3.84
2.034
2.578
2.993
2.262
2.987
2.81
3.256
1.602
3.464
2.255
3.999
3.009
3.972
1.505
3.905
2.761
1.954
3.59
1.572
2.312
3.079
2.445
3.465
2.503
1.843
2.771
2.229
1.747
2.534
2.421
2.146
3.853
3.335
3.633
3.43
2.519
3.709
2.476
3.066
2.652
1.987
1.602
1.678
2.368
2.191
3.182
3.475
3.66
2.1
3.773
1.997
2.619
3.399
3.872
2.733
2.039
1.768
3.186
3.971
1.831
2.443
1.539
3.197
2.663
2.08
3.429
3.098
2.572
1.999
2.185
1.813
3.743
3.218
1.603
2.717
2.309
2.626
1.589
2.409
2.226
3.8
2.036
3.888
2.784
3.573
2.61
1.838
3.126
3.899
1.68
2.635
3.451
2.238
2.224
2.923
3.426
3.514
2.785
2.463
1.579
2.672
2.297
2.027
1.901
2.853
1.98
2.445
3.048
2.74
2.665
3.215
2.837
3.87
2.253
2.936
3.868
1.835
2.767
2.674
2.338
2.638
3.762
2.833
1.993
2.899
3.529
2.78
3.688
1.888
3.664
3.949
1.616
3.616
1.734
3.591
2.271
1.915
3.771
1.962
3.906
2.768
1.795
3.952
2.277
3.732
1.828
1.547
2.379
3.109
3.753
3.015
3.461
3.042
3.236
3.168
3.914
1.546
2.978
2.631
3.372
3.851
2.949
2.737
3.386
1.582
3.044
1.814
1.979
1.614
3.773
3.09
2.312
3.562
1.668
2.412
2.45
2.076
2.834
2.792
1.94
2.526
3.211
1.821
3.052
1.988
3.011
1.614
3.559
2.852
1.58
3.476
2.635
3.725
3.76
2.293
2.866
2.301
2.019
3.817
3.043
1.978
2.8
1.585
3.719
2.364
2.7
3.3
2.338
3.961
1.993
3.636
2.846
2.301
2.318
2.603
2.263
3.868
3.143
2.931
1.853
2.881
3.147
3.09
3.379
2.323
3.984
3.882
3.641
3.928
2.494
2.653
2.062
2.413
2.371
3.089
3.135
2.298
3.974
3.294
3.451
2.045
3.07
2.126
3.276
3.64
3.636
3.89
2.692
2.736
3.861
3.49
3.359
1.912
2.828
3.14
1.884
2.762
1.78
2.062
1.754
2.133
2.961
2.792
3.09
3.253
2.723
1.553
2.126
3.694
2.609
3.722
2.221
3.246
3.323
2.398
2.027
2.536
3.683
2.097
2.547
2.549
2.097
3.37
3.397
2.621
3.931
1.832
3.09
2.411
2.85
3.294
2.887
1.765
3.375
2.07
1.634
3.008
3.687
3.695
2.372
1.548
2.502
1.505
3.051
3.072
3.951
3.441
3.042
1.523
3.733
2.431
3.083
3.125
3.544
3.929
1.683
2.978
3.204
2.684
1.618
1.568
1.738
2.471
2.226
3.407
3.51
2.131
3.834
2.438
3.409
3.246
2.723
1.864
1.562
2.903
2.711
2.932
2.903
3.717
3.561
1.573
1.965
3.966
1.909
2.446
1.601
2.497
3.716
3.976
1.83
3.377
2.863
2.234
2.782
2.306
3.969
3.367
2.643
2.565
3.737
3.087
2.593
1.761
3.604
2.226
3.682
2.981
3.881
2.032
1.734
3.765
2.108
2.176
2.233
3.361
2.306
2.085
2.959
2.85
3.186
2.248
1.887
3.106
3.081
3.337
2.33
2.189
3.763
1.923
1.552
1.862
2.709
1.99
2.1
2.409
2.266
2.653
3.947
2.606
3.225
2.343
1.98
1.857
3.462
1.77
2.586
3.465
2.867
1.952
2.946
3.045
2.828
3.253
2.77
2.872
3.652
2.781
3.738
2.64
2.051
3.114
3.482
2.922
1.955
1.715
2.236
3.462
2.95
1.844
3.784
3.098
2.222
2.1
2.023
2.306
3.615
1.529
3.11
1.799
2.844
2.248
2.196
3.8
2.558
3.821
3.764
3.021
3.61
1.829
2.085
1.683
1.535
2.534
2.877
2.018
3.524
3.104
2.603
2.555
2.154
3.868
1.711
2.353
1.601
3.758
2.727
2.34
1.814
2.973
3.599
3.6
3.391
3.633
3.711
3.699
2.15
1.852
2.367
1.629
3.621
1.525
3.795
3.674
3.514
2.831
2.509
3.404
2.829
2.018
2.457
2.371
1.864
3.943
2.046
3.776
1.958
1.823
2.107
3.226
3.804
2.699
3.868
3.888
2.35
2.009
3.422
2.864
3.843
3.268
3.181
2.232
2.752
2.199
3.451
1.692
1.759
1.694
2.684
1.895
2.501
3.27
1.782
2.197
2.166
3.915
3.108
3.155
3.345
3.733
2.214
3.429
3.449
2.596
3.168
3.499
1.816
3.325
2.323
2.088
3.777
1.916
3.037
2.303
1.589
3.853
2.245
1.786
1.874
3.533
3.711
2.277
3.123
2.348
1.599
2.465
3.907
3.893
2.158
2.654
2.079
3.326
3.367
2.894
1.594
3.105
2.374
2.094
1.577
3.082
3.673
1.926
1.857
2.751
3.512
2.338
2.863
2.401
2.634
2.867
2.164
1.858
1.909
3.871
1.509
3.937
1.788
1.961
3.309
2.728
2.962
3.519
3.034
2.849
3.538
3.499
3.34
2.965
3.46
1.86
2.429
2.729
3.075
3.836
2.282
3.566
2.965
2.067
1.927
3.92
2.725
3.459
1.793
3.562
1.768
2.893
1.727
1.788
3.558
2.187
3.123
2.325
3.214
2.988
2.776
2.412
3.876
1.532
3.961
1.526
3.935
2.655
3.009
1.513
2.693
2.04
3.712
1.934
3.098
2.159
1.622
1.982
3.562
1.69
1.671
3.115
2.328
2.026
3.883
3.043
2.659
1.647
2.116
3.401
3.079
3.707
2.0
3.99
2.59
3.513
3.107
1.92
2.044
2.207
3.447
3.407
3.21
2.254
2.406
2.57
3.213
2.707
1.976
2.278
3.43
3.484
3.047
1.618
2.832
2.334
1.58
3.931
3.63
3.378
3.535
2.157
2.868
2.399
2.164
2.444
2.819
1.784
2.393
2.906
2.449
1.896
2.341
3.317
2.801
2.267
3.759
2.861
1.75
1.507
3.324
2.949
2.102
2.494
2.273
2.733
2.611
3.66
2.901
2.191
1.843
2.62
3.211
2.103
2.13
2.726
2.896
3.641
3.112
1.873
1.713
3.345
3.575
1.576
3.421
3.134
2.981
2.875
2.83
2.419
3.014
2.742
3.9
1.532
1.666
2.513
3.043
2.318
3.698
2.814
2.839
3.775
3.542
3.613
2.031
3.52
3.805
2.608
1.536
2.946
3.819
3.23
1.865
1.768
3.438
1.506
2.646
2.674
3.107
2.587
3.658
3.269
3.694
3.585
3.5
3.021
3.171
2.588
3.728
3.826
2.368
2.9
3.486
1.904
2.297
2.545
2.975
2.644
2.02
1.677
2.62
2.28
3.626
2.774
3.342
2.518
1.643
1.657
1.675
3.275
2.156
3.54
1.958
3.201
1.973
3.988
3.279
3.193
1.749
2.756
1.774
2.574
2.524
2.251
2.916
1.613
2.318
1.597
2.487
2.503
3.099
3.835
1.655
3.78
3.835
2.34
3.112
1.892
3.937
2.598
1.763
2.92
3.492
1.832
2.389
3.73
1.883
2.46
3.593
2.57
1.766
2.406
1.524
2.122
3.477
1.534
3.465
2.267
2.523
3.887
3.243
3.968
2.497
2.188
2.041
3.553
3.103
1.961
2.134
2.961
3.42
2.715
2.34
3.473
1.704
3.471
2.574
3.02
1.997
3.018
2.236
1.954
2.252
3.367
2.917
1.884
3.719
1.702
1.621
1.986
2.644
3.892
1.817
3.204
1.703
1.558
2.906
3.858
1.764
1.942
3.64
3.222
1.869
1.552
2.178
3.541
2.65
3.288
3.343
1.939
2.192
3.108
2.709
2.817
3.522
3.228
3.931
1.511
2.284
1.694
3.414
2.867
1.961
1.732
2.231
1.54
1.815
2.088
3.693
2.472
2.79
2.112
3.975
2.472
3.106
1.832
3.261
1.735
2.256
1.735
3.212
3.093
2.947
2.874
1.906
2.34
1.858
1.796
2.866
3.522
3.7
3.089
3.835
3.987
3.692
3.585
3.741
2.97
3.12
2.3
3.821
2.71
1.797
3.641
3.478
2.711
3.748
2.709
3.62
3.444
3.216
2.431
2.808
2.373
3.094
3.688
3.879
1.567
2.566
1.694
3.577
2.284
3.11
3.795
1.625
2.012
1.585
3.175
2.758
2.811
2.76
3.342
2.794
1.774
3.673
1.76
2.913
3.534
3.637
3.52
1.778
1.84
3.188
1.978
3.7
3.104
2.635
3.924
3.904
1.872
1.971
2.164
2.318
1.555
3.968
2.728
3.909
2.886
1.914
3.796
3.156
2.543
3.835
2.297
2.118
3.612
2.431
3.688
2.904
2.449
3.596
1.728
3.672
2.465
3.65
3.874
2.598
2.068
1.553
1.658
2.485
2.257
3.634
3.959
2.844
2.183
2.822
2.654
1.671
2.666
2.995
3.217
1.526
2.769
3.425
1.885
1.992
2.699
3.693
3.977
2.344
2.858
2.598
3.151
3.273
3.652
3.715
2.996
3.055
3.019
3.463
3.799
3.984
2.527
3.236
3.257
3.14
2.782
1.935
1.537
2.883
1.767
2.8
3.229
1.955
3.791
2.535
2.95
2.933
2.065
2.55
3.189
3.902
3.575
3.199
2.068
2.552
3.438
2.153
2.189
1.865
1.99
3.732
3.809
2.417
2.217
2.472
1.967
3.201
2.409
2.142
3.285
1.611
1.81
3.255
2.936
3.401
2.994
3.388
1.985
2.341
2.002
2.241
1.793
1.707
3.937
1.615
3.192
2.239
1.729
2.884
3.076
2.502
1.602
3.72
2.06
3.787
2.262
2.578
3.851
3.654
2.863
2.926
2.293
2.214
1.625
1.935
1.746
3.779
2.429
2.172
3.877
1.594
3.051
2.244
2.987
1.558
3.51
2.069
3.791
3.616
1.916
2.77
1.5
2.645
2.289
1.632
3.98
3.382
2.312
2.875
1.719
2.714
2.318
2.788
2.268
3.263
2.509
2.763
2.542
1.908
2.454
3.514
1.84
2.234
1.689
3.863
2.193
3.342
3.953
2.468
2.958
3.092
3.493
2.377
3.363
2.333
2.075
2.112
2.634
2.339
3.01
3.744
1.679
3.375
2.943
3.113
3.957
3.391
3.036
3.687
3.488
1.513
3.176
1.915
3.0
2.839
2.792
3.498
2.707
2.657
3.897
1.594
2.662
1.719
3.083
3.328
2.239
3.982
2.698
1.569
2.445
1.547
1.594
2.421
3.801
1.928
3.892
2.363
2.263
3.13
3.931
3.641
3.439
3.076
1.579
2.805
3.711
1.769
3.971
2.638
2.696
3.91
1.565
3.385
3.201
2.633
3.837
1.645
3.98
1.973
3.099
2.456
3.944
3.715
1.972
2.803
1.733
2.9
3.221
3.423
3.544
3.352
3.295
3.147
1.785
3.86
3.259
2.725
3.235
3.335
2.338
1.603
3.904
3.882
3.807
2.282
3.003
2.896
3.211
3.235
2.258
1.8
3.768
2.639
2.579
3.327
2.595
2.082
2.216
2.223
2.339
3.423
3.231
3.532
2.842
2.439
3.814
3.032
2.864
2.428
3.09
2.105
3.831
1.832
2.97
2.123
2.55
2.261
3.082
2.952
3.133
3.782
2.446
2.484
3.895
3.004
3.47
3.781
2.668
2.994
2.436
2.033
2.566
1.771
3.747
2.994
2.888
3.686
2.11
3.892
3.591
1.736
2.817
1.674
2.739
2.639
3.7
1.723
3.526
2.403
2.105
3.662
3.54
2.816
2.281
2.49
1.657
2.673
3.193
2.06
2.959
2.141
2.058
2.021
3.07
1.785
2.143
2.736
2.864
1.656
1.651
2.278
1.522
2.569
3.552
1.775
3.331
3.656
3.93
2.852
3.863
3.866
2.797
3.208
2.568
2.148
3.821
2.537
3.702
2.548
1.787
3.367
3.686
2.159
2.881
2.082
3.187
3.011
2.243
1.995
3.413
3.21
3.841
2.653
2.979
1.815
3.761
2.327
3.68
3.254
3.565
3.974
1.689
3.18
1.865
2.537
2.685
2.051
2.588
2.557
2.341
1.916
2.788
2.788
3.055
2.859
2.754
1.74
3.231
2.153
3.179
3.057
3.811
2.197
1.876
2.194
3.825
2.341
3.896
1.64
3.241
2.984
3.919
3.098
1.746
3.254
2.309
1.915
2.977
3.156
3.099
3.207
3.501
2.809
2.782
3.547
3.852
3.207
3.769
2.071
2.668
3.974
2.163
2.221
3.639
1.898
3.068
3.035
3.863
2.973
3.083
3.162
3.471
3.887
2.365
3.673
3.395
3.221
3.979
3.073
3.131
3.225
1.792
2.575
2.409
3.801
2.64
3.928
2.586
3.367
1.592
2.283
1.861
3.155
3.701
2.382
1.519
2.491
3.48
2.008
3.963
2.831
2.77
1.594
2.731
1.651
3.51
2.754
3.204
2.303
1.888
3.078
2.48
3.999
2.133
2.806
1.605
3.612
2.853
3.996
2.034
2.415
2.866
2.953
2.248
2.303
2.26
2.599
1.817
2.917
3.82
2.865
1.86
3.717
2.555
2.238
2.868
1.946
2.81
3.733
3.908
2.484
2.277
3.963
3.605
3.147
2.269
3.565
3.738
2.65
2.555
3.647
2.252
3.973
3.379
2.285
2.282
2.333
3.973
2.183
2.035
1.875
3.747
2.018
3.293
3.423
2.958
2.418
3.061
3.912
2.031
1.983
1.642
2.549
1.851
3.911
3.996
3.371
2.874
2.306
2.196
3.255
2.323
3.38
3.356
3.089
2.628
3.747
3.347
3.644
2.952
3.031
3.453
3.218
2.572
3.529
2.712
3.258
3.097
2.458
2.667
3.525
2.837
1.555
2.965
1.72
3.651
3.59
3.044
2.784
3.819
1.593
3.282
2.898
2.611
3.181
2.236
3.057
3.853
1.937
2.505
1.701
2.694
3.669
2.827
2.192
3.027
3.873
3.902
3.702
3.902
3.369
2.538
2.48
3.797
3.696
3.589
3.566
3.335
1.715
3.939
2.355
1.898
1.565
3.812
3.88
3.566
2.76
3.658
3.369
2.087
3.455
3.296
2.102
3.006
2.624
1.769
2.666
1.979
1.945
3.383
2.983
3.717
3.404
1.931
1.858
3.14
3.143
3.532
3.25
2.464
3.117
2.57
2.1
2.353
3.991
1.642
2.662
3.792
2.821
3.184
1.744
2.255
3.784
3.772
1.701
1.53
2.037
1.912
3.004
2.632
2.423
2.227
3.404
3.929
2.981
3.328
1.577
1.695
2.976
3.47
1.958
2.782
3.839
3.109
3.592
3.507
3.8
2.944
2.489
2.163
3.54
2.555
3.028
3.836
2.126
1.969
3.208
1.842
3.263
3.035
1.69
2.346
2.29
2.911
2.009
2.372
3.832
2.217
2.552
2.577
2.777
3.427
2.866
3.991
1.855
1.828
2.4
2.306
2.483
3.283
2.885
3.891
2.238
2.65
2.196
3.219
2.5
2.526
2.195
2.725
3.263
1.702
3.554
3.614
3.317
2.156
2.665
3.806
1.593
1.871
3.138
1.839
3.53
3.139
3.753
2.832
3.747
3.738
1.995
1.776
2.858
2.146
3.837
3.233
2.957
1.916
2.102
3.087
2.471
3.065
2.534
2.006
2.692
2.386
3.345
2.18
2.314
2.184
2.944
3.991
1.859
3.468
2.298
3.607
1.804
2.163
1.707
1.84
3.842
2.929
2.572
2.322
3.174
1.693
2.396
1.7
1.892
1.835
2.569
2.669
3.205
2.954
2.043
2.949
2.21
1.802
2.878
3.203
1.832
3.364
3.56
3.835
2.371
3.59
2.005
1.709
2.462
2.917
3.585
3.948
2.793
2.882
2.204
1.777
1.769
3.463
1.697
3.414
2.032
2.823
1.561
3.812
2.423
3.409
3.904
2.488
3.253
2.85
3.489
3.003
3.85
1.916
1.593
3.92
3.323
3.204
1.931
2.366
1.76
2.393
3.793
1.889
2.557
3.231
2.197
1.993
2.904
2.323
1.819
3.511
1.755
3.484
1.88
2.0
3.707
2.294
2.182
2.261
2.784
2.294
3.132
1.944
2.722
3.293
3.99
2.126
3.087
2.971
1.98
1.687
2.502
1.971
3.004
2.527
2.862
3.659
1.788
3.568
2.787
2.879
3.475
1.76
2.5
3.664
3.548
1.709
2.329
2.438
2.597
2.765
3.53
2.896
3.303
3.673
3.592
3.704
3.388
2.238
3.659
1.836
3.472
3.625
3.438
1.557
3.047
3.981
3.858
3.048
3.333
1.923
1.709
2.253
2.347
3.805
3.039
1.931
3.108
3.209
1.638
2.212
2.365
2.495
1.646
2.168
3.257
1.764
2.887
2.353
1.651
1.6
2.427
3.134
3.799
1.847
3.699
2.334
3.109
3.374
2.575
3.262
3.953
2.445
2.776
2.27
2.953
1.765
2.178
3.504
3.621
2.597
3.912
3.608
3.129
2.397
3.904
2.032
2.518
3.051
3.098
3.823
2.51
3.836
3.723
2.043
3.609
3.205
3.106
3.644
2.358
2.01
1.973
3.046
1.848
2.9
3.726
2.836
3.337
2.592
3.983
3.926
2.655
3.803
3.817
1.589
2.637
2.149
2.628
3.558
2.024
3.83
3.5
3.959
1.882
2.22
3.226
2.852
1.953
2.894
3.839
3.489
2.752
3.649
2.217
2.302
3.017
3.32
1.875
1.658
2.158
3.828
2.252
2.039
3.153
3.571
2.503
3.682
1.73
2.537
2.006
3.261
2.544
1.851
2.861
3.529
1.612
2.095
3.977
2.225
3.538
3.437
2.673
3.511
1.526
2.629
2.06
1.591
1.585
1.975
1.65
1.574
3.791
3.833
3.294
1.644
2.785
1.81
2.958
1.922
3.169
2.185
1.913
3.423
2.904
3.221
3.458
2.012
2.862
2.006
3.798
3.243
2.704
1.598
2.828
1.541
1.755
2.265
2.998
2.447
3.465
3.997
3.87
2.464
1.551
3.959
2.351
2.688
3.723
2.136
2.291
3.799
3.149
2.029
1.909
2.587
3.135
2.264
1.546
3.731
3.938
1.85
2.209
1.609
2.736
2.941
1.808
1.904
3.624
3.878
2.824
2.043
2.093
2.339
1.959
2.427
2.712
1.819
1.786
2.703
2.5
2.815
2.403
3.478
3.971
1.915
1.911
2.68
2.368
2.493
3.576
1.946
2.313
2.264
2.046
1.935
3.196
1.991
3.397
1.524
3.9
2.251
2.631
1.719
3.043
2.69
1.642
1.829
1.713
3.97
1.579
3.519
3.288
2.92
3.989
2.54
2.429
2.91
1.88
3.63
3.407
2.613
1.61
2.562
2.407
1.538
2.059
3.058
2.498
1.539
2.078
2.874
3.881
2.256
2.462
2.206
2.073
2.786
3.381
3.447
2.31
1.799
2.16
1.546
3.007
2.141
2.158
3.216
1.977
3.107
1.516
3.478
2.129
2.431
2.861
2.648
3.726
1.91
2.882
3.189
1.806
3.29
3.912
3.53
2.893
3.745
3.917
1.645
2.531
2.492
3.489
2.316
3.886
3.629
1.554
1.993
1.701
3.438
2.144
2.826
3.125
2.261
2.031
1.882
3.328
3.776
3.402
2.588
3.303
2.46
3.196
1.643
2.344
1.989
1.87
3.313
3.707
2.153
2.486
3.577
3.643
3.334
3.192
3.286
3.718
3.316
2.865
2.293
3.141
2.091
2.709
2.765
3.863
3.545
3.555
2.888
1.551
3.282
3.772
2.163
1.986
3.831
3.909
3.259
2.122
3.686
3.668
3.988
2.775
1.642
1.663
3.317
3.803
2.7
3.86
2.358
2.31
3.329
2.795
2.974
3.205
2.567
1.985
3.388
1.601
1.526
2.806
3.193
2.129
2.311
1.596
3.398
2.065
2.546
3.591
2.192
2.547
3.799
2.316
3.421
3.755
4.0
2.443
2.229
2.934
2.203
1.794
2.574
2.178
1.537
1.747
2.113
2.036
2.362
3.485
2.294
2.034
2.645
3.365
2.029
2.769
1.94
2.341
3.304
2.439
2.367
1.54
1.913
2.293
2.974
2.46
1.704
3.59
1.562
3.153
1.671
3.052
2.209
3.545
2.733
2.67
2.368
2.779
2.704
2.241
3.143
1.533
1.536
2.952
2.155
3.426
2.064
3.18
3.974
2.88
2.485
3.287
1.551
3.222
2.834
2.061
2.168
2.233
3.643
1.848
2.806
3.856
2.342
2.561
2.992
2.153
2.31
3.348
2.659
3.851
2.473
1.974
3.795
1.903
3.0
3.702
2.561
2.868
2.456
2.774
3.274
2.5
3.925
2.818
2.979
3.325
2.321
1.83
3.405
2.479
2.144
2.117
2.998
1.894
3.316
3.903
2.171
3.607
1.69
3.141
2.074
3.711
3.788
1.957
2.108
3.343
2.387
3.726
2.749
3.388
2.7
1.826
3.787
2.544
1.736
3.6
1.587
1.629
1.835
1.902
1.736
3.566
2.916
3.92
3.58
1.961
2.597
1.772
3.852
3.693
3.544
3.049
3.578
2.167
3.433
2.606
2.905
3.343
3.445
2.003
2.981
3.558
1.979
3.342
1.533
3.692
2.305
1.511
3.315
3.226
2.631
2.552
1.645
1.509
1.554
2.098
2.7
3.304
2.189
3.852
3.617
3.169
2.552
2.341
3.011
2.493
2.929
1.787
3.309
1.631
2.08
2.382
2.876
2.231
2.252
2.62
3.38
2.99
3.277
2.799
1.648
3.605
2.506
3.346
3.111
3.05
2.363
3.87
3.201
2.431
3.972
1.634
3.814
2.165
3.373
2.863
3.781
3.366
2.134
3.686
3.06
2.818
3.13
2.114
1.926
2.533
3.141
3.854
3.419
2.624
1.594
2.364
3.193
2.829
3.966
3.972
3.984
1.914
2.968
3.232
1.979
2.722
2.529
2.937
3.904
2.966
1.634
2.742
2.578
3.885
1.965
3.792
2.39
1.779
1.769
3.563
2.08
2.09
1.982
2.361
1.51
3.117
3.459
2.894
3.451
1.522
1.964
2.623
3.444
3.235
3.678
3.141
3.241
1.507
2.58
2.414
3.19
3.098
2.845
2.327
3.351
3.062
2.32
3.569
2.093
2.276
3.461
2.248
3.15
2.07
3.13
2.39
2.027
2.918
3.915
3.927
2.407
2.774
1.741
2.736
3.976
2.764
1.552
1.618
3.624
2.996
2.43
2.943
3.934
2.512
3.956
2.072
2.071
3.573
2.801
1.853
2.451
2.12
3.661
2.346
2.478
2.601
2.577
2.092
3.199
3.363
3.112
3.745
2.78
1.657
2.674
2.143
2.398
3.1
3.034
3.681
2.503
2.974
3.674
2.096
1.878
1.86
2.049
3.365
2.99
2.6
3.957
3.717
2.109
2.894
2.295
2.571
2.465
2.376
2.683
3.678
1.974
2.193
3.909
3.632
3.674
2.81
1.571
2.337
3.989
1.751
1.768
3.985
3.342
3.911
3.601
3.858
2.53
1.661
1.662
2.841
3.039
2.604
2.194
2.213
1.547
1.599
2.545
2.543
2.514
2.606
3.416
2.084
2.043
3.494
2.67
2.955
3.906
2.214
2.883
3.039
2.399
3.589
3.047
1.529
1.834
2.737
1.962
1.852
2.119
2.432
1.903
3.06
2.77
2.524
3.707
3.329
2.249
3.93
1.763
3.738
2.681
3.421
2.341
3.561
2.997
2.698
3.6
3.157
2.552
2.947
3.7
3.171
2.9
1.561
2.906
2.945
3.569
3.153
3.56
2.325
3.789
1.692
1.619
2.828
3.085
2.588
2.657
2.177
3.377
1.832
3.791
2.163
2.225
2.917
2.647
2.58
3.881
3.223
2.535
2.429
2.649
2.751
2.038
1.548
2.094
2.918
3.799
2.413
1.829
1.874
2.813
3.153
1.517
3.155
2.634
3.066
1.792
2.111
2.63
2.134
2.95
1.823
3.58
2.84
1.956
1.931
1.787
3.521
2.238
2.701
2.674
3.541
2.99
2.808
3.365
2.335
2.675
2.69
3.251
3.581
3.069
3.649
2.223
3.236
2.94
1.946
1.898
3.302
3.524
2.474
1.674
3.216
2.461
3.671
3.041
3.925
2.714
2.452
3.142
3.043
2.037
1.68
3.207
3.458
1.885
2.044
2.858
3.062
3.418
2.199
1.6
2.532
1.739
2.836
1.799
3.899
2.558
3.439
1.938
2.694
2.561
2.025
2.218
2.348
2.57
2.687
2.379
2.187
3.911
1.586
3.927
3.949
2.053
2.232
3.162
3.955
1.76
2.855
3.832
1.714
3.87
3.77
3.515
3.854
1.687
2.756
1.749
3.923
3.883
3.384
3.932
3.049
3.689
2.497
3.54
1.831
2.369
2.268
3.576
2.373
1.67
2.039
2.712
2.4
1.636
2.8
1.922
3.309
2.041
3.448
2.325
1.822
3.445
3.312
2.402
3.489
1.503
2.79
2.336
3.979
1.619
2.278
1.518
2.391
2.162
3.149
1.893
3.057
2.638
1.508
1.956
2.423
3.965
3.04
2.459
3.288
2.078
1.685
1.804
3.123
3.672
3.35
2.16
3.33
1.75
1.94
3.834
3.044
3.593
2.439
2.317
1.576
3.137
2.308
2.867
1.729
2.66
1.684
3.529
2.872
1.885
2.394
3.54
3.737
3.43
1.829
2.365
3.282
1.932
3.428
3.735
3.935
3.394
3.048
3.013
1.559
1.55
3.024
3.194
3.689
2.056
1.869
3.563
2.293
1.552
1.586
3.909
2.661
2.755
2.626
3.6
1.757
2.031
3.237
3.711
1.578
2.521
2.374
3.529
2.243
3.502
2.812
1.747
2.836
3.067
2.924
2.88
1.719
2.578
3.706
2.083
3.248
3.571
2.771
3.132
3.044
3.708
1.525
1.521
2.67
2.711
1.51
1.862
3.53
2.939
3.8
1.893
1.61
3.688
1.858
1.739
3.028
2.273
3.57
3.542
3.219
3.536
1.505
2.741
1.703
3.063
2.41
3.168
3.445
3.538
3.125
3.949
1.914
3.547
1.726
3.537
3.825
3.882
3.654
3.976
2.823
3.758
3.312
2.378
3.153
3.622
2.81
2.112
2.334
3.011
1.868
2.868
2.814
2.571
3.276
3.895
3.22
3.427
3.626
3.91
1.867
2.662
2.316
2.755
1.791
2.318
3.496
3.046
1.644
3.773
1.662
2.904
1.822
3.131
3.374
3.475
2.366
3.788
2.648
3.833
1.864
3.407
1.958
1.703
3.163
2.937
2.515
3.955
2.325
1.747
1.916
1.786
2.928
2.222
2.963
3.111
3.798
3.993
2.254
3.922
3.988
3.944
2.557
1.673
2.728
2.874
2.583
2.505
2.87
1.732
1.897
3.876
1.874
3.605
3.602
1.64
3.863
2.487
3.769
3.076
1.849
3.297
2.745
3.888
3.802
3.327
3.634
2.006
2.663
2.753
3.973
1.883
3.468
2.265
2.223
2.644
2.713
3.467
2.14
1.913
3.789
3.74
1.868
3.336
3.395
3.267
2.278
2.326
2.188
1.891
2.96
3.088
3.629
3.195
3.828
3.586
1.922
3.525
1.513
1.516
3.841
3.883
2.408
2.936
2.793
3.931
1.795
1.79
3.308
1.992
2.139
3.508
3.256
3.559
3.72
2.812
2.848
2.882
3.427
1.576
3.672
2.297
3.125
2.089
3.162
3.519
2.926
1.587
2.891
3.06
1.862
2.759
2.121
1.684
3.302
2.875
3.942
1.631
2.678
3.919
3.737
2.485
2.211
2.824
3.721
2.633
3.306
3.627
2.631
3.146
2.672
1.642
3.793
1.929
2.521
2.043
1.713
2.171
3.251
2.543
2.34
3.498
1.898
3.24
3.626
3.969
3.001
1.923
3.241
2.495
2.672
3.472
2.159
2.346
2.25
2.792
2.011
1.892
2.455
1.726
3.168
1.712
2.836
3.159
1.556
2.767
2.799
2.38
1.524
2.397
1.817
2.813
2.901
2.243
2.161
1.944
1.858
1.794
2.148
1.556
1.709
3.396
3.54
3.884
3.786
1.73
2.683
3.207
1.65
2.015
2.704
3.997
1.83
3.343
3.524
3.958
3.6
2.588
3.055
1.859
1.859
2.156
2.491
3.825
2.056
3.357
3.532
2.532
1.865
1.879
2.443
2.921
2.471
1.545
2.709
2.822
2.612
1.854
1.774
2.574
2.369
3.425
2.42
2.156
1.531
2.642
1.569
3.641
3.249
2.157
2.786
3.822
2.464
2.313
2.273
3.625
1.751
3.277
2.775
3.053
1.974
2.298
1.628
3.645
3.193
3.373
1.975
3.824
3.048
2.921
1.977
3.89
3.234
2.254
1.871
1.833
3.43
3.327
2.726
3.829
3.593
2.879
3.244
3.489
2.388
3.794
3.658
3.492
3.763
3.071
3.174
1.811
3.343
2.125
3.28
2.279
1.588
1.879
2.948
3.903
1.675
2.101
3.784
2.631
3.576
2.263
3.122
3.633
3.773
2.73
1.587
1.502
2.355
1.803
1.504
3.471
2.707
2.548
1.52
3.088
2.084
1.852
3.936
3.492
2.555
3.022
2.652
2.812
1.709
3.885
1.738
1.573
3.603
1.801
2.937
3.189
3.456
3.347
3.839
2.407
3.587
2.373
3.088
1.731
1.955
2.243
1.783
3.881
3.163
3.289
2.574
2.396
1.885
1.693
2.83
3.831
1.932
2.738
2.479
2.545
2.404
1.891
1.799
3.47
3.987
3.296
2.473
2.306
2.684
2.463
2.517
3.428
3.324
3.638
3.059
2.408
2.894
3.859
3.958
2.876
2.938
1.595
2.752
2.136
3.921
2.641
2.662
1.975
2.921
3.577
3.513
2.183
3.252
1.503
2.518
3.632
1.748
1.648
3.886
3.125
2.247
2.086
3.719
1.634
2.232
3.186
2.789
2.251
2.419
3.821
2.583
2.546
3.503
2.311
2.209
1.6
3.449
1.938
3.187
1.971
2.245
2.821
2.662
2.487
3.309
1.889
3.332
3.024
2.562
3.111
2.907
1.686
2.323
3.561
1.539
3.471
2.276
2.0
3.346
3.599
3.147
3.485
3.207
3.73
2.649
2.348
3.816
2.058
1.503
3.747
2.739
2.114
1.971
1.705
1.75
1.798
2.377
3.346
2.435
3.903
2.088
2.473
2.495
2.346
2.573
2.824
3.013
2.223
1.637
3.578
2.328
2.57
2.075
2.257
3.692
3.169
3.072
2.968
2.588
3.886
3.951
2.441
3.003
2.817
2.396
2.314
3.217
2.739
1.659
2.784
2.317
3.173
2.507
2.8
2.637
2.348
2.13
2.079
3.392
1.545
3.211
2.353
2.145
1.502
3.366
2.705
3.411
2.225
1.568
1.697
1.879
1.681
2.249
3.882
1.778
3.254
3.609
3.616
2.159
3.046
3.356
2.071
3.805
3.944
3.157
2.187
3.83
2.967
1.886
2.9
2.864
3.69
3.849
3.867
3.889
2.968
2.591
2.792
2.777
3.776
2.526
3.57
1.843
2.6
3.236
3.819
3.148
2.376
2.676
2.47
3.057
1.913
1.742
2.844
3.525
2.822
3.226
3.468
2.317
2.342
2.775
2.276
3.304
3.547
3.899
2.284
2.2
3.19
1.912
3.194
3.534
2.251
3.504
1.775
3.563
1.979
3.345
3.376
3.813
1.617
3.97
2.034
3.099
2.594
2.615
2.651
2.725
3.557
1.547
3.527
3.036
2.834
1.743
2.267
2.558
3.636
2.543
1.985
1.563
3.093
2.002
3.414
3.875
3.369
3.974
1.951
2.855
3.902
1.87
3.045
3.152
3.228
1.911
2.658
2.767
3.01
3.747
3.958
1.726
2.656
1.721
3.684
2.677
3.442
2.561
3.115
3.487
1.617
1.739
3.544
3.626
3.475
2.823
3.098
1.624
3.705
3.293
2.163
2.787
3.178
2.276
3.387
2.918
3.222
3.949
2.436
1.808
1.933
1.543
3.057
1.927
2.755
1.58
3.64
2.697
2.63
3.994
3.187
2.598
1.583
2.849
3.905
1.674
2.367
3.028
1.878
3.673
3.513
2.412
1.919
3.172
1.772
3.346
3.464
1.705
1.736
2.179
3.435
1.994
2.58
3.647
3.196
1.549
3.534
1.642
3.893
2.262
3.874
3.631
2.522
2.453
1.807
3.886
3.406
1.698
2.214
3.593
1.706
2.243
3.285
2.279
3.103
3.893
2.677
1.77
1.584
1.94
3.707
3.466
1.834
2.741
2.183
2.994
3.053
2.66
3.343
2.21
1.52
1.568
1.76
3.526
2.528
2.163
3.459
3.524
2.468
3.329
3.671
2.601
1.552
2.946
3.233
2.853
2.983
2.068
2.281
2.842
2.894
2.799
3.954
2.503
2.871
2.855
2.798
2.082
2.492
2.321
1.671
3.445
1.599
3.94
2.852
3.342
3.679
1.629
1.952
3.159
2.615
3.461
2.408
3.552
3.798
1.83
2.382
2.085
2.418
3.269
2.523
1.887
1.782
1.848
1.539
3.823
3.71
1.882
1.889
1.818
2.301
1.607
2.323
2.955
1.671
1.912
3.235
2.08
2.985
3.487
2.38
3.132
3.282
2.141
1.795
2.632
2.034
3.422
2.725
1.779
1.975
3.976
2.687
3.827
1.835
3.615
3.398
3.91
2.424
3.496
3.554
2.514
3.607
3.342
2.398
2.509
3.175
3.462
2.739
2.173
2.128
2.695
3.268
3.78
3.907
3.475
2.378
2.658
3.674
3.089
1.791
3.383
3.463
3.26
1.982
2.023
2.636
3.23
3.259
2.561
2.157
2.754
2.9
1.507
2.485
3.629
2.242
1.702
3.094
2.428
2.607
3.307
2.095
3.822
1.856
3.332
2.184
2.557
2.408
2.38
2.434
1.827
1.502
1.687
2.901
3.909
1.631
3.107
2.711
2.986
2.363
3.77
1.592
3.445
3.824
1.727
2.46
3.602
3.458
2.252
3.272
1.775
3.226
2.527
3.892
2.558
3.476
3.205
1.606
3.358
2.875
3.469
2.929
3.483
3.827
3.865
1.728
2.923
2.318
2.214
2.668
1.589
2.238
2.211
1.634
1.931
1.635
2.912
3.732
3.494
1.534
3.738
3.859
1.709
3.607
2.013
3.335
2.088
2.177
2.649
1.661
3.808
1.877
1.773
2.029
3.987
1.596
3.953
1.649
2.677
2.343
2.065
1.897
3.851
3.376
2.366
3.389
1.748
3.928
2.439
2.48
2.613
1.868
3.654
3.341
3.385
2.607
2.474
3.403
2.518
2.705
3.722
1.976
2.419
3.306
1.56
2.308
2.476
3.414
2.742
3.441
3.317
1.576
2.794
3.33
3.477
3.863
2.006
3.754
3.103
3.918
2.406
2.072
1.6
2.928
2.347
2.472
3.889
2.162
2.816
2.521
3.105
2.014
2.722
3.892
2.961
3.559
2.483
3.401
2.249
3.224
3.267
3.62
2.338
2.976
2.187
2.36
2.729
3.945
3.447
3.079
2.017
2.027
3.115
1.679
3.478
3.579
3.397
2.717
3.16
2.156
1.713
2.764
2.509
3.662
1.962
3.749
3.18
2.902
1.577
2.722
3.156
2.433
1.991
3.566
3.622
2.843
3.748
3.197
2.184
2.545
3.461
2.319
3.705
3.47
3.773
3.694
3.551
1.993
0.465
1.701
1.553
1.784
2.407
3.478
2.516
2.055
2.477
3.876
2.316
3.81
1.719
3.382
1.941
3.28
3.278
1.638
2.363
2.007
3.453
1.648
3.41
2.074
3.037
2.763
3.19
2.198
2.432
2.159
3.324
3.035
2.845
3.221
3.815
2.344
1.947
1.686
3.279
2.419
1.948
3.37
3.766
3.672
3.373
2.728
1.957
2.375
3.004
3.515
3.367
2.51
3.009
1.972
2.716
2.011
3.497
2.563
2.257
2.726
2.514
3.842
2.796
2.227
2.092
1.61
3.959
1.87
2.169
1.561
3.573
2.777
1.573
3.4
2.845
3.143
1.998
2.212
2.75
3.296
2.773
2.906
1.676
2.782
2.111
2.673
3.86
3.738
3.531
3.449
1.744
2.094
1.981
3.451
2.926
1.673
1.999
3.752
2.305
3.623
3.179
3.064
2.835
3.1
Error de lectura!!!
1.732
2.322
2.08
3.853
3.301
1.669
3.319
2.177
2.79
2.358
3.645
3.01
2.234
2.412
3.695
2.201
3.624
1.933
3.021
2.485
1.836
3.632
2.325
3.852
2.363
2.348
3.536
1.728
2.216
2.5
3.461
3.79
2.084
3.015
2.627
1.628
1.653
2.685
3.708
2.708
2.801
2.442
2.195
1.613
3.797
3.353
2.216
2.581
2.763
1.704
2.416
3.648
3.009
3.392
2.182
3.742
2.39
1.545
2.827
2.608
3.202
2.826
1.706
1.831
2.336
2.16
3.747
2.158
1.554
3.414
1.664
3.914
2.078
2.687
2.702
3.356
1.771
3.571
3.594
1.65
3.379
3.187
3.63
2.291
1.524
3.152
3.538
1.978
2.664
3.963
3.101
2.9
2.371
2.187
3.818
2.624
2.567
1.887
3.494
3.089
3.037
2.576
2.392
1.949
2.339
2.724
3.937
2.547
1.542
1.848
2.492
3.617
3.452
2.831
3.301
3.062
2.223
2.93
3.704
1.545
3.292
2.224
1.625
1.95
3.872
2.295
3.992
3.435
3.733
3.355
3.919
3.501
3.845
3.473
3.642
2.25
2.091
3.258
3.206
2.466
3.023
2.575
2.574
2.701
2.689
2.653
2.079
2.555
3.959
1.806
3.649
1.505
2.812
3.712
3.191
3.481
2.678
1.882
1.637
2.398
3.834
2.441
3.515
2.143
2.74
3.282
3.49
3.677
3.53
3.429
2.008
3.788
3.685
1.675
2.849
2.685
3.317
3.359
2.715
1.719
3.847
3.098
3.147
2.518
3.533
2.084
2.415
2.634
3.896
3.854
2.013
3.379
2.892
1.619
3.466
3.837
3.488
3.617
3.351
2.18
1.722
2.018
2.662
2.07
2.148
1.54
2.68
2.538
1.948
3.885
3.098
2.9
2.899
3.372
2.488
2.527
3.269
3.939
3.3
1.951
1.8
2.785
1.679
1.606
3.092
2.439
3.82
2.536
3.88
1.798
3.866
1.673
2.19
2.942
3.554
2.159
1.894
1.814
2.468
1.973
3.329
1.71
3.39
3.523
2.123
3.057
3.459
3.56
2.61
3.96
2.421
2.214
2.228
3.06
2.168
2.068
1.545
2.971
2.487
2.202
3.652
3.914
3.497
1.865
1.605
2.636
3.215
2.0
1.768
1.546
2.77
2.561
1.707
3.005
3.772
2.263
3.657
2.628
3.719
2.855
1.997
3.075
2.073
3.678
3.384
2.727
3.004
3.971
3.281
2.341
3.415
1.856
3.198
2.753
1.794
2.788
2.759
3.42
2.758
3.029
2.192
2.136
1.742
2.054
3.605
2.652
3.862
2.739
3.964
3.291
3.712
2.666
2.4
1.615
2.183
3.292
3.833
3.112
1.899
3.916
3.759
3.459
2.834
2.129
2.061
2.39
2.794
2.383
2.205
2.436
2.997
2.406
3.29
2.882
1.611
1.803
3.087
2.549
2.472
3.778
2.266
1.588
2.685
3.924
2.828
2.44
1.868
3.426
2.161
2.535
3.428
2.821
3.557
2.493
2.004
1.921
3.776
2.389
3.699
3.495
1.937
3.531
3.171
3.954
2.669
3.012
3.994
1.666
2.718
2.587
3.022
1.66
1.74
3.838
2.901
1.656
2.148
2.247
3.537
2.796
3.975
3.952
2.834
2.68
2.951
3.936
3.516
3.796
2.236
1.964
1.7
2.666
1.856
3.95
1.572
2.772
2.498
2.512
2.45
2.515
3.714
1.503
3.543
3.52
3.037
2.476
2.34
3.51
2.356
3.013
3.371
3.812
3.668
3.948
2.951
1.757
3.981
2.005
2.363
3.487
3.492
3.51
3.22
2.492
2.603
2.266
2.622
1.748
2.534
2.893
2.387
3.96
3.568
3.558
2.768
2.205
2.431
2.501
3.143
3.669
2.37
1.954
1.84
3.238
1.679
3.962
2.802
1.899
3.326
3.696
3.587
2.165
2.476
3.06
3.804
2.814
2.754
1.68
2.446
3.296
3.495
1.962
1.746
3.883
2.252
2.665
2.9
3.976
1.915
3.183
3.573
2.883
2.192
2.422
3.358
1.765
3.522
2.633
1.739
2.693
2.366
3.373
3.02
1.843
3.756
3.519
3.668
1.971
2.839
1.531
2.521
3.529
3.594
2.961
3.628
2.605
1.711
3.875
2.66
2.066
3.396
1.833
2.698
2.464
2.231
2.267
2.224
1.681
1.903
3.105
3.984
2.292
3.029
3.446
1.975
1.716
2.936
2.928
3.453
3.536
1.741
1.694
3.197
3.858
3.244
3.125
1.924
1.972
3.846
3.381
3.14
1.962
2.928
2.78
1.723
2.765
1.659
3.045
3.495
2.85
1.744
2.513
3.358
3.218
2.58
3.751
2.267
3.258
2.145
3.456
1.62
1.841
2.25
1.621
2.408
1.966
1.93
3.305
2.67
2.454
3.81
3.299
2.405
3.415
3.808
2.031
3.674
2.834
2.063
3.776
2.334
3.985
3.4
3.022
3.536
1.703
1.77
2.062
2.994
1.572
2.789
3.541
3.5
2.411
2.379
2.322
3.847
2.099
3.518
2.6
2.669
2.393
3.264
3.669
2.477
3.219
3.518
2.392
2.837
3.847
3.63
3.544
2.316
3.072
3.955
1.907
3.786
3.998
1.883
1.646
3.432
1.78
2.307
1.634
2.916
2.345
3.889
1.839
3.281
2.402
3.548
3.43
2.074
3.785
3.321
3.309
3.541
2.977
2.837
3.06
3.973
2.583
3.127
2.454
2.794
2.438
3.229
2.249
3.392
3.23
3.526
2.639
1.52
3.182
2.196
2.03
2.66
1.599
2.046
1.834
1.725
2.707
3.2
3.07
2.718
2.475
2.839
3.582
2.448
3.756
1.91
2.045
2.424
2.835
2.408
3.777
3.008
3.1
3.29
2.697
3.064
1.524
2.649
3.131
3.017
3.191
3.516
3.644
3.192
2.991
1.982
2.38
2.561
2.988
2.44
3.152
3.09
2.846
3.493
3.996
3.034
3.494
3.824
3.768
2.95
2.895
3.807
3.892
1.805
3.148
1.93
1.907
3.221
3.883
2.398
2.234
3.505
2.817
3.54
2.429
1.741
1.835
2.508
1.537
1.5
2.631
2.991
2.456
3.781
3.752
2.896
2.886
1.538
2.137
3.954
2.093
3.171
2.681
3.025
3.182
2.889
3.861
3.79
2.397
1.708
1.644
2.52
2.179
3.452
1.548
3.782
1.729
3.852
3.931
3.563
2.525
2.029
1.96
3.81
2.056
2.209
1.674
2.659
3.525
3.397
3.284
3.572
1.584
2.745
1.95
1.596
1.713
3.718
2.558
1.578
2.232
3.895
1.671
3.936
3.863
3.046
3.643
2.676
3.223
2.876
3.52
3.036
1.903
2.496
3.699
3.292
2.433
Error de lectura!!!
2.605
3.053
2.408
3.145
3.325
2.751
3.451
1.778
3.102
3.487
3.611
2.98
3.702
3.068
2.497
1.876
1.756
2.406
2.942
3.802
1.893
2.994
3.494
2.812
3.004
3.874
2.01
2.957
3.2
2.586
2.182
3.106
3.242
1.631
3.045
3.551
3.264
2.612
2.67
2.826
3.662
3.665
2.729
1.732
1.961
3.797
3.455
2.331
3.63
2.238
1.5
2.768
2.923
2.974
2.725
1.603
1.528
3.736
1.792
3.518
3.713
3.165
1.983
3.397
3.049
3.775
3.99
1.992
2.973
3.637
3.397
3.325
2.393
3.657
3.311
2.579
3.961
2.947
3.157
3.017
2.136
2.954
Error de lectura!!!
2.255
2.877
2.729
1.91
3.065
1.957
3.682
2.522
2.574
3.172
2.171
2.582
2.903
2.36
2.728
2.135
3.209
3.683
2.4
2.952
3.584
3.68
2.968
1.764
3.703
3.18
2.066
2.676
3.556
3.914
3.956
3.557
3.244
1.616
2.613
2.838
3.257
3.713
2.231
2.729
1.843
2.081
2.361
2.425
2.137
2.021
2.727
3.144
3.786
2.194
2.566
2.897
2.137
3.688
3.104
3.995
2.463
3.483
1.565
2.442
2.42
2.447
1.652
2.762
3.239
1.975
3.681
2.479
1.806
3.104
3.257
3.449
3.122
2.609
3.499
1.957
1.512
1.958
3.959
1.928
3.635
2.681
2.104
3.679
3.586
2.094
3.487
2.035
2.568
1.746
2.567
1.568
2.473
1.818
1.929
1.97
2.245
1.584
3.874
2.38
3.549
3.757
3.65
2.525
2.774
3.501
1.869
2.091
3.83
3.072
3.15
2.972
3.356
2.079
1.719
3.533
3.323
2.015
2.282
3.222
2.579
1.861
2.975
3.103
3.759
2.824
2.693
3.525
2.967
2.497
1.852
2.804
2.224
2.151
3.979
3.468
2.346
3.961
1.714
2.249
3.393
3.394
2.712
3.692
3.605
2.884
2.118
3.815
1.682
2.415
2.461
3.895
2.894
1.845
1.823
2.197
3.179
3.866
3.016
2.143
2.279
3.316
3.155
2.702
1.71
2.732
2.062
3.566
3.082
3.566
1.992
3.585
3.235
3.265
3.008
3.138
2.732
1.772
3.062
1.932
3.428
2.381
2.258
3.394
3.289
1.792
2.303
3.77
2.626
1.944
2.587
2.735
3.033
3.617
2.716
2.087
2.412
3.332
3.012
2.211
2.856
2.906
3.348
2.513
2.706
3.9
1.992
2.722
2.786
1.539
3.083
1.842
1.823
3.808
2.417
1.581
1.642
1.62
2.099
3.933
2.871
2.501
3.265
1.502
2.475
2.997
2.395
3.482
1.853
1.782
3.459
3.208
1.705
2.729
3.036
3.158
2.217
2.742
3.189
2.002
3.358
1.618
3.561
2.639
1.511
2.247
3.697
2.816
1.789
1.527
3.054
3.59
3.309
2.181
3.899
2.167
2.506
3.073
1.948
3.782
3.473
1.64
3.458
3.253
2.896
2.015
2.02
3.911
1.61
2.355
3.683
3.331
2.671
3.015
2.442
1.875
2.63
2.656
3.311
3.925
3.314
1.797
3.525
3.575
2.326
3.357
1.887
3.812
3.299
2.332
2.946
3.259
1.871
3.704
2.054
2.39
3.419
3.511
2.893
3.709
2.55
1.867
2.862
2.456
3.509
2.929
2.485
2.157
2.519
2.282
1.927
3.777
2.515
2.293
3.763
3.845
1.741
3.171
1.741
3.768
2.184
1.548
1.511
3.146
1.53
1.763
2.353
2.819
3.783
3.657
1.616
3.871
3.096
1.765
3.424
2.32
1.738
2.53
2.145
3.515
2.193
1.924
3.009
2.573
3.49
2.887
3.671
2.601
3.95
3.724
3.323
3.023
2.706
1.811
3.321
3.626
2.788
3.96
3.636
1.529
3.592
2.167
1.875
2.208
3.337
3.935
2.659
3.302
3.661
2.339
2.712
3.22
3.375
1.774
3.434
1.921
2.522
3.713
3.172
1.506
3.535
3.124
2.802
3.618
3.657
3.949
3.12
3.702
3.426
2.4
2.535
3.086
2.731
2.831
2.941
3.674
2.521
3.157
3.407
3.235
1.698
3.604
2.69
2.699
3.864
2.124
2.221
1.656
2.607
3.215
2.399
3.2
3.755
3.437
2.457
1.527
3.039
2.315
2.684
2.731
2.41
2.318
3.066
2.345
3.25
3.357
3.095
3.62
3.838
2.014
3.971
3.908
3.665
3.197
3.436
1.85
2.255
1.812
3.263
2.752
2.74
1.825
2.514
2.009
1.815
3.633
2.542
3.054
3.993
3.41
2.335
2.8
2.931
1.806
3.916
2.781
2.613
2.086
2.877
2.655
3.919
2.192
3.092
3.84
3.355
3.423
3.938
3.07
3.821
2.342
2.116
1.65
3.096
3.918
3.917
3.028
3.256
1.531
2.498
2.816
3.377
2.078
3.475
2.046
3.22
1.627
3.428
3.502
3.351
2.116
2.689
3.246
1.833
3.449
3.793
2.756
3.539
2.581
2.587
1.698
3.596
2.335
3.388
3.128
2.096
3.073
2.817
1.704
1.777
3.398
3.595
3.698
2.746
3.552
2.962
1.804
2.914
3.5
2.003
2.144
2.98
2.886
3.398
2.435
1.708
3.752
3.013
2.583
2.918
2.881
2.655
1.696
2.397
1.529
3.206
3.633
1.962
3.664
2.209
2.564
3.499
2.3
3.814
2.259
3.347
3.664
2.629
2.09
3.966
2.984
1.953
2.793
3.356
3.455
1.7
1.507
3.958
2.236
2.779
3.731
1.871
2.69
2.969
1.982
3.765
3.858
3.239
3.579
3.936
2.555
2.19
2.433
3.734
3.664
3.197
3.842
3.589
2.152
3.823
1.622
2.226
3.424
2.227
2.804
2.139
3.912
3.04
2.982
3.977
1.961
2.354
2.312
2.42
1.904
3.445
1.952
2.967
2.752
1.915
2.476
3.118
3.927
2.767
2.679
2.921
3.061
2.149
3.907
1.979
3.37
1.613
2.876
3.262
2.47
2.576
2.29
2.714
2.478
2.958
2.511
3.413
2.019
2.875
1.903
3.044
1.995
2.778
2.718
3.2
3.055
2.064
2.681
2.717
3.62
2.036
3.216
1.936
3.811
3.437
1.896
1.627
1.781
2.505
1.981
1.729
3.508
2.32
1.52
1.506
2.205
3.651
3.181
3.592
2.392
3.796
3.332
2.489
2.502
3.136
1.939
2.222
3.678
1.668
2.534
2.977
3.7
2.418
3.518
2.098
3.897
2.794
3.951
1.789
3.59
3.849
3.801
3.846
2.98
1.642
2.467
1.756
3.203
3.49
3.637
1.936
3.454
2.103
3.175
2.919
2.038
2.322
1.596
1.761
3.831
2.402
3.468
1.91
2.684
2.059
1.522
3.132
1.983
1.527
2.596
3.674
3.661
2.324
2.011
3.937
2.129
2.8
3.255
3.003
2.171
3.745
2.695
1.527
3.167
2.862
3.563
1.558
2.769
1.68
2.511
2.059
2.709
1.802
3.899
1.569
2.883
2.94
1.608
3.419
3.394
2.236
2.043
2.813
3.595
2.862
3.699
3.21
3.409
2.214
2.421
2.913
3.668
2.554
3.062
2.625
1.534
3.389
3.415
3.709
1.541
1.889
1.579
2.204
2.567
1.913
3.512
1.564
2.515
2.4
1.747
3.026
3.483
2.328
1.947
1.749
2.926
1.922
1.676
2.263
3.966
3.84
3.113
1.551
2.107
1.832
2.492
1.67
3.104
3.822
2.882
2.739
2.7
2.685
1.785
2.084
2.438
2.668
3.084
2.012
3.318
2.663
2.071
3.228
2.543
1.829
3.079
2.356
3.621
2.565
2.137
3.613
2.957
2.609
3.362
1.765
2.063
1.677
2.106
3.19
2.338
3.446
3.955
1.575
3.729
2.962
3.837
2.896
3.11
3.963
2.611
1.824
2.363
2.416
3.461
3.103
1.833
3.576
2.861
3.154
1.701
2.595
2.369
3.954
3.23
2.985
2.694
1.688
3.938
2.094
3.538
2.373
3.175
3.629
3.246
1.729
1.737
3.748
2.814
2.217
2.683
2.948
2.548
2.067
2.442
1.995
1.846
3.218
2.152
3.583
2.11
2.583
1.906
3.228
2.898
2.928
3.336
3.372
3.304
3.21
2.309
1.96
2.3
3.487
2.07
3.234
2.334
1.52
3.09
2.955
3.028
2.935
2.809
2.815
1.95
2.074
3.533
2.184
3.184
2.373
2.631
1.83
2.868
2.815
2.565
2.716
2.025
3.367
3.987
3.751
2.606
2.85
2.093
3.852
2.301
3.431
3.228
1.626
2.411
2.798
2.541
3.423
3.76
2.405
2.059
1.858
2.193
2.421
2.267
2.756
2.863
2.355
3.515
2.856
3.792
2.772
2.686
3.722
3.519
3.474
1.546
2.849
2.613
1.574
3.705
2.696
3.546
2.849
3.645
3.379
3.585
3.312
1.863
2.584
3.208
3.08
3.722
3.572
3.462
3.035
2.341
2.267
1.972
2.204
3.463
1.99
1.735
2.061
3.049
2.412
2.278
3.635
1.824
2.3
3.516
2.289
2.027
3.595
2.412
3.375
3.943
3.764
2.901
3.954
2.025
2.235
1.543
2.858
3.792
2.414
2.088
3.91
2.204
2.411
3.263
3.963
2.933
3.704
3.548
3.88
1.924
3.947
2.459
1.866
2.47
1.954
1.5
1.64
3.66
3.472
1.852
3.375
1.725
3.135
1.852
3.565
3.478
2.509
1.739
1.572
3.265
1.67
3.304
1.53
1.851
3.534
3.975
1.535
2.492
1.863
2.846
2.396
2.099
1.999
3.962
2.542
2.95
1.983
3.35
2.097
3.816
2.868
2.479
3.279
3.527
3.672
3.996
2.877
3.224
3.263
2.139
2.745
1.968
2.442
3.133
1.646
3.189
3.307
1.984
2.352
2.889
3.885
3.766
2.11
3.431
1.769
1.637
2.54
3.883
3.296
2.646
2.924
3.416
3.277
3.623
2.578
2.768
1.725
3.206
1.881
2.342
1.677
3.012
2.867
2.418
3.367
1.749
3.806
2.162
2.855
3.445
1.999
2.598
2.873
3.582
2.26
2.132
1.933
2.283
2.55
2.043
3.975
1.943
2.125
1.562
3.564
3.651
3.823
3.925
2.411
2.381
1.89
1.881
2.173
2.988
1.829
1.721
1.902
2.032
3.424
3.334
3.223
2.48
3.117
2.153
2.892
1.605
3.334
3.786
2.942
2.652
3.887
3.068
3.623
2.474
2.883
2.797
3.118
3.175
1.552
3.983
3.462
1.893
3.644
3.984
2.982
3.329
3.369
2.062
3.161
2.878
3.301
3.088
1.761
3.455
3.976
2.529
2.423
1.918
2.734
2.252
3.293
3.145
2.814
1.817
3.185
1.756
1.623
3.238
2.553
1.71
2.571
3.294
2.552
2.773
2.268
3.43
2.169
3.04
3.345
3.5
2.203
3.126
3.34
3.597
1.761
3.074
1.91
3.683
2.334
1.995
3.583
3.356
3.197
3.675
2.733
3.359
3.843
3.727
3.966
2.48
2.409
3.033
2.422
3.727
Error de lectura!!!
1.874
2.737
2.848
3.252
2.688
3.371
2.13
2.468
3.44
3.057
2.458
2.559
1.899
3.332
3.805
3.51
3.83
2.258
2.37
3.101
3.953
2.487
2.218
2.106
3.128
3.005
2.737
2.496
1.562
3.145
3.477
3.704
3.843
3.216
1.682
3.383
1.706
2.573
3.546
2.73
1.952
3.996
2.136
3.116
2.928
2.092
2.294
2.51
2.853
2.228
1.882
3.753
2.833
2.206
1.735
3.212
1.792
2.223
3.662
2.257
3.973
1.724
2.196
2.533
3.069
3.318
1.963
1.724
1.943
2.533
2.323
1.624
2.423
2.018
1.727
3.918
3.805
2.846
2.1
1.934
3.261
1.689
2.45
3.83
2.456
2.219
2.277
2.148
2.14
1.946
3.861
2.694
2.608
1.577
3.113
3.956
3.957
3.568
1.513
2.831
2.492
3.383
2.611
2.716
2.732
3.249
1.825
1.999
2.069
3.464
3.582
3.17
3.367
3.003
2.539
3.798
1.85
2.783
1.658
2.935
2.934
1.597
2.121
2.053
2.337
3.195
2.791
3.305
2.539
1.858
2.517
2.845
3.23
3.837
3.636
2.317
3.545
3.482
3.961
2.994
1.738
2.387
1.936
3.234
2.101
2.052
2.756
3.851
3.811
2.618
1.819
2.895
1.514
3.841
3.62
2.651
2.202
2.095
2.25
2.257
2.576
3.868
1.571
2.918
2.016
2.574
2.398
1.538
3.977
1.725
2.468
2.586
2.793
2.133
1.993
2.074
3.468
2.027
2.273
2.483
3.834
2.383
3.771
1.513
2.539
3.393
1.586
3.292
3.558
1.66
1.75
2.023
2.714
2.968
3.952
1.63
3.33
3.058
1.526
3.746
2.554
2.959
1.725
3.021
2.086
2.446
2.085
3.333
1.739
2.08
2.446
3.264
3.033
1.984
2.784
1.61
3.527
2.855
1.861
2.8
2.847
2.873
2.879
3.042
2.725
Error de lectura!!!
3.094
3.833
3.339
3.846
3.192
3.566
2.274
1.528
2.645
3.43
2.45
1.671
3.897
2.645
2.073
3.943
3.715
2.248
1.519
2.735
1.84
1.832
3.969
2.106
3.229
3.884
3.807
3.721
1.502
3.94
2.689
1.654
3.114
2.738
1.678
3.511
3.464
3.532
3.688
3.426
2.584
3.65
3.111
2.07
3.19
2.06
3.016
2.641
2.467
3.419
1.589
3.963
2.046
1.871
2.368
3.537
1.577
2.174
3.68
2.994
2.989
2.275
3.285
3.102
3.721
2.326
2.905
4.0
2.238
3.279
3.959
2.821
2.197
3.206
2.239
3.428
2.598
3.609
2.165
2.06
2.051
2.624
3.03
1.604
2.059
3.634
1.533
1.725
2.914
2.311
3.45
2.918
2.895
2.265
1.797
1.967
2.614
1.696
3.302
2.467
1.757
2.761
3.858
3.281
3.301
3.55
2.904
2.459
2.391
2.005
3.803
1.544
2.511
2.893
1.869
3.327
3.234
1.663
1.968
3.877
2.506
1.843
1.741
1.741
2.415
1.611
1.611
3.671
3.054
2.319
3.975
3.975
2.458
2.794
2.236
2.466
2.966
2.262
2.922
2.782
3.775
1.886
2.359
3.816
3.429
1.599
3.734
1.904
2.364
2.424
1.886
2.989
2.872
2.817
1.756
3.969
2.676
2.6
3.164
1.652
3.309
2.249
1.664
3.784
3.686
2.956
3.852
3.329
2.535
2.672
1.634
2.185
3.041
3.642
3.798
3.011
3.516
3.305
2.507
2.056
3.211
2.939
2.468
3.086
3.392
3.608
2.698
2.845
1.775
2.708
3.782
2.381
2.86
2.32
2.865
3.382
2.549
2.124
3.334
1.863
2.397
2.16
2.75
1.853
2.322
3.644
2.154
1.861
3.564
1.852
3.3
3.702
3.21
3.86
3.869
3.102
2.291
3.241
2.62
2.248
1.704
1.881
3.204
2.682
1.927
2.802
3.227
2.359
3.116
3.815
3.396
1.511
1.651
2.581
1.721
2.602
2.441
3.743
3.343
2.684
1.592
3.994
3.54
1.903
3.531
2.05
1.509
3.787
2.926
2.522
1.94
1.968
2.876
2.6
3.04
2.654
3.626
3.664
2.713
2.054
1.635
3.63
1.836
1.975
1.919
1.508
2.479
3.349
2.054
3.278
3.14
3.841
2.995
2.517
1.618
2.856
3.807
1.891
1.56
2.763
2.571
2.546
3.854
3.99
1.671
1.733
3.62
1.846
3.698
1.785
2.167
1.9
2.642
2.845
3.46
2.191
2.028
3.012
2.466
3.897
2.567
3.532
2.578
3.336
1.918
2.749
1.628
3.491
3.48
1.79
1.744
2.756
3.866
3.155
2.851
3.944
2.872
2.224
2.694
3.751
3.613
1.78
3.059
2.175
1.729
3.764
2.13
2.499
3.989
3.528
2.302
2.047
3.081
3.045
2.169
2.362
2.738
3.785
1.89
3.389
3.505
1.836
2.277
3.414
1.654
2.012
3.463
3.597
1.624
3.467
3.244
3.572
1.725
3.252
1.632
3.299
2.93
2.631
1.96
1.528
3.648
3.003
1.733
3.996
2.465
2.037
2.826
3.085
2.546
2.914
2.27
1.609
1.716
2.848
3.64
2.067
2.106
3.24
3.735
3.54
3.53
1.564
1.78
2.957
3.052
1.607
3.846
1.853
2.657
2.974
1.845
1.507
2.329
3.252
2.465
3.14
3.855
2.536
3.681
2.85
3.709
3.884
1.968
2.878
2.862
3.102
2.513
3.117
1.995
3.001
2.034
2.943
2.138
2.265
2.675
3.383
3.487
3.962
2.976
3.901
1.785
3.59
3.636
1.671
2.461
1.97
3.403
2.377
3.498
1.8
3.025
2.644
1.846
3.734
3.052
1.726
1.694
1.99
2.75
2.111
2.926
1.877
3.11
2.114
3.224
2.529
2.618
3.318
2.32
1.998
3.333
2.149
3.448
3.407
2.708
3.413
1.515
2.112
2.895
3.212
2.084
3.434
3.187
2.191
3.827
3.393
3.508
2.986
3.551
1.544
3.617
3.524
2.247
2.691
1.675
3.061
3.435
1.6
2.876
2.304
3.701
2.048
2.84
3.385
3.819
1.623
1.609
3.457
3.235
1.768
2.481
3.149
2.688
1.546
1.712
2.814
2.435
1.932
2.565
2.716
3.336
2.561
2.524
2.178
2.653
2.76
1.762
3.356
3.543
3.126
2.905
3.818
3.386
2.454
1.68
3.431
2.058
3.782
3.496
2.407
2.385
2.949
1.797
3.673
1.542
3.892
1.882
3.834
3.734
2.902
2.02
3.428
3.12
2.917
2.208
1.894
1.72
2.326
3.0
1.521
2.368
2.271
1.998
2.808
2.845
2.384
2.553
1.648
1.71
2.687
2.299
3.073
3.386
2.393
1.613
2.298
3.679
2.471
3.941
3.624
3.621
3.305
3.022
1.983
2.13
3.731
3.942
2.347
2.856
2.782
1.514
2.188
2.742
2.911
3.55
2.602
1.711
3.579
2.718
2.263
2.302
3.983
2.505
3.173
3.832
3.601
3.361
3.491
2.935
1.571
3.254
2.666
3.654
3.769
2.102
3.206
2.537
2.315
2.788
1.656
1.642
3.072
3.369
3.627
3.448
3.811
2.298
2.011
1.794
1.959
3.903
1.542
2.845
3.797
3.826
3.56
2.246
3.473
1.7
3.672
1.551
3.826
2.199
2.213
3.985
1.779
2.345
3.248
2.807
3.029
3.55
1.832
2.569
1.52
3.246
1.925
3.308
3.834
3.58
3.379
2.93
3.811
2.621
1.521
2.601
2.189
1.728
1.778
3.138
3.178
3.951
2.874
3.057
2.811
3.011
2.151
2.565
2.595
3.504
1.824
3.682
2.795
2.219
1.695
3.521
3.774
2.286
2.173
3.936
2.525
3.727
2.272
2.401
3.053
1.867
3.803
2.663
1.659
1.921
3.402
2.054
3.493
2.533
3.382
3.803
1.62
2.015
3.804
3.369
3.524
1.977
3.527
2.394
3.822
2.305
2.625
1.541
3.913
1.723
2.682
1.813
3.306
3.035
3.332
1.932
2.093
1.552
1.689
3.456
1.697
3.347
2.332
2.637
1.561
3.876
2.553
2.524
3.95
2.519
2.622
2.061
3.922
3.685
1.67
2.313
3.435
1.841
2.244
1.754
1.881
3.381
3.695
1.846
2.377
2.198
1.992
1.675
3.95
2.026
2.053
2.091
3.071
1.778
2.741
2.053
2.566
2.892
1.727
3.75
3.094
2.578
2.517
3.286
1.758
2.854
2.405
3.643
3.62
1.635
2.078
3.737
3.03
3.622
3.462
2.952
3.28
3.768
2.487
1.642
2.394
2.525
2.729
1.674
3.014
1.526
1.833
1.7
2.737
2.222
1.651
3.009
2.715
3.305
2.541
3.82
1.748
1.685
3.299
3.079
3.606
2.512
2.34
3.488
3.827
3.989
3.901
3.091
1.612
3.998
1.669
2.322
2.789
3.655
3.69
2.415
2.705
1.841
1.913
2.708
3.117
3.727
3.098
2.868
2.584
2.635
1.964
1.707
2.416
1.677
3.25
2.967
3.168
3.044
3.457
1.524
1.793
2.208
1.885
3.955
3.121
1.735
3.822
2.034
3.603
3.945
2.135
3.22
3.218
3.976
3.93
3.149
3.171
3.589
3.306
1.562
1.521
1.993
1.826
3.089
2.869
2.865
2.833
3.053
3.739
2.469
1.879
3.598
1.532
1.752
2.741
2.023
2.593
2.673
3.854
3.409
2.645
2.994
3.048
3.129
3.02
2.818
3.036
2.457
3.82
1.571
1.945
3.195
2.296
3.475
1.659
3.519
2.515
3.51
3.375
2.21
3.314
1.627
1.743
3.712
1.732
1.764
2.941
2.827
3.436
2.803
1.589
3.917
1.932
3.351
2.679
2.04
2.255
1.793
3.258
1.59
2.666
3.63
1.721
3.597
1.823
3.201
2.661
3.649
3.645
2.458
1.683
2.027
2.359
2.507
2.143
2.91
3.438
2.388
2.919
3.077
1.634
2.673
1.74
2.208
3.14
3.679
3.729
3.915
2.81
2.944
1.669
2.749
2.765
3.363
2.242
1.585
1.745
1.742
2.839
3.017
3.931
3.783
1.836
2.429
3.831
3.121
3.589
2.682
3.577
1.836
2.035
3.502
2.347
1.694
2.335
2.39
3.607
1.658
3.889
2.902
3.182
3.693
1.541
3.041
3.492
3.694
3.369
3.643
1.812
2.47
3.766
3.706
3.98
3.499
2.339
3.995
3.053
3.985
2.267
2.169
2.793
3.516
3.674
3.336
3.44
3.196
1.68
3.984
1.953
3.126
3.502
1.566
3.148
3.768
3.704
3.013
3.082
3.527
1.918
3.929
3.732
2.144
3.934
1.89
2.246
2.826
2.692
3.311
2.525
1.501
1.927
3.455
1.771
3.684
3.257
2.754
1.586
1.893
3.654
2.762
3.572
3.301
3.968
1.739
3.029
2.452
3.079
2.259
3.02
2.692
2.901
1.767
3.645
1.854
2.967
2.426
3.812
2.256
3.403
1.86
3.137
2.305
2.156
3.276
2.218
2.844
3.792
3.051
3.704
1.901
2.891
2.257
2.859
2.747
3.663
1.901
2.649
1.959
2.228
2.981
2.232
2.375
2.823
3.261
3.946
2.219
1.821
2.698
3.731
2.393
1.505
2.685
2.681
2.996
2.127
2.607
3.743
1.842
1.6
2.927
2.293
3.635
2.256
3.708
2.273
2.449
3.833
1.53
3.959
3.248
1.871
2.204
1.62
1.526
3.751
3.27
2.351
1.796
2.285
3.885
3.993
3.637
1.733
1.819
3.163
1.634
Prova
provas
3.000