2.85
3.702
3.153
1.575
1.907
2.954
3.875
3.725
3.742
2.667
2.982
2.598
2.135
3.793
2.414
2.542
1.705
1.512
2.403
2.303
1.699
2.005
3.51
2.288
3.508
2.517
2.906
3.38
2.85
2.913
2.084
3.585
2.794
2.085
3.007
3.744
2.644
2.303
2.481
1.572
2.626
1.63
2.555
3.479
1.698
3.033
1.543
3.08
2.649
2.273
1.659
3.676
1.76
3.473
3.571
3.913
1.576
3.453
3.044
2.506
3.012
3.341
3.474
2.89
2.212
2.977
1.747
2.272
3.117
3.253
1.854
1.513
3.606
2.461
2.217
2.442
3.529
3.952
2.446
1.891
3.01
1.831
1.971
2.205
2.38
3.58
3.31
1.774
3.772
2.745
2.869
1.898
3.322
3.775
1.541
3.026
2.015
3.686
3.317
2.5
2.279
2.266
2.171
3.923
1.524
3.049
3.859
1.985
2.154
2.019
3.965
2.557
2.838
2.399
2.651
2.954
3.582
2.387
3.9
3.256
2.943
2.068
2.555
2.489
3.871
3.196
2.297
1.805
3.987
2.325
3.238
3.152
1.566
3.001
1.523
3.782
2.96
3.081
2.367
3.607
2.671
3.288
1.811
1.883
2.157
3.281
3.554
2.587
2.886
2.606
1.658
2.436
2.529
2.11
3.481
1.837
1.767
2.886
2.32
1.557
3.695
1.643
3.945
2.525
2.225
1.756
2.806
2.7
2.608
2.221
3.117
1.743
3.054
2.787
2.041
3.294
1.992
3.215
2.601
3.905
1.882
2.78
2.495
3.846
1.504
3.5
2.707
3.7
2.787
1.576
2.798
2.625
3.762
2.072
3.361
1.663
1.995
3.116
2.057
3.6
2.278
3.687
3.821
2.03
1.934
2.539
2.785
3.254
3.389
2.459
1.593
2.821
1.554
2.353
3.701
1.506
2.908
1.793
2.237
2.016
2.146
2.465
2.312
2.833
3.273
2.019
3.558
3.219
2.323
3.867
3.09
2.311
2.164
2.51
3.79
2.409
2.057
2.813
2.981
3.956
3.499
2.507
3.623
3.643
2.229
3.201
2.92
1.601
3.955
2.766
3.626
3.514
2.095
2.509
3.131
1.825
3.304
3.698
2.456
3.609
3.738
2.304
3.917
2.648
3.355
2.511
2.912
1.55
3.81
1.509
4.0
3.475
2.164
2.816
2.336
1.541
3.959
1.94
3.437
1.813
1.589
2.621
2.508
3.509
3.544
3.508
1.734
3.847
3.874
3.159
2.674
1.724
1.554
3.16
3.237
1.843
2.095
2.731
1.807
3.475
1.973
2.565
3.72
1.811
2.142
2.21
3.392
1.577
3.914
2.032
1.804
1.563
3.321
3.711
3.994
1.917
2.545
1.768
3.969
1.766
2.115
2.471
3.088
3.757
2.617
3.858
1.751
3.354
1.734
3.972
2.758
3.779
3.936
3.759
1.57
1.904
1.935
2.352
2.543
2.003
3.139
2.558
1.921
3.893
1.542
3.097
1.626
2.626
1.69
3.321
2.989
2.393
3.842
2.03
3.6
3.957
2.225
1.791
2.39
3.396
1.625
2.955
2.772
3.958
3.043
3.411
2.926
2.763
2.143
2.475
3.199
3.636
3.698
3.18
3.183
1.903
2.757
2.191
3.591
2.649
3.687
2.469
1.922
3.333
1.687
3.032
2.577
3.888
3.035
2.49
2.948
1.968
2.235
1.658
2.474
3.375
2.885
2.906
3.869
3.673
2.877
2.063
3.079
2.506
3.63
2.232
3.944
1.758
1.63
2.999
3.883
3.8
3.937
2.234
1.865
3.333
2.763
2.909
2.344
3.58
3.062
1.772
2.825
1.954
3.397
3.652
2.567
3.1
2.601
2.084
3.874
3.451
2.287
1.541
3.701
2.098
3.914
2.776
2.802
1.58
1.883
2.821
3.801
2.7
3.759
2.778
1.835
1.977
2.52
3.144
3.533
1.915
3.985
3.734
3.005
1.918
1.822
2.2
3.155
1.607
3.321
3.341
3.54
3.343
2.696
3.299
3.438
1.903
2.071
2.822
3.3
2.285
2.952
2.646
3.497
1.521
3.402
3.417
2.899
1.922
2.263
3.002
3.092
3.469
1.899
2.157
2.125
1.683
3.313
3.41
2.759
1.533
2.984
3.884
3.06
1.896
3.959
2.251
1.78
2.859
2.114
2.27
3.198
2.655
2.986
1.647
1.648
3.672
3.056
3.973
1.504
2.381
3.943
2.242
3.744
3.696
2.862
2.994
2.825
1.8
1.551
3.143
3.318
3.408
3.14
3.006
1.606
3.726
2.259
3.369
2.705
3.85
2.483
2.816
2.617
2.532
3.776
1.779
1.831
2.645
3.497
3.663
2.772
1.577
3.943
2.043
2.37
1.817
1.945
2.135
3.181
2.968
1.978
3.435
2.77
2.949
2.259
3.951
2.372
2.158
3.826
3.075
3.011
3.026
3.35
2.304
2.256
3.307
2.859
3.843
2.642
2.061
3.029
3.217
3.612
1.955
3.734
2.662
3.121
3.462
3.552
1.873
3.393
3.179
3.838
2.671
3.329
3.277
1.639
3.91
1.636
3.655
2.37
1.972
3.926
1.798
2.33
3.824
3.425
1.853
2.247
1.91
3.244
3.207
3.073
1.691
2.776
1.601
3.059
3.787
1.794
1.739
1.779
2.856
3.235
3.508
2.041
1.694
2.583
3.171
1.549
2.415
1.924
2.882
2.111
1.847
3.946
2.748
1.868
3.566
2.727
1.987
2.018
2.987
2.463
3.018
2.984
2.626
2.228
2.059
2.204
1.773
2.144
1.598
3.467
3.187
3.68
3.975
2.333
2.597
3.176
1.873
2.393
2.032
3.167
2.375
1.915
2.769
3.167
2.927
1.741
3.279
2.247
2.503
2.449
3.641
2.023
3.469
3.131
3.086
1.785
1.955
3.971
2.556
2.97
2.397
2.078
2.805
3.719
3.28
2.449
3.552
3.852
3.498
1.513
1.967
2.826
3.539
2.722
2.857
2.18
2.754
1.982
2.703
2.224
3.215
2.138
2.328
2.293
3.773
3.145
2.886
1.517
2.807
1.781
1.517
3.613
2.115
3.594
2.827
2.845
2.978
2.238
2.188
2.326
2.944
2.867
1.613
3.561
2.136
2.031
3.896
2.65
2.534
3.021
3.349
2.997
3.883
3.324
3.606
2.202
2.746
2.555
2.26
2.803
2.287
2.956
3.091
1.88
2.881
2.706
1.774
3.468
2.482
3.145
2.649
2.125
2.265
3.922
2.628
2.813
2.316
3.86
1.594
2.701
2.161
3.24
3.304
3.945
3.33
3.014
1.538
2.0
3.273
3.209
2.675
3.036
2.336
2.94
3.549
2.574
2.19
3.116
1.549
1.531
1.598
2.457
2.898
3.077
3.142
2.145
1.901
1.519
2.814
3.529
3.89
3.263
1.887
3.459
3.572
1.569
2.069
2.823
3.586
3.283
3.515
2.105
1.935
3.758
3.445
1.621
2.126
2.151
3.488
2.925
1.697
3.028
2.294
2.197
2.934
2.188
2.764
1.725
1.599
3.925
3.069
3.797
1.979
1.765
3.636
3.637
1.504
3.57
1.521
2.23
3.28
2.848
2.91
3.491
3.288
3.797
2.338
2.045
3.406
1.814
2.915
2.276
3.579
2.18
2.692
2.967
1.642
2.965
3.315
2.655
2.417
2.347
3.842
2.207
3.437
3.738
3.946
3.331
2.376
1.877
3.811
2.149
1.71
2.598
3.949
3.631
2.038
3.331
2.275
3.688
3.867
2.028
1.621
3.564
1.712
3.264
2.903
2.475
2.712
1.591
3.741
3.659
3.312
3.435
3.237
2.057
2.837
3.999
2.606
1.654
3.011
2.398
2.754
3.113
2.562
2.025
2.775
3.187
3.203
1.88
3.468
2.466
3.146
3.214
2.061
3.374
1.505
2.783
2.197
2.801
1.537
2.48
3.209
3.047
2.835
1.683
3.798
1.616
1.898
3.024
3.475
3.991
3.647
3.906
2.04
1.784
3.261
3.141
1.6
3.421
1.534
3.811
2.844
3.908
3.229
1.683
2.79
2.934
3.829
1.708
2.51
3.488
3.549
1.933
2.972
1.619
3.84
2.973
1.621
1.835
2.963
1.593
3.421
3.514
3.817
3.984
2.267
2.756
2.801
2.515
3.508
1.774
2.09
2.34
2.139
3.95
1.528
1.653
3.732
2.706
2.093
3.337
2.112
1.797
2.169
2.09
3.865
1.905
2.667
2.81
1.729
3.751
3.811
3.819
1.58
2.566
3.617
1.681
1.664
2.154
2.11
2.242
3.286
2.747
1.576
2.161
3.849
2.51
1.7
2.0
3.224
1.597
2.47
3.241
3.85
2.583
3.402
3.923
3.144
2.237
2.545
1.746
3.061
3.891
2.248
3.81
2.529
1.597
3.032
3.278
2.691
3.769
1.709
1.908
1.837
3.871
3.523
3.672
3.45
1.557
2.244
3.537
2.456
1.754
3.334
1.852
1.834
3.798
2.667
3.611
2.291
3.742
3.66
3.604
3.125
2.024
2.015
3.693
3.786
2.932
2.421
1.586
1.768
2.055
2.008
2.712
2.644
2.821
3.044
3.393
3.419
2.48
3.127
1.539
1.908
2.21
3.015
3.618
1.909
3.296
2.084
2.996
2.948
3.461
2.779
2.376
1.51
2.356
1.699
1.643
3.95
3.155
2.464
1.921
1.751
3.484
2.162
2.56
2.797
1.647
3.642
3.886
2.929
3.513
3.684
1.992
1.729
2.267
2.225
1.544
2.343
1.663
2.839
1.713
1.795
3.567
3.782
2.504
2.884
2.803
3.443
3.096
2.557
2.61
1.623
2.312
2.601
2.184
3.854
3.691
2.966
3.432
1.863
3.899
2.978
3.766
2.717
2.621
2.296
3.927
1.518
2.282
2.079
2.372
2.858
1.931
2.828
3.288
3.361
1.871
2.737
2.172
2.805
1.903
3.266
3.693
2.302
2.054
1.736
3.851
3.812
2.646
1.704
3.621
3.942
1.98
2.009
2.406
1.626
1.586
3.562
2.265
2.669
2.547
3.46
3.25
1.976
3.536
2.642
3.765
2.769
3.083
3.93
2.812
1.703
2.639
3.507
3.438
2.907
2.827
1.565
2.263
3.238
2.942
1.87
3.167
3.39
3.189
3.781
3.778
1.761
2.745
2.975
1.915
1.905
1.613
3.075
3.823
2.587
3.949
2.642
2.692
2.079
2.887
3.172
2.932
3.635
1.642
3.48
3.383
2.461
2.965
3.365
2.607
1.839
2.055
1.622
3.506
2.111
1.8
3.56
2.469
3.737
1.899
3.988
3.425
2.642
2.692
2.549
2.171
2.852
3.339
1.917
3.774
3.051
3.484
1.891
2.917
3.608
3.652
2.811
1.788
1.934
3.083
2.915
1.784
1.915
1.837
3.741
1.993
3.537
2.016
2.957
2.989
3.583
3.596
2.082
2.651
2.06
2.16
1.627
1.771
3.467
2.575
2.332
3.447
2.27
3.014
3.622
1.544
2.072
2.203
3.854
1.936
2.334
4.0
1.735
2.116
2.071
3.674
3.239
2.981
1.672
2.535
3.874
2.006
3.091
2.807
3.179
3.787
3.883
3.339
3.68
1.676
2.949
2.186
1.983
3.99
1.663
3.096
2.43
3.362
2.232
3.532
3.725
3.737
3.649
3.971
2.748
3.5
2.594
2.305
3.651
1.578
1.612
2.989
3.692
1.82
3.049
1.89
3.516
3.863
2.444
2.013
3.771
3.014
3.6
2.198
1.998
3.245
3.532
2.193
2.456
2.699
3.153
2.16
3.658
3.689
1.692
1.789
3.756
3.945
1.99
2.484
3.475
3.29
1.876
2.544
2.189
3.07
3.995
3.157
1.651
3.679
1.552
2.721
3.078
2.259
3.854
1.898
2.15
1.655
3.709
3.711
1.673
3.829
2.841
2.624
2.233
2.712
2.744
2.32
1.728
3.603
3.646
3.642
3.472
3.392
1.768
2.372
2.511
3.61
1.585
2.697
2.513
3.513
1.987
3.183
3.957
3.351
2.592
2.491
1.635
3.841
3.175
2.999
3.477
1.61
3.568
2.471
2.521
3.669
3.498
2.023
1.853
2.747
2.774
2.7
3.942
3.41
1.62
2.502
3.064
2.184
1.603
2.068
2.246
3.124
2.465
2.589
2.288
2.82
3.557
2.549
3.373
3.902
1.691
3.344
3.741
3.557
2.045
3.22
2.512
2.446
2.224
2.619
3.552
1.705
3.495
2.767
1.95
2.798
2.854
1.532
1.53
2.129
3.882
1.94
2.657
2.369
3.586
1.632
3.782
2.046
3.909
2.872
2.063
2.861
2.831
2.888
3.727
2.018
1.701
2.827
3.866
1.947
2.297
2.958
3.98
3.949
3.09
3.046
2.489
2.599
2.074
2.415
3.915
3.129
2.508
3.02
3.819
2.062
3.144
2.123
3.525
1.749
2.868
2.436
2.792
2.37
3.112
2.199
3.791
3.649
2.981
2.701
3.521
3.127
3.482
3.416
3.844
2.274
2.824
3.503
3.167
3.612
1.651
1.604
1.9
1.73
2.438
3.348
2.286
2.425
3.568
2.888
3.286
1.726
3.254
1.899
1.722
3.279
3.752
3.795
2.826
2.541
3.342
3.839
1.638
3.12
2.81
1.535
3.686
1.69
2.721
2.25
3.333
2.251
2.117
1.928
3.643
3.804
3.959
2.191
3.982
3.667
2.688
1.996
1.799
3.582
3.107
1.603
2.252
3.918
2.057
2.167
2.691
2.124
2.293
2.146
2.38
3.984
3.586
2.02
1.509
2.418
3.339
3.611
1.911
3.315
2.891
2.52
2.498
3.074
3.033
3.091
2.367
1.756
3.501
3.342
1.552
1.89
3.522
2.74
2.655
3.145
1.742
2.908
3.463
2.744
3.286
2.955
2.883
2.759
1.557
3.231
3.474
1.961
2.773
3.694
2.693
2.725
1.518
2.117
1.587
2.047
2.548
2.935
2.15
2.805
1.988
2.117
1.653
2.761
3.917
3.512
2.442
1.828
2.948
2.146
1.541
3.225
2.132
2.143
3.26
1.665
2.159
1.557
2.691
3.535
2.389
2.654
1.572
1.635
3.246
3.853
2.357
1.94
2.748
2.609
1.784
3.672
2.882
3.635
3.969
3.968
2.974
2.393
1.664
1.694
1.746
3.993
2.546
1.594
2.781
1.799
3.38
3.012
3.498
3.323
2.8
3.506
3.724
2.481
2.801
1.712
3.591
3.371
3.976
1.613
2.758
3.538
1.998
2.936
3.248
2.153
3.831
2.642
1.812
2.178
3.76
3.079
2.427
3.636
3.232
2.639
1.553
2.843
2.634
2.526
2.8
2.193
1.656
3.21
3.958
3.01
2.849
3.169
2.63
1.595
2.95
2.662
1.782
2.908
3.442
1.829
1.995
3.222
2.668
2.952
1.796
2.232
2.188
3.566
2.242
2.343
2.362
3.061
2.549
2.536
2.629
1.518
3.303
3.862
3.423
3.049
1.652
2.4
1.532
1.84
2.266
3.569
2.551
3.297
3.915
2.589
2.32
3.307
2.835
1.554
3.911
3.731
3.177
1.757
3.155
3.31
2.116
2.067
2.381
2.981
1.978
1.88
3.646
2.394
2.378
2.658
1.69
2.949
1.898
2.408
3.127
3.058
3.382
2.407
3.998
3.334
3.042
1.658
1.787
2.919
2.524
2.666
2.339
2.774
3.131
3.159
2.794
2.14
2.368
2.552
2.545
1.559
2.899
1.665
2.13
1.954
2.132
3.103
2.982
3.68
2.988
3.756
3.591
3.134
1.947
2.355
2.2
3.997
3.667
2.478
2.785
1.55
2.86
3.193
1.691
2.993
3.274
3.333
3.719
1.978
1.967
2.51
1.566
2.38
2.295
2.915
3.788
3.455
1.8
3.337
1.885
3.349
2.987
1.71
3.699
3.219
3.49
2.936
2.058
3.93
2.441
3.104
2.766
2.993
2.069
1.575
1.56
3.892
3.478
1.62
1.514
2.106
2.91
3.053
3.292
3.477
3.831
3.374
2.969
1.699
2.432
3.144
2.508
2.313
3.925
3.34
3.025
3.609
3.256
2.544
3.396
3.602
3.069
2.968
2.651
3.4
2.54
3.895
2.94
2.461
3.101
3.876
2.111
3.142
2.286
3.113
2.377
1.861
2.559
3.415
3.729
3.478
2.993
3.574
3.413
3.144
3.137
2.605
3.726
3.016
1.784
1.507
1.52
3.39
2.827
2.107
2.404
1.549
3.297
2.862
3.383
2.551
2.84
3.706
2.224
1.963
3.288
3.934
2.073
2.378
1.991
2.424
3.816
2.286
2.224
2.168
2.038
3.45
3.894
1.573
3.031
2.729
3.299
3.328
1.73
3.457
3.143
2.574
2.814
1.53
1.623
2.996
1.704
2.175
1.918
1.889
3.19
3.761
2.569
3.253
2.645
1.626
2.891
2.939
2.023
1.602
3.314
3.591
3.02
3.475
1.949
2.97
1.662
3.005
2.222
2.345
2.167
3.017
3.94
1.898
3.25
2.223
3.954
1.723
3.315
2.405
3.982
1.524
3.554
1.622
3.363
2.218
3.775
3.856
2.077
2.508
1.907
3.388
2.445
1.958
2.481
2.0
1.697
3.513
3.668
1.51
2.235
1.61
2.509
1.899
2.714
2.697
3.397
3.891
3.69
3.396
1.935
3.536
2.626
2.839
2.029
2.705
2.786
2.048
2.075
2.821
1.952
2.346
2.538
2.79
2.898
3.398
3.872
1.786
1.95
2.598
3.166
1.98
1.669
3.064
2.731
2.123
2.814
1.702
2.845
2.233
3.456
1.821
1.917
2.462
1.869
1.98
3.656
3.387
1.514
2.612
2.254
3.665
1.881
2.257
2.745
3.301
2.945
2.022
1.514
3.859
3.162
2.768
2.644
2.097
2.552
3.222
3.737
2.468
2.752
3.54
3.696
3.694
3.591
1.706
1.501
3.699
3.773
2.411
3.078
1.92
2.467
3.893
2.569
3.976
2.913
3.13
2.513
1.795
3.871
2.448
3.549
3.604
3.816
3.059
3.369
3.901
2.716
3.774
2.852
2.857
2.206
2.266
2.322
3.838
3.717
3.607
2.828
3.374
3.465
2.63
2.647
3.039
3.371
2.936
1.887
2.381
3.108
2.764
1.976
1.976
2.568
2.883
3.697
3.349
2.595
3.351
2.386
3.339
2.216
1.909
3.641
2.344
2.083
1.916
2.235
3.977
3.586
3.8
3.335
2.095
2.469
3.783
3.122
2.946
1.631
1.63
3.923
3.192
2.396
2.047
2.014
2.054
3.683
2.43
2.015
3.904
2.226
3.384
3.88
1.749
3.414
2.306
2.872
2.092
2.061
2.554
1.924
3.363
3.732
3.212
1.896
3.03
2.702
2.652
2.123
2.795
3.833
3.278
3.028
3.602
2.077
1.603
3.725
2.339
1.756
1.903
1.613
3.265
3.677
2.01
3.738
1.653
3.513
2.486
2.137
3.132
3.081
2.721
3.576
1.926
2.559
3.641
2.524
3.732
1.507
3.806
2.075
2.065
3.777
1.948
1.596
3.514
3.761
3.779
2.169
3.844
2.01
3.924
3.2
3.215
2.757
3.749
1.687
2.134
3.841
3.796
1.776
3.073
1.517
3.992
3.421
3.791
2.414
2.719
2.043
2.912
1.71
2.27
1.502
1.937
1.837
3.198
3.052
2.527
3.397
3.519
1.994
3.978
2.448
1.833
2.91
1.518
1.997
3.735
2.941
2.835
1.6
1.806
2.086
2.181
2.453
3.82
2.791
2.837
1.74
2.985
3.024
3.692
2.554
1.687
2.107
2.335
3.167
2.474
2.112
3.22
1.622
1.991
1.772
1.914
2.48
3.383
2.15
2.111
2.279
3.637
2.747
1.756
3.919
2.86
3.265
2.871
2.313
1.565
3.344
3.784
3.67
1.74
3.475
2.726
1.691
2.073
3.67
1.817
3.488
3.192
3.587
2.416
2.32
1.997
2.65
3.051
3.06
3.248
3.024
2.462
3.012
2.94
1.784
1.787
3.181
1.702
2.002
3.007
1.548
3.866
3.009
2.951
2.594
3.918
2.337
2.494
2.289
2.019
2.134
3.555
1.841
2.656
3.869
1.975
2.265
2.266
3.69
1.572
1.981
1.93
2.214
2.59
3.923
2.169
3.897
2.148
3.077
2.791
3.041
2.845
2.408
1.742
1.855
3.927
1.881
1.888
1.98
1.55
3.561
3.753
2.448
3.892
3.95
3.294
2.695
2.495
1.57
2.55
3.563
1.508
3.989
2.836
2.229
3.08
1.748
2.067
3.455
3.021
3.999
2.925
2.511
3.548
3.398
3.063
3.545
3.745
1.852
3.077
1.693
2.79
3.371
2.173
2.511
2.728
3.211
1.557
1.724
2.007
1.508
3.76
2.957
2.061
2.509
3.844
1.627
3.148
2.035
3.706
3.513
3.296
3.838
3.329
3.597
3.387
1.799
3.919
1.552
2.991
3.354
3.03
3.744
3.993
3.87
3.665
1.532
1.895
2.282
1.717
3.56
3.614
3.355
2.247
1.681
2.44
3.312
2.293
3.948
3.572
2.52
3.433
2.738
1.602
1.793
3.422
3.515
2.085
2.83
2.813
3.135
1.789
1.853
3.73
2.787
3.522
1.902
2.834
3.425
2.823
2.335
3.591
1.589
3.672
2.835
3.217
1.932
2.752
2.011
2.662
3.979
2.178
2.027
2.804
1.699
2.539
3.014
2.31
1.699
2.388
2.185
3.769
3.616
1.937
2.424
3.661
3.898
3.222
1.777
2.084
3.03
2.892
1.664
1.899
2.315
3.128
2.724
1.756
3.634
2.969
3.275
3.705
3.405
2.554
3.736
2.164
2.391
2.296
3.346
3.275
2.159
3.72
3.093
3.546
3.845
1.693
2.299
3.18
3.404
1.757
2.991
2.535
2.004
1.659
2.422
1.96
3.176
3.266
1.971
2.031
2.505
3.199
2.589
3.322
3.211
2.489
3.454
2.9
2.464
2.817
3.136
3.374
3.672
1.776
3.631
2.954
2.12
1.915
2.773
1.783
2.485
3.196
1.872
2.668
3.639
1.735
2.39
2.261
3.729
2.216
2.69
2.191
3.772
3.468
1.961
3.085
3.954
2.199
1.772
3.361
3.537
2.722
2.472
3.354
2.853
3.813
2.607
1.882
2.548
2.425
3.961
1.994
2.767
3.105
2.912
2.554
3.298
1.843
2.537
3.82
2.254
3.9
2.972
3.759
1.612
2.694
2.231
3.496
1.955
3.18
2.023
2.466
1.879
3.017
3.987
2.232
3.49
3.691
1.601
1.568
2.359
3.644
1.876
2.083
3.86
2.917
3.574
2.996
3.276
2.497
3.018
3.141
3.162
3.004
1.83
3.08
3.809
3.355
3.046
3.339
3.342
3.618
2.328
1.58
1.711
3.419
2.573
3.768
1.772
3.563
3.314
2.167
3.772
3.652
1.91
2.442
1.95
1.94
3.821
3.397
3.359
1.678
3.878
3.361
3.373
3.667
3.442
3.145
2.083
2.043
2.207
1.648
1.868
2.9
3.721
2.053
3.119
2.819
2.381
2.261
1.628
3.259
1.515
3.002
3.051
2.948
1.713
1.868
2.667
1.946
1.716
3.371
2.738
1.857
3.852
1.777
1.568
3.267
3.563
2.361
2.884
1.99
1.653
1.926
2.995
2.65
3.596
3.578
2.516
2.891
2.545
2.174
1.611
2.638
2.467
3.776
2.37
2.002
3.855
3.071
2.772
2.571
2.869
3.854
4.0
2.377
1.826
3.755
3.404
3.878
1.848
3.744
2.016
1.985
3.114
2.006
3.268
2.564
3.054
2.852
2.513
3.496
2.724
1.617
2.409
3.776
3.34
2.07
2.141
3.619
1.575
3.919
1.892
3.767
2.116
1.627
3.93
3.633
1.941
3.934
2.831
2.099
1.635
2.701
3.782
3.428
2.04
1.868
3.274
2.934
3.918
2.408
3.386
3.394
2.531
3.863
2.139
3.163
3.049
2.864
3.12
1.507
1.863
2.887
2.423
3.162
2.923
1.658
1.96
2.599
3.895
3.67
3.635
2.26
2.69
3.439
2.577
2.654
2.879
2.745
3.314
1.935
2.687
1.743
2.092
2.321
3.896
3.726
2.145
2.196
2.159
3.856
1.874
3.208
3.557
1.867
1.892
1.662
2.036
2.564
1.582
3.429
3.386
2.386
2.814
3.429
2.411
2.432
2.357
2.973
1.531
1.643
3.862
3.421
3.288
2.12
2.303
1.724
1.834
2.532
3.156
3.552
3.822
1.76
2.129
1.889
1.615
2.786
2.679
2.683
2.69
2.609
1.606
1.932
3.704
1.509
2.653
3.997
3.288
1.809
1.847
3.18
3.516
2.566
1.591
3.561
3.484
2.01
2.641
2.139
2.863
3.503
3.007
1.77
2.124
3.597
1.669
3.638
3.401
1.821
1.537
3.9
3.807
3.92
1.628
3.344
3.173
2.821
3.498
2.001
2.344
2.06
2.358
2.134
1.853
2.827
3.426
3.563
3.923
3.485
2.672
2.158
2.792
3.825
3.091
1.958
3.825
2.846
3.776
3.192
1.701
3.358
1.654
2.388
2.748
3.585
2.659
1.625
2.706
2.272
3.751
3.542
3.119
3.388
2.095
2.537
2.789
3.723
2.808
3.123
3.889
3.351
1.726
2.893
3.05
3.752
2.096
2.92
1.525
3.398
2.429
3.667
3.755
2.756
2.114
2.786
2.706
3.252
2.435
2.114
3.685
2.104
3.66
1.934
2.726
2.207
3.432
2.195
3.759
2.908
1.812
2.636
2.044
2.592
3.927
2.44
3.074
1.739
3.759
1.544
1.823
1.965
3.274
2.926
2.53
3.597
3.591
1.695
3.28
3.109
2.658
3.436
2.382
3.728
3.145
2.593
2.494
3.171
2.708
3.135
1.913
3.791
2.143
1.568
3.089
2.038
3.402
2.56
3.326
3.065
1.781
2.476
2.686
1.649
1.702
2.32
3.729
3.336
3.851
3.974
1.576
3.895
2.797
2.239
3.126
3.257
3.673
2.105
2.321
2.806
1.787
3.978
2.826
1.886
3.476
2.311
3.143
3.799
3.576
3.908
1.951
2.73
2.389
2.492
2.673
3.673
3.135
2.725
3.409
3.772
2.702
2.737
2.774
2.845
2.418
3.605
1.891
2.306
3.433
2.029
2.739
2.061
2.336
1.798
1.645
2.129
3.896
2.379
3.964
3.787
1.885
3.21
3.939
1.974
3.785
2.79
3.581
3.491
3.922
2.062
2.136
2.932
3.842
2.688
1.988
3.777
3.97
3.133
3.375
2.599
3.007
2.246
3.064
3.387
3.253
3.962
2.564
2.247
3.288
1.782
3.84
2.73
2.825
2.036
3.456
1.874
2.853
3.013
2.011
2.194
2.739
3.265
3.765
2.515
2.243
2.947
1.984
3.962
2.84
1.868
3.579
3.762
2.176
3.937
1.884
2.509
3.978
1.603
2.152
3.018
3.99
2.978
3.033
3.772
1.679
3.539
2.284
2.138
2.96
3.901
2.65
2.004
2.93
3.291
2.807
1.765
2.626
2.572
3.258
2.872
3.479
3.763
2.373
3.595
1.677
1.618
1.616
2.014
3.509
3.853
2.687
1.791
1.999
3.356
2.665
3.602
1.715
2.48
2.745
1.675
1.797
3.069
2.265
2.003
3.479
1.838
3.62
2.552
3.035
2.547
1.912
3.147
1.59
3.193
2.544
1.76
1.683
2.819
3.817
2.74
2.196
3.739
2.806
2.26
3.303
2.381
1.722
3.682
1.881
2.994
3.928
2.049
1.965
3.053
1.944
3.592
2.538
3.02
1.62
3.013
3.073
1.695
3.815
1.617
2.766
2.005
2.022
2.517
2.447
1.889
2.379
1.656
1.858
3.74
3.296
3.8
3.024
2.483
2.067
2.435
3.853
3.759
2.547
2.085
2.722
2.559
1.8
2.419
3.062
3.47
3.662
2.809
3.605
3.319
3.163
3.912
2.616
1.521
1.963
1.681
2.906
3.316
2.786
3.006
2.616
3.465
2.211
1.63
3.953
1.709
2.872
2.695
2.779
2.791
2.483
2.244
1.759
1.514
2.185
3.653
2.249
2.678
2.251
3.223
2.647
2.018
3.001
2.282
1.888
2.509
3.314
3.324
3.168
1.562
2.653
1.773
3.01
3.633
1.811
3.256
2.419
1.896
3.857
2.234
3.49
2.67
3.045
3.223
2.133
2.056
2.185
2.63
3.18
3.912
3.044
3.896
3.257
2.265
3.026
3.66
1.578
1.742
3.704
3.742
3.663
3.772
3.31
2.173
2.867
2.561
2.816
2.283
3.573
2.23
3.063
2.47
3.262
3.975
2.319
3.537
3.912
2.136
2.424
3.964
3.736
2.462
3.798
3.028
1.898
2.917
2.455
2.487
3.012
2.405
2.056
3.009
3.798
2.776
2.023
3.775
2.111
1.925
2.135
1.73
2.439
3.296
1.624
2.191
3.881
4.0
3.117
1.513
2.775
3.652
3.75
2.524
2.107
2.434
3.152
2.324
2.414
2.271
3.799
3.44
3.954
2.376
2.85
3.653
3.532
3.383
1.809
2.282
1.613
1.937
3.815
2.891
2.531
3.276
3.696
3.543
2.448
2.394
1.738
1.854
3.001
2.993
3.323
3.322
1.901
2.465
3.893
2.883
1.923
2.345
2.57
3.743
1.705
3.308
3.433
1.522
3.949
3.154
1.569
2.497
2.308
3.103
3.886
3.57
3.593
2.385
3.554
3.251
1.897
3.924
3.64
3.921
3.136
1.795
3.736
3.069
2.47
3.848
1.551
2.388
3.025
3.967
3.425
2.411
2.314
3.54
2.42
3.533
2.068
1.793
2.922
3.156
3.614
2.578
2.021
3.113
2.494
2.315
1.761
1.519
1.643
1.543
2.715
1.646
1.578
3.201
3.671
2.159
1.585
2.443
2.318
2.9
3.094
1.961
1.559
3.141
3.56
3.532
3.618
3.337
2.477
3.364
2.442
1.858
1.881
3.445
1.795
2.872
3.45
1.952
2.964
3.457
2.812
2.557
3.079
2.02
3.673
2.816
3.351
3.121
1.54
1.601
1.855
3.817
3.923
1.996
3.894
3.595
3.861
2.467
3.601
2.637
3.981
1.932
1.674
2.899
3.059
3.181
3.274
1.889
2.476
3.268
2.695
2.216
3.263
2.01
3.108
2.3
1.527
2.98
2.741
2.791
2.762
3.816
1.501
2.209
2.097
3.602
3.476
3.001
1.737
2.421
3.746
2.339
3.804
3.166
1.508
1.697
3.11
2.758
3.482
3.477
1.59
3.539
3.17
3.892
1.732
2.564
3.901
3.517
1.867
3.904
2.162
3.67
3.906
2.108
3.308
3.93
2.927
3.93
3.81
3.466
2.259
3.454
3.162
2.567
2.423
1.545
1.986
3.797
2.643
1.605
3.911
3.767
2.668
2.356
3.323
3.099
2.502
2.089
3.715
1.902
3.519
1.771
2.505
2.21
3.079
2.033
2.684
2.765
2.576
2.129
3.748
3.912
2.312
1.695
2.739
2.216
2.882
2.757
2.871
3.131
2.227
2.262
1.772
2.121
3.75
3.255
2.888
2.721
2.31
3.291
2.161
2.043
1.994
3.908
3.75
3.076
3.869
3.987
3.743
1.815
1.602
3.138
3.27
1.529
2.532
2.237
2.183
2.929
3.07
3.037
3.6
3.637
1.879
2.248
3.124
3.781
3.267
2.224
2.646
3.216
3.029
1.979
1.748
1.595
1.621
2.805
3.315
2.135
2.036
2.569
3.97
2.603
1.746
2.982
2.044
3.356
3.094
2.241
1.649
1.993
3.237
2.904
2.106
2.39
1.789
1.675
3.384
3.941
2.426
2.406
2.065
2.803
1.712
1.641
1.699
3.278
3.183
1.52
1.935
3.034
2.132
3.059
3.794
1.645
3.914
2.914
2.861
3.095
3.497
2.72
1.623
1.743
1.773
3.965
3.708
1.971
3.379
3.965
3.066
3.273
3.664
3.303
3.941
3.277
1.809
2.437
2.59
3.746
2.611
2.868
3.308
2.312
2.941
3.513
2.596
2.897
1.996
3.618
1.645
3.855
3.159
1.778
3.302
2.021
1.788
2.574
2.776
3.803
2.249
3.752
3.88
3.784
3.398
2.436
1.617
3.966
2.313
3.751
3.124
2.09
2.018
2.419
1.637
2.319
3.066
2.712
3.802
1.979
2.125
2.194
2.688
2.502
2.138
2.194
2.173
3.685
2.902
2.845
2.6
2.015
3.584
3.758
1.911
1.585
3.471
2.796
1.687
2.704
2.336
2.701
1.652
3.232
3.154
3.163
3.669
3.895
2.783
3.867
1.721
3.337
2.545
1.577
2.935
2.422
1.571
2.361
2.186
3.254
3.539
3.244
3.088
3.814
2.824
2.192
3.637
2.841
1.995
1.722
2.85
3.502
3.716
3.033
3.649
2.934
1.51
2.356
3.2
3.198
2.745
2.69
3.229
2.902
3.716
2.539
3.956
3.308
2.201
3.462
2.742
3.354
2.655
2.725
2.937
3.248
3.122
3.672
2.008
3.934
2.923
3.884
1.909
2.059
3.351
3.099
3.71
2.835
3.799
3.961
3.498
2.768
3.547
2.57
1.508
2.161
2.08
3.684
1.773
1.754
1.722
3.319
2.11
2.952
2.444
2.803
2.328
3.115
2.598
3.42
2.215
3.402
2.932
1.684
3.403
2.238
3.905
3.759
2.745
3.591
1.898
3.992
2.509
3.783
2.02
2.94
2.854
3.618
1.889
3.719
1.86
3.798
2.26
1.683
2.523
3.045
2.823
1.718
2.099
3.998
3.322
3.032
3.044
2.931
2.112
3.628
2.358
1.876
2.989
1.947
3.041
3.652
2.581
3.2
2.985
3.133
3.729
1.818
1.65
1.892
2.604
2.827
2.656
2.581
1.767
1.6
2.869
2.524
2.469
2.652
2.11
1.882
3.772
3.127
1.688
3.78
2.387
3.159
3.841
2.518
2.539
1.945
1.978
2.009
3.089
3.159
2.665
1.555
3.862
1.652
3.529
3.332
2.601
2.674
1.569
3.651
3.102
2.591
2.454
2.124
1.559
3.198
2.668
3.368
2.958
1.578
1.625
2.613
3.031
3.568
3.734
3.79
2.091
3.071
2.646
3.255
1.555
3.534
2.57
2.705
2.48
2.322
2.279
1.626
3.606
3.516
2.636
3.475
2.361
2.4
3.952
3.271
2.935
1.915
1.918
3.334
3.346
2.329
3.423
2.287
3.19
3.616
3.432
3.596
2.574
2.362
3.123
3.568
2.358
3.204
1.664
1.689
1.982
1.633
1.535
2.199
2.763
1.754
1.662
2.455
1.526
2.428
3.221
1.503
1.977
2.354
3.83
3.235
3.098
2.76
3.956
2.263
2.413
2.77
1.83
3.533
2.396
2.557
3.881
1.914
2.041
3.389
3.455
3.475
3.259
2.293
1.913
3.862
3.695
3.353
2.113
2.849
3.748
2.995
3.786
1.983
2.416
3.38
1.923
2.695
3.131
3.827
2.939
2.23
3.451
3.225
2.408
3.867
2.303
3.79
3.547
1.858
2.956
3.081
1.523
2.818
2.438
2.121
3.246
3.911
3.225
3.007
1.627
2.356
3.993
2.498
3.827
2.001
2.758
3.308
3.516
3.91
2.224
2.88
2.558
3.915
3.344
3.341
3.016
3.075
3.626
3.19
2.437
2.337
2.625
2.938
2.245
3.46
3.084
2.531
2.482
3.001
2.62
3.02
2.918
1.89
1.959
3.316
3.94
3.918
3.052
2.467
1.961
2.781
1.673
3.192
3.298
3.505
3.489
2.429
1.829
3.745
2.107
2.334
2.867
1.646
3.942
3.056
3.133
3.921
3.482
2.534
2.179
3.102
3.55
1.608
1.813
3.238
1.949
2.204
3.46
2.777
3.059
3.534
3.138
3.255
3.956
2.896
1.86
2.74
1.668
1.893
3.699
2.659
3.919
2.467
3.484
3.685
3.738
3.149
2.821
3.768
1.5
2.346
2.205
2.96
3.935
3.101
2.433
3.144
3.496
3.016
3.884
3.813
2.019
2.359
3.345
3.057
2.113
3.42
2.833
3.661
3.621
2.31
3.498
1.796
2.23
2.655
3.685
2.869
2.872
2.31
3.869
1.663
3.636
1.734
2.968
2.242
3.529
3.054
3.324
2.892
3.61
1.58
1.976
3.883
2.249
3.936
1.963
3.913
1.809
2.189
3.224
2.97
3.232
1.623
3.093
3.707
2.871
2.676
3.775
3.157
1.518
1.632
2.075
3.649
3.509
3.273
3.594
3.31
3.58
1.791
3.022
2.123
3.685
1.667
3.498
3.633
1.77
2.939
2.843
3.021
2.175
2.961
2.898
2.092
1.604
3.147
1.678
2.72
3.499
1.524
2.813
2.209
2.767
2.209
1.768
1.573
2.532
2.69
1.783
3.037
3.023
1.631
2.646
3.207
1.88
2.531
3.213
3.063
2.124
1.787
2.121
2.903
1.985
3.626
1.927
2.759
3.081
3.994
3.704
2.247
3.218
2.663
2.735
3.965
1.542
2.364
3.953
2.398
3.551
3.756
3.939
2.793
2.306
1.663
2.474
3.292
3.199
3.424
3.236
1.538
3.712
2.832
2.026
1.799
3.861
2.189
2.319
2.679
1.591
3.678
1.674
2.427
3.888
1.887
3.362
1.721
3.832
3.996
3.102
3.438
2.088
2.403
3.279
1.783
2.624
2.489
2.021
3.087
3.072
3.683
2.526
3.445
1.815
2.562
2.377
2.61
2.645
2.479
2.26
2.706
3.908
2.311
2.322
3.304
3.705
2.859
3.941
2.835
2.531
2.245
2.863
3.061
2.66
3.519
3.776
3.503
2.059
3.374
1.538
2.884
2.007
3.129
2.723
3.18
1.766
3.185
1.745
1.828
2.669
3.6
3.754
3.251
3.431
3.28
3.437
3.65
2.049
3.502
2.739
1.616
3.633
1.951
3.5
2.904
2.148
2.841
3.188
1.979
2.195
3.893
2.802
3.027
3.676
3.554
2.287
3.942
2.38
1.747
2.613
3.784
2.405
3.07
2.623
3.81
3.236
2.969
1.601
3.984
3.682
1.83
3.312
2.453
3.138
2.584
2.247
2.045
3.111
2.273
2.206
1.887
3.842
2.425
1.814
1.782
2.929
2.614
2.353
2.758
3.899
2.495
3.32
2.471
3.223
2.473
3.111
2.573
2.535
3.904
2.861
3.768
2.048
3.093
3.275
2.552
3.573
2.509
3.633
2.224
3.321
1.557
2.716
2.783
3.746
2.842
3.446
1.944
2.349
2.82
2.843
1.553
1.867
2.085
2.638
3.03
3.764
2.251
3.11
2.352
1.774
3.306
2.214
1.553
1.988
1.966
3.852
2.117
3.018
3.353
3.675
3.261
3.138
2.531
2.521
3.959
1.876
3.017
3.931
2.235
3.602
2.88
3.376
3.402
1.763
2.117
3.961
3.457
1.907
3.284
2.773
2.836
2.286
1.923
1.741
2.153
3.605
2.394
2.634
2.35
2.947
3.786
2.296
2.384
2.463
3.089
2.131
2.539
3.128
1.777
3.979
2.018
3.638
2.826
2.965
3.585
2.86
1.607
3.42
3.387
2.341
2.002
2.227
3.955
1.941
1.869
2.521
2.407
3.047
3.444
3.175
1.652
2.588
1.754
3.81
1.99
2.402
1.597
1.569
3.736
3.297
2.155
2.266
2.142
2.064
3.088
1.642
3.692
1.664
1.841
1.674
3.395
3.066
2.568
3.947
3.2
2.093
2.716
3.59
3.571
2.661
2.625
2.827
3.6
3.398
3.778
2.959
2.43
3.145
3.211
2.303
1.653
2.342
3.063
3.284
3.072
3.07
3.336
2.203
2.905
2.007
3.73
2.237
2.031
3.961
1.536
3.323
3.366
2.368
3.043
1.781
3.517
1.896
2.371
2.589
2.685
1.553
1.501
3.37
1.972
2.352
3.265
2.716
3.789
2.323
2.558
3.796
3.983
2.696
2.911
2.565
2.177
3.999
3.735
3.974
3.103
3.167
2.522
1.922
2.663
3.269
2.908
1.674
2.305
3.183
1.87
2.581
3.524
3.685
1.766
2.77
3.309
3.766
1.843
2.84
2.265
1.59
2.655
1.592
2.818
3.63
3.581
2.453
1.613
3.055
2.623
3.615
3.771
1.743
1.761
1.681
2.345
2.392
2.166
1.654
2.002
1.682
2.357
1.885
2.939
2.711
2.76
3.279
2.009
1.831
2.702
3.591
3.511
1.98
3.821
2.939
2.399
2.164
2.914
2.046
2.359
1.759
3.849
2.05
3.249
2.936
3.909
1.741
1.69
3.087
3.132
1.806
2.408
2.859
2.893
3.779
2.679
2.871
1.804
3.799
2.827
3.01
1.805
3.004
3.436
3.143
2.548
3.322
2.749
3.884
1.876
2.899
3.86
3.022
2.914
3.215
2.572
3.723
1.897
2.528
1.587
2.898
2.254
2.07
2.294
2.622
2.822
2.781
3.193
1.581
3.645
3.577
3.161
1.536
3.098
2.876
2.155
1.593
3.822
2.919
3.953
2.361
3.05
1.689
2.961
3.041
1.576
2.63
3.351
2.267
2.269
2.977
2.382
2.54
1.568
2.429
3.339
3.194
3.765
2.357
2.861
3.107
1.691
3.176
2.814
3.559
1.931
1.54
1.961
2.781
3.35
2.197
2.05
3.471
3.627
2.798
3.747
2.051
2.827
1.988
2.699
1.842
3.281
3.41
1.572
2.62
3.95
3.885
3.177
2.372
1.854
3.66
3.293
3.89
2.343
3.139
2.247
2.572
2.374
3.798
3.434
2.396
2.079
2.901
2.037
3.646
1.956
3.02
3.106
2.964
1.854
2.626
3.921
3.063
2.62
3.62
2.322
2.753
2.994
2.04
1.948
3.111
3.164
3.255
3.253
2.437
1.679
3.594
2.773
2.563
1.511
2.792
1.857
3.496
3.387
3.971
3.3
2.864
2.453
2.216
2.524
3.543
2.592
2.594
3.463
3.601
2.355
2.791
2.781
2.503
2.861
1.844
3.161
3.01
3.339
3.767
3.138
2.99
3.309
3.12
2.821
1.88
3.36
3.886
2.661
2.811
1.59
3.1
3.804
2.295
2.032
2.616
3.247
3.978
2.577
3.664
3.441
2.457
2.207
3.865
3.487
3.074
2.127
3.263
2.326
3.487
3.736
3.716
3.12
2.844
1.938
3.754
1.811
3.316
3.359
2.986
2.749
1.737
3.577
3.221
2.935
3.386
1.812
3.224
2.754
2.203
1.931
1.876
2.028
3.574
1.89
3.17
2.667
2.103
1.679
2.085
3.882
3.953
3.623
1.719
2.318
1.617
3.413
2.594
3.675
2.291
2.627
3.031
2.672
2.634
3.032
2.064
2.54
2.07
3.971
2.535
2.681
2.703
1.785
1.548
1.617
2.687
3.684
2.747
3.153
3.62
1.556
2.661
1.906
3.61
3.203
3.934
3.364
3.111
1.8
2.638
3.386
2.686
2.023
3.393
3.377
1.949
2.759
3.955
3.731
3.919
3.979
3.886
3.192
3.573
2.423
2.271
3.062
3.818
3.796
3.895
3.336
2.534
3.378
3.496
2.702
2.044
2.091
3.151
1.913
2.31
3.587
2.454
3.241
3.345
3.847
2.036
3.02
2.908
2.708
3.687
3.013
1.843
1.667
2.805
3.521
3.075
2.495
1.869
2.488
3.427
2.815
1.633
3.995
2.735
3.417
2.677
3.301
2.736
3.687
3.388
3.499
3.429
2.042
3.81
1.72
2.128
3.764
3.599
1.81
3.484
3.689
2.72
1.799
2.878
2.245
2.809
3.796
2.424
2.302
3.277
3.758
2.084
1.589
2.129
2.413
3.15
3.472
3.827
2.972
3.83
2.634
1.575
2.613
3.175
2.916
1.789
1.571
3.823
1.605
3.667
2.632
2.763
2.334
1.939
2.164
2.57
2.066
2.841
2.349
2.372
3.659
2.938
2.458
2.802
2.691
2.412
1.688
2.099
3.568
3.74
2.448
3.681
3.393
2.837
1.748
3.9
3.027
3.089
2.663
3.463
2.341
1.571
2.49
2.069
2.33
3.519
1.526
2.699
2.393
2.086
1.891
2.651
2.036
2.674
2.805
1.846
2.858
1.817
3.027
2.231
3.914
3.159
2.62
2.392
2.517
2.999
1.989
1.704
2.876
3.568
2.078
3.893
2.65
3.403
1.749
2.198
3.491
1.986
1.973
3.781
1.858
3.695
3.021
2.287
3.332
1.56
3.725
3.633
2.802
3.586
3.932
2.819
2.843
3.735
3.911
1.829
1.694
3.712
2.339
2.356
1.707
3.319
2.145
1.925
1.965
1.628
2.043
3.399
2.216
1.764
3.432
2.948
2.079
3.414
2.84
2.856
3.246
1.89
2.895
3.509
2.822
3.494
1.953
3.849
3.476
3.548
2.077
3.442
2.758
2.839
1.733
3.309
2.717
1.776
1.547
2.086
2.308
1.959
3.907
1.901
3.14
2.568
2.251
1.935
2.761
3.365
3.637
1.562
3.933
1.998
1.584
3.83
1.869
3.781
3.321
1.772
3.606
2.004
3.072
2.519
1.965
2.733
3.344
3.174
3.792
2.002
1.613
2.608
2.608
2.152
1.623
2.921
3.467
3.587
1.951
2.236
2.81
2.518
1.954
2.532
3.143
3.97
3.465
1.567
3.743
3.587
3.424
2.308
3.819
3.937
3.876
2.479
3.196
1.647
3.307
3.431
3.864
2.907
1.887
1.682
1.685
2.529
1.698
2.382
3.272
3.84
2.479
3.544
2.982
3.831
2.491
1.936
1.777
2.778
2.704
2.124
3.304
1.829
2.715
2.594
1.799
2.202
3.088
3.773
2.929
2.997
1.923
2.054
2.088
2.181
1.817
1.664
2.443
3.776
2.306
2.802
1.938
3.686
3.076
2.745
1.515
2.102
3.658
1.904
3.001
3.261
1.539
3.777
1.893
3.846
3.681
1.691
1.664
3.942
1.904
3.098
2.93
3.969
1.713
1.829
1.732
3.227
2.641
3.875
2.377
3.481
3.546
2.865
2.879
2.719
1.53
2.573
2.252
2.259
3.093
3.48
2.706
1.877
1.518
2.869
3.022
2.772
2.686
3.252
1.922
3.485
1.723
3.986
2.201
1.749
3.959
3.281
2.424
3.577
1.772
3.874
3.839
3.77
2.254
3.542
2.204
3.725
2.036
3.187
3.375
3.307
2.185
3.773
1.648
2.273
2.723
1.637
3.401
2.509
2.446
3.003
2.937
1.899
2.002
1.747
2.318
1.9
1.781
3.651
2.389
3.9
3.182
3.957
3.295
3.015
2.758
3.636
3.822
1.814
3.784
1.684
3.937
3.424
1.973
2.102
1.994
3.021
2.29
2.896
2.516
1.603
2.834
1.959
3.33
3.562
3.174
3.989
1.615
2.254
2.626
2.882
3.166
2.864
2.212
2.597
2.016
3.641
2.74
2.406
2.698
2.968
3.469
3.139
1.563
2.391
2.063
2.997
3.559
1.964
1.567
2.595
2.614
2.626
2.927
2.98
2.252
1.996
3.199
3.157
2.197
1.943
2.445
1.571
3.203
1.663
1.551
3.775
3.166
2.18
2.931
3.79
2.511
1.586
2.871
3.514
2.514
1.943
1.606
1.78
2.496
2.98
3.258
1.755
2.855
2.71
1.53
2.937
1.747
1.51
3.48
2.235
1.689
1.859
3.62
2.695
1.592
1.621
3.78
3.563
1.661
1.777
3.669
3.976
1.583
1.789
3.715
3.81
1.85
2.089
3.263
2.54
2.556
1.631
2.004
2.748
3.385
3.259
1.82
1.73
3.704
3.229
2.522
1.505
3.623
3.841
3.639
1.556
3.476
3.478
2.856
2.218
3.797
1.551
1.899
3.66
3.673
2.764
3.616
1.958
1.559
3.329
2.315
2.717
3.654
2.826
3.732
2.954
2.775
2.388
1.882
1.852
1.826
2.255
3.88
2.659
3.959
3.778
2.056
3.472
2.946
3.567
3.883
2.923
3.982
2.426
1.945
3.808
2.119
3.86
3.995
3.213
2.059
2.036
3.748
2.985
3.325
1.569
2.904
3.908
3.91
3.31
3.296
2.511
1.883
2.939
2.233
2.099
3.973
1.945
1.517
3.295
3.66
2.752
3.891
2.098
3.337
1.516
3.875
2.768
3.814
2.656
3.48
3.372
1.544
3.823
3.494
3.503
3.317
2.399
1.781
2.688
2.211
2.385
2.382
3.77
1.984
3.495
2.33
1.654
1.597
2.045
1.94
2.227
1.545
3.673
3.222
2.14
2.735
2.401
2.06
3.42
3.625
2.518
2.367
2.51
2.772
3.721
3.495
1.733
3.56
2.122
1.988
3.752
2.235
2.166
3.271
1.937
2.447
1.861
3.501
1.679
3.983
2.431
1.516
2.235
3.843
2.113
2.262
1.87
3.124
2.916
3.572
1.999
3.071
1.997
1.871
1.669
3.631
3.672
3.724
3.089
1.747
3.072
3.542
1.98
3.757
3.189
2.157
2.011
1.704
3.894
2.057
2.937
3.596
1.683
3.864
1.934
3.687
3.12
1.778
1.531
3.313
1.662
3.936
3.238
3.284
2.178
1.619
2.104
3.693
3.613
3.363
3.736
2.935
3.257
2.097
1.914
2.194
2.973
2.433
2.238
2.574
1.786
3.518
2.489
1.556
2.515
3.103
3.301
3.912
3.788
2.626
3.188
2.374
2.366
3.783
3.611
2.165
1.999
2.215
2.263
1.997
2.147
2.667
3.172
1.965
1.653
2.007
1.819
3.835
3.512
2.567
3.288
2.536
2.958
2.242
2.995
2.202
3.911
3.97
3.165
2.688
3.659
1.958
3.669
2.684
3.227
1.725
3.8
1.876
1.825
2.153
3.774
2.267
1.536
3.673
2.391
2.308
2.88
2.141
2.269
1.627
1.755
2.819
3.529
2.873
2.286
3.49
2.509
3.331
1.714
3.896
1.524
3.412
2.098
1.877
3.609
2.508
1.763
3.833
3.987
2.909
1.649
2.121
1.687
2.934
2.44
3.979
1.666
2.258
3.771
2.108
3.186
1.557
2.875
2.027
3.221
1.803
3.663
3.085
3.167
3.126
3.36
1.609
2.913
2.234
3.397
3.401
3.285
3.234
2.187
2.033
2.765
1.862
3.488
1.685
2.639
3.358
2.381
2.166
3.714
3.98
1.851
2.539
3.7
2.852
1.535
1.607
2.455
2.249
2.523
2.833
3.858
1.611
3.333
2.783
2.56
2.319
1.841
2.03
2.076
2.694
3.192
3.089
2.773
3.611
2.428
2.844
2.291
3.039
2.413
1.913
3.15
2.156
3.873
3.476
3.269
1.933
1.514
3.811
2.027
2.292
2.551
2.106
1.836
1.989
3.295
3.498
1.592
2.262
3.317
2.297
2.94
3.85
2.473
1.713
3.216
3.375
2.853
2.908
2.185
1.501
3.316
2.471
2.166
1.515
2.862
1.736
2.371
3.586
3.722
3.824
2.338
1.978
3.081
3.064
2.759
2.436
3.183
3.214
3.906
3.719
2.663
2.54
3.057
2.932
1.943
3.239
3.54
3.171
3.632
3.066
2.952
1.779
2.711
3.154
2.194
3.183
3.258
2.979
3.476
3.468
2.932
1.926
2.489
1.575
2.9
2.585
1.669
1.503
3.435
2.224
3.691
3.224
2.954
2.089
1.792
2.863
3.269
3.086
3.901
3.994
1.643
3.839
1.781
2.88
3.778
1.922
2.86
2.815
2.202
3.374
2.702
1.867
3.411
1.539
3.244
3.211
3.137
3.944
2.181
3.536
3.015
3.119
3.422
2.818
3.14
2.297
2.728
3.505
3.502
1.907
2.735
2.291
1.723
3.408
2.084
3.043
1.528
3.725
3.462
3.545
3.853
1.759
2.035
1.594
2.846
3.151
3.636
1.639
3.994
3.194
1.792
2.368
3.374
2.277
1.661
3.547
2.857
1.631
3.599
2.156
2.706
2.54
2.375
3.962
3.735
2.184
2.944
2.367
3.414
1.906
1.644
2.191
2.119
2.371
2.223
3.536
2.062
2.407
2.828
3.907
2.564
2.635
3.403
3.588
3.275
3.48
1.873
3.021
2.404
2.655
3.318
2.692
2.871
3.207
2.19
3.264
2.602
2.821
2.879
3.808
2.167
2.459
3.768
3.156
3.646
3.022
1.764
3.211
1.874
2.219
2.322
3.589
2.74
2.157
2.895
3.571
1.686
3.28
2.242
2.383
3.029
3.347
1.859
1.603
2.856
3.875
2.34
1.636
2.807
3.11
2.746
2.959
3.325
2.78
3.107
1.602
2.152
2.646
3.057
1.604
1.984
3.88
1.76
3.815
1.743
2.794
2.511
3.492
1.547
1.522
3.266
2.276
2.801
2.686
3.873
3.233
3.075
3.75
1.986
3.068
2.526
1.812
1.506
3.835
2.014
1.653
2.054
3.933
2.529
1.901
2.68
3.38
2.755
1.771
3.869
Error de lectura!!!
3.916
3.374
2.025
3.818
2.179
2.012
1.925
2.189
3.266
3.949
1.7
2.288
1.917
3.069
3.908
1.972
3.203
3.031
2.544
2.247
2.99
1.723
2.349
3.512
1.918
1.819
2.507
1.712
1.57
3.05
3.255
2.048
3.983
3.766
3.051
3.317
3.066
3.642
3.879
3.398
3.806
3.757
1.646
3.894
2.773
3.03
1.915
3.244
3.468
2.432
1.619
3.855
3.353
1.729
2.949
3.571
3.651
2.216
2.906
3.714
3.12
2.772
2.146
2.491
1.5
2.405
3.606
3.119
1.793
1.943
3.058
3.76
3.716
3.054
2.993
3.956
1.923
3.378
3.035
2.225
3.166
1.527
2.31
1.905
2.052
2.334
3.786
3.645
2.148
3.264
3.448
2.121
2.989
1.625
1.979
2.955
2.327
1.569
1.647
1.991
2.098
1.784
2.596
3.614
2.896
2.058
3.539
3.598
3.398
3.992
2.746
3.836
1.522
2.566
3.759
2.114
1.981
3.219
1.509
2.651
3.942
3.335
3.873
2.321
3.161
2.619
3.71
2.135
1.7
1.523
2.571
1.792
3.693
3.204
2.539
3.204
2.757
3.577
3.292
3.221
1.853
3.133
1.879
2.093
2.533
2.534
3.315
3.232
2.606
2.983
3.732
1.669
3.259
2.262
2.937
1.57
2.21
3.709
3.935
3.928
3.888
3.018
2.045
1.637
3.023
3.534
2.769
1.589
2.865
2.754
3.548
3.854
3.157
3.968
2.095
3.493
1.813
2.064
2.205
2.659
1.831
3.57
1.838
1.525
2.633
3.406
3.355
2.441
3.414
3.428
3.444
3.941
1.921
2.573
2.954
2.075
3.904
3.594
3.715
2.631
3.783
1.905
2.611
1.967
3.631
2.411
2.984
2.083
3.733
2.364
2.594
1.927
3.2
2.855
1.809
1.968
1.589
3.101
1.604
3.734
1.716
1.715
3.018
2.955
3.454
2.073
3.874
3.573
3.721
1.669
2.366
1.767
3.51
3.293
2.72
3.161
1.963
2.224
3.155
3.453
2.841
1.833
1.5
3.434
2.962
2.405
2.701
1.519
3.199
2.042
3.027
2.856
3.578
3.596
3.341
2.13
1.847
1.745
3.895
1.782
2.226
3.114
1.538
3.338
3.759
3.488
2.167
2.567
3.333
3.545
2.057
3.828
2.339
3.85
2.398
3.328
2.3
Error de lectura!!!
1.756
1.747
1.969
3.738
3.967
2.025
3.779
1.569
1.548
1.931
3.677
2.601
2.79
1.653
3.088
3.565
2.555
2.334
3.962
3.01
3.957
2.978
1.785
2.209
3.193
2.394
1.733
2.269
2.84
3.671
2.873
1.672
3.45
3.973
2.554
3.739
3.13
3.545
1.835
1.755
2.124
1.713
1.674
1.671
3.987
3.615
3.377
2.588
1.526
3.236
3.107
2.771
2.925
2.551
2.003
3.372
3.683
2.646
3.435
2.516
1.69
2.591
2.129
3.039
3.905
3.008
3.151
3.39
2.711
1.744
3.941
1.908
3.321
1.628
2.71
3.598
2.793
3.724
1.91
2.819
3.045
2.511
2.959
2.095
3.262
3.2
2.387
3.004
1.847
2.671
3.641
1.571
2.964
3.016
3.29
2.625
1.949
2.881
3.244
1.962
3.381
1.786
3.594
1.567
1.77
3.122
3.442
3.451
3.702
2.093
2.706
2.283
3.896
2.399
3.018
3.159
3.788
2.576
1.509
2.832
2.113
2.059
3.256
2.221
3.106
3.736
2.433
2.594
2.096
2.768
1.885
3.795
2.003
2.827
3.925
2.095
3.342
2.795
3.106
3.753
1.859
2.405
3.388
1.613
3.935
2.922
2.424
2.291
3.766
3.788
3.321
3.488
3.695
2.093
1.917
2.114
2.535
3.505
3.825
2.661
3.37
1.96
1.543
1.589
3.058
1.654
1.9
2.013
2.62
3.093
2.893
3.528
3.999
3.627
1.64
1.925
3.482
3.843
3.708
2.136
1.591
3.166
2.026
2.527
2.045
3.96
3.764
3.445
1.597
3.489
3.993
3.752
2.721
3.919
3.147
2.624
2.601
2.811
3.853
2.044
3.201
3.416
3.818
2.606
2.011
2.716
1.91
2.15
2.0
3.17
3.663
3.786
3.529
2.304
2.675
1.725
2.318
2.93
3.635
2.039
1.841
1.882
1.534
3.682
2.988
3.134
3.11
1.783
3.651
1.85
2.433
3.316
2.059
3.16
2.858
1.994
3.773
2.57
2.513
3.755
3.22
2.667
2.35
3.876
1.688
1.576
3.668
3.04
2.331
2.045
2.422
3.051
3.648
1.597
3.07
1.622
3.116
2.325
3.807
3.751
3.348
2.721
3.014
1.623
2.836
2.668
3.026
3.735
1.777
2.697
3.292
2.912
2.905
2.986
3.975
3.036
2.544
3.397
2.422
2.1
3.743
1.952
3.891
2.789
1.976
3.033
2.81
2.839
3.225
3.059
2.349
2.767
3.824
1.8
2.52
1.754
2.36
2.522
2.797
1.973
2.365
3.534
1.664
1.657
1.679
2.057
2.028
2.904
2.454
3.926
2.936
2.238
1.752
3.518
2.58
1.878
2.856
2.36
3.547
3.573
3.272
3.274
2.679
3.643
3.827
3.083
2.02
3.419
2.774
2.948
2.988
3.597
2.791
2.357
3.997
2.03
2.476
2.941
2.666
2.888
2.683
2.63
2.044
3.82
3.992
3.438
1.9
3.578
1.874
2.649
1.629
3.235
1.931
3.067
1.751
3.895
1.621
3.757
3.062
2.586
2.614
2.084
2.353
1.746
2.796
1.925
3.089
3.144
3.971
3.866
1.68
3.758
1.692
2.192
2.078
3.975
2.338
1.857
1.812
3.176
1.772
3.759
3.085
2.744
1.755
2.263
2.268
3.936
3.618
2.751
2.393
3.992
1.888
2.605
3.922
2.326
3.42
2.681
1.854
2.423
2.737
3.261
3.553
3.794
2.367
2.051
2.706
2.868
3.041
2.462
3.191
2.384
1.801
3.089
3.063
3.07
2.533
2.581
2.606
2.829
3.367
3.124
3.669
2.706
3.307
3.243
3.995
2.949
1.59
3.636
2.905
3.579
2.91
1.665
2.267
3.042
3.022
2.779
3.765
1.692
2.682
3.577
3.716
3.441
3.068
3.653
1.987
1.673
3.463
3.446
2.115
3.367
2.749
3.144
3.048
3.196
1.931
2.817
3.851
3.715
1.519
2.724
3.878
3.939
2.06
2.134
2.119
3.325
2.134
2.651
3.275
2.796
2.278
1.687
1.738
1.719
2.023
1.506
3.489
1.778
2.171
2.106
1.665
2.567
2.102
3.483
2.962
3.188
3.066
2.419
2.543
3.193
3.199
1.531
3.194
1.683
2.776
3.211
3.224
2.156
3.842
3.887
3.853
1.946
3.121
1.615
3.918
3.021
2.921
3.941
2.109
2.573
2.71
1.764
2.084
1.995
1.716
2.725
2.072
1.55
3.563
1.765
2.03
2.876
2.755
3.429
2.323
3.415
1.635
3.693
1.834
3.256
2.827
2.735
2.212
2.463
2.017
1.74
2.439
2.078
3.541
3.595
3.735
2.391
3.062
3.373
1.677
2.433
3.535
3.583
2.932
3.363
3.985
2.37
2.927
1.646
1.822
2.375
2.615
3.74
2.705
3.1
3.74
2.975
2.001
3.517
3.469
1.633
1.506
3.129
3.491
3.822
3.316
1.998
2.373
3.408
3.749
2.209
1.993
1.68
2.353
2.649
3.46
3.732
3.169
3.59
2.948
1.616
2.688
3.624
3.265
2.492
2.768
3.375
3.267
2.176
3.543
2.188
3.317
3.344
3.635
3.739
2.69
1.513
2.801
3.457
2.757
2.26
3.521
3.302
1.802
3.622
2.642
2.145
3.654
2.708
2.743
3.931
3.872
2.328
3.676
1.871
2.779
1.511
3.927
2.742
3.818
2.496
2.613
2.757
2.06
1.666
3.41
3.635
3.259
2.757
1.66
2.347
3.786
3.161
2.411
3.111
1.653
2.669
3.411
3.123
2.237
1.797
2.331
3.816
3.658
2.925
2.535
3.241
3.803
2.73
3.809
1.608
3.069
3.076
2.344
1.859
1.569
2.762
3.032
2.174
3.476
2.175
2.203
2.903
2.059
3.738
1.632
1.5
1.792
3.606
1.643
2.999
3.883
2.693
1.689
3.01
1.832
1.652
3.493
1.933
3.234
1.538
1.846
1.717
2.253
1.604
1.944
3.965
2.72
3.5
3.208
2.69
3.654
1.976
2.399
1.954
2.134
2.933
1.939
2.278
3.622
3.677
3.106
3.818
2.489
1.966
1.847
1.834
2.018
3.619
2.143
1.954
3.083
3.613
2.547
2.022
2.294
1.879
3.925
2.1
1.823
1.994
3.655
2.73
3.122
2.562
3.125
2.934
1.556
2.016
2.536
1.979
1.947
1.932
2.945
1.986
2.426
3.965
2.611
3.591
3.599
3.194
2.171
1.596
2.242
1.881
1.517
1.84
2.768
2.897
3.262
1.704
1.805
3.846
1.505
2.353
2.556
3.753
1.997
3.617
3.011
3.685
2.934
1.783
3.797
2.458
1.508
2.702
2.371
2.087
2.082
2.151
3.41
2.154
3.644
2.459
2.423
3.635
3.716
3.183
3.014
2.101
2.148
3.251
3.274
2.86
2.601
2.424
2.123
3.026
3.039
3.239
3.403
3.109
2.092
3.375
2.835
2.714
3.1
3.548
3.626
2.451
3.914
3.886
1.896
2.251
3.902
2.641
3.341
1.691
3.351
3.931
2.208
2.689
2.046
1.509
2.323
3.234
3.3
3.63
2.377
1.671
3.673
2.028
2.561
1.711
3.122
3.459
3.522
2.636
1.627
2.312
3.262
3.752
2.138
1.508
2.149
2.299
1.657
2.999
3.155
2.003
3.974
2.023
1.822
1.587
3.654
2.148
3.099
3.425
3.383
2.372
1.751
3.122
2.877
3.982
2.546
3.41
3.981
3.761
3.774
1.565
3.046
3.684
1.94
2.972
3.647
2.167
2.221
1.614
3.006
3.958
1.861
3.564
2.544
1.857
2.872
2.901
1.65
3.436
1.704
1.579
3.148
1.964
2.249
1.696
2.503
3.253
3.587
2.438
3.115
1.843
1.557
1.653
3.149
2.708
1.758
3.811
1.6
2.942
3.022
3.974
2.756
1.937
3.42
2.69
2.928
1.776
3.984
2.027
2.076
2.247
2.468
3.793
2.938
2.396
3.248
3.912
1.758
3.781
2.479
2.53
1.922
1.633
2.373
2.581
3.589
3.817
3.879
1.958
2.852
3.59
2.953
3.394
3.394
3.956
2.071
1.794
3.268
1.805
2.047
1.977
3.626
3.853
2.015
3.937
2.724
1.812
1.539
2.643
1.619
1.778
1.673
2.565
3.25
3.616
2.411
2.114
2.898
2.424
3.448
3.833
3.403
1.513
3.302
1.945
2.122
3.535
3.904
2.416
3.189
2.467
2.833
1.831
1.803
2.242
1.608
2.737
2.012
3.947
2.149
1.987
2.851
2.407
2.511
3.047
2.486
3.899
2.994
2.586
3.793
3.239
3.937
1.976
3.648
2.113
2.427
2.152
3.819
3.165
3.872
3.698
3.84
2.374
3.386
3.178
3.49
2.44
3.82
Error de lectura!!!
2.047
2.62
3.46
2.482
2.153
2.588
1.639
3.781
2.878
2.088
2.027
3.759
3.543
2.035
3.905
2.513
3.612
2.121
2.89
3.957
1.822
2.695
2.461
2.842
1.607
2.543
3.449
3.721
3.222
3.565
2.036
2.716
3.196
3.206
1.691
2.066
2.532
3.03
3.521
2.355
3.034
3.858
3.644
3.045
1.562
2.819
3.95
3.734
2.817
3.987
3.066
1.59
1.889
1.579
3.336
2.968
3.337
2.996
3.428
2.257
3.448
3.102
1.948
3.925
3.969
3.806
3.19
2.53
3.049
2.336
3.717
2.494
3.38
2.078
2.653
3.946
3.654
1.802
2.173
2.77
1.864
2.096
3.881
2.63
2.661
2.622
3.384
3.134
2.871
2.027
2.705
2.937
2.135
3.123
2.638
1.858
1.54
3.473
3.644
1.675
3.08
1.849
3.037
2.515
1.884
2.041
3.258
2.272
3.98
3.686
2.946
1.619
1.683
2.221
1.689
3.671
3.028
1.683
2.729
3.077
3.234
3.378
2.113
2.653
2.849
2.614
3.415
3.643
2.694
1.679
2.245
3.154
3.074
2.762
1.883
2.558
1.952
2.183
2.04
2.111
2.459
2.821
1.773
2.014
3.016
2.626
2.7
1.96
3.131
2.426
2.14
2.71
2.455
1.897
3.218
2.553
1.988
3.804
3.094
2.423
3.672
2.672
1.788
2.417
3.56
3.483
2.997
3.435
3.506
1.657
2.053
3.422
3.843
1.691
3.494
1.961
1.996
1.621
1.918
1.797
3.143
2.374
3.573
1.832
2.733
3.363
3.469
1.648
2.566
2.91
1.815
3.892
3.323
2.393
2.067
3.95
3.733
2.807
1.853
3.325
1.822
3.021
2.722
3.346
2.612
2.156
3.271
3.546
3.589
2.219
3.746
2.289
2.563
1.581
3.136
1.656
2.141
1.742
2.348
2.468
3.629
2.539
3.593
3.714
2.232
3.619
3.105
3.404
3.041
2.651
3.143
3.179
3.685
2.605
2.072
2.322
2.664
3.442
3.853
3.24
2.993
3.5
1.903
3.533
3.408
3.724
2.574
1.893
3.951
2.258
3.226
3.253
3.358
2.092
2.714
2.098
2.094
3.864
1.763
3.802
1.769
2.268
2.071
2.58
3.32
1.665
1.886
2.936
2.493
2.261
2.792
2.497
2.337
1.832
3.209
1.661
2.005
3.966
3.949
1.617
3.128
2.963
3.969
3.096
1.783
1.906
3.964
3.358
2.573
2.851
3.101
1.978
1.549
3.645
2.285
3.812
2.341
1.64
1.95
2.718
2.896
3.228
2.756
2.511
2.525
3.425
3.053
3.205
2.573
3.402
1.763
1.7
2.996
2.135
2.374
3.856
3.003
3.555
2.455
2.311
2.536
2.616
2.343
2.909
2.471
2.766
1.594
3.731
2.448
2.993
3.412
3.944
2.685
3.438
2.865
1.706
2.712
1.864
2.442
2.743
3.376
1.813
3.97
2.703
2.624
3.724
2.866
1.747
2.068
2.601
2.219
2.022
1.96
1.537
2.049
Error de lectura!!!
1.985
2.535
3.115
2.219
3.081
3.39
3.024
1.558
3.266
1.748
3.043
2.604
3.52
1.721
3.207
3.372
2.923
2.627
2.345
3.514
2.458
3.629
3.242
3.636
2.892
3.85
1.908
2.644
2.714
3.234
1.908
2.66
3.923
3.995
2.335
2.341
3.93
2.673
2.926
3.731
2.589
1.525
1.507
1.595
2.799
2.296
3.965
3.661
3.373
2.029
2.063
2.476
1.785
3.571
2.218
2.024
2.912
3.99
2.72
1.711
3.407
2.313
3.802
2.485
1.527
1.988
1.678
2.532
3.559
1.516
3.956
1.851
2.988
3.319
2.961
3.057
3.702
3.625
1.563
3.331
2.071
1.834
1.538
2.057
2.105
2.209
3.606
1.745
2.838
1.603
3.604
2.981
3.027
2.418
2.325
3.619
3.054
3.385
3.036
2.062
2.597
2.484
3.953
3.411
2.7
2.418
3.58
2.944
3.794
1.552
3.265
3.483
2.364
3.841
3.654
2.938
1.625
3.98
3.505
2.084
2.013
1.803
2.469
3.824
2.918
1.515
3.651
3.959
3.999
1.745
2.706
2.086
1.968
3.109
3.344
3.565
3.28
2.214
2.467
3.119
1.717
3.077
2.545
2.222
3.151
3.378
2.463
3.16
3.12
3.159
3.549
3.219
2.82
3.396
1.818
2.994
2.03
2.603
3.012
3.658
2.429
2.234
2.151
2.443
1.537
3.54
2.292
2.456
1.738
3.314
3.425
1.674
3.078
3.286
2.704
3.14
2.82
1.868
1.913
3.498
1.822
2.034
3.557
3.39
1.976
2.453
3.726
2.028
3.21
2.389
3.348
1.784
3.353
3.685
3.602
2.227
2.613
1.661
2.074
3.632
3.953
3.904
3.68
2.982
2.385
1.55
3.738
1.685
2.927
3.47
2.676
3.68
2.169
3.815
1.877
1.803
2.425
3.359
3.01
3.485
3.398
3.577
2.074
2.024
3.534
2.307
2.74
2.438
1.919
2.942
2.019
2.653
2.551
1.731
3.248
3.249
2.452
2.268
1.564
3.142
3.828
2.277
3.709
2.125
2.832
3.196
3.962
3.082
3.043
2.498
3.836
2.83
1.594
3.328
2.881
3.355
1.503
3.043
2.992
2.829
1.501
2.198
3.769
2.625
3.028
2.728
3.554
2.32
3.462
2.468
3.113
3.585
2.218
1.792
2.597
2.574
3.266
2.532
3.235
3.315
1.858
2.767
2.52
2.447
2.198
3.399
2.44
1.905
2.296
3.269
2.709
2.35
2.915
3.358
2.522
2.375
3.14
3.523
3.811
1.861
2.123
3.786
2.403
1.973
2.912
3.964
2.652
3.644
3.987
3.615
3.479
1.525
2.012
2.636
1.548
3.006
1.819
3.786
2.778
3.713
3.309
3.575
1.612
2.439
3.326
2.794
2.041
2.596
3.375
1.577
3.494
1.884
3.495
1.9
2.492
1.751
1.833
3.364
2.456
3.103
1.894
3.964
3.247
3.701
2.924
3.87
2.346
2.609
2.11
2.535
1.625
3.303
3.866
3.748
2.714
2.725
3.004
3.799
2.627
1.963
1.987
3.846
3.742
3.686
3.522
3.618
2.568
3.252
3.155
2.706
2.974
3.262
3.553
3.093
3.422
2.802
2.712
1.652
1.674
1.965
2.286
1.898
3.017
3.297
3.363
3.621
1.866
1.902
2.884
2.644
3.715
3.802
1.809
2.122
2.747
3.76
3.134
3.766
1.918
2.396
2.581
3.466
1.731
2.191
3.869
3.488
1.761
2.79
3.163
3.823
3.892
3.731
3.274
3.224
2.479
3.14
3.989
1.809
2.317
3.812
2.24
3.321
3.488
3.214
2.204
3.998
3.907
2.356
3.671
1.969
2.798
1.526
2.925
3.451
2.078
2.077
3.266
3.026
1.951
1.537
2.953
1.804
1.997
2.04
2.13
2.691
3.056
2.843
2.636
1.716
3.067
2.063
2.172
1.5
2.227
1.593
2.7
2.621
2.689
2.982
3.167
1.634
2.221
3.547
3.629
1.78
3.733
3.603
1.979
2.576
1.574
1.684
2.159
2.754
2.013
3.502
2.357
1.527
2.13
2.216
1.721
1.528
1.804
3.325
3.321
1.556
2.075
2.145
2.68
2.181
1.91
3.322
3.175
3.718
2.022
2.157
2.371
2.763
2.746
3.584
3.439
1.689
1.693
1.5
3.786
1.676
2.9
2.914
3.597
3.725
2.634
2.526
3.458
2.759
2.48
2.161
3.335
3.051
3.662
2.158
3.874
2.299
3.933
3.749
3.084
2.829
1.766
2.354
2.028
2.803
3.737
1.674
3.175
1.817
3.97
2.236
2.337
2.732
3.33
2.449
2.051
3.371
3.969
2.024
3.332
1.523
1.72
2.51
1.844
1.731
3.793
3.137
3.932
2.38
2.344
2.413
1.906
3.003
3.376
3.117
2.385
2.92
3.509
2.572
3.27
2.493
2.395
3.4
2.758
2.388
2.54
2.92
3.698
3.628
3.021
3.668
1.534
2.62
3.083
2.939
1.967
2.456
3.706
3.152
1.862
2.571
3.442
2.06
3.282
1.631
1.584
2.303
2.572
3.062
3.749
3.595
1.594
3.087
1.537
2.052
2.076
2.056
3.788
1.599
1.816
3.703
3.49
1.837
3.604
3.323
2.781
3.421
1.654
3.103
3.17
1.771
3.518
1.791
3.983
1.827
1.838
2.689
1.551
1.764
3.608
1.676
2.336
2.652
1.759
2.157
2.833
3.229
2.581
1.597
2.918
2.05
2.476
3.639
2.95
2.94
2.104
2.003
3.474
1.938
1.537
2.699
3.008
3.871
3.404
3.828
3.412
3.68
1.729
1.974
3.087
2.481
1.978
2.224
3.27
1.553
1.604
1.941
2.679
2.806
3.091
2.775
3.187
3.78
2.705
2.612
1.835
3.143
2.059
3.946
2.142
1.836
3.071
2.46
3.662
3.368
2.557
3.845
1.618
1.98
3.376
2.516
3.055
3.087
2.302
3.135
3.187
2.118
1.809
1.797
3.072
2.299
3.36
3.414
2.856
2.797
2.474
2.191
3.861
3.232
3.838
2.245
2.476
1.624
2.832
2.202
2.521
2.089
3.278
2.853
3.714
2.554
2.821
3.105
2.135
2.946
2.093
3.461
2.637
3.893
3.247
3.602
2.98
1.857
2.876
3.924
3.107
2.388
1.555
2.63
3.659
3.175
3.319
2.675
2.364
2.795
2.634
2.194
2.267
2.717
3.941
2.187
3.996
1.655
2.209
2.211
1.513
3.411
1.527
3.981
2.342
1.902
3.159
3.578
1.593
1.961
2.475
2.747
3.852
2.852
3.299
1.998
3.156
1.834
2.947
3.798
3.364
3.96
2.52
3.577
2.078
3.64
2.216
3.786
3.081
2.33
2.536
2.511
3.425
2.41
3.664
2.14
1.849
3.558
1.776
3.855
2.861
2.147
1.7
3.499
3.662
1.955
2.783
2.508
1.697
2.29
3.292
3.027
3.538
2.444
2.637
2.597
2.676
3.721
2.384
3.734
1.807
3.26
3.471
1.851
1.591
2.18
2.908
3.143
1.682
3.688
2.113
2.344
3.645
3.072
1.726
3.851
3.366
2.536
3.566
1.692
2.697
2.78
3.529
2.763
2.426
3.497
2.977
3.614
2.124
2.919
2.714
2.622
2.24
2.347
3.254
1.554
3.172
3.236
2.564
2.551
3.232
3.141
1.796
2.611
1.999
2.136
1.961
1.976
2.945
3.913
3.972
3.395
3.381
3.523
2.378
2.449
2.094
2.745
3.266
1.567
2.802
3.2
2.756
2.547
3.252
2.155
3.099
3.154
1.661
1.687
3.294
1.626
3.689
1.856
3.009
3.213
3.373
1.62
2.126
2.407
1.764
3.634
2.132
2.141
2.791
2.737
1.867
1.53
3.341
3.136
2.488
2.448
2.675
2.549
2.47
2.31
3.72
2.199
3.696
3.447
3.625
1.8
3.116
3.846
1.999
3.526
3.481
3.91
3.839
3.543
3.289
3.034
2.258
2.464
2.082
2.651
2.928
2.763
3.079
2.092
3.844
2.833
2.843
3.524
1.928
1.98
2.043
3.739
2.612
2.144
3.872
3.225
1.889
2.947
3.075
2.109
2.258
2.409
3.755
3.455
2.38
3.761
3.93
3.074
2.552
3.791
1.927
3.149
2.497
3.722
3.525
2.472
3.152
3.416
2.16
3.638
1.52
1.668
2.573
2.028
2.152
3.277
1.705
2.292
1.684
3.35
3.137
3.147
2.201
3.787
3.978
3.168
1.746
3.354
3.896
3.699
3.661
2.772
3.931
3.075
2.36
1.977
2.642
3.324
2.001
3.099
2.151
3.205
3.585
2.057
1.818
2.351
3.307
3.074
2.028
3.054
2.74
2.353
3.71
3.883
2.321
2.615
2.33
2.232
1.883
1.822
2.237
3.083
3.7
3.127
2.033
1.57
3.55
2.733
2.481
2.947
3.753
2.483
3.774
3.645
2.791
1.648
2.418
2.087
2.664
2.846
1.82
3.241
3.769
1.985
3.552
1.911
2.522
3.967
3.5
1.964
3.527
3.356
2.698
3.588
2.764
3.662
3.507
2.493
1.805
3.479
2.077
2.656
1.759
3.728
2.159
3.4
2.458
3.325
2.928
2.377
1.911
2.934
2.628
3.04
2.324
3.936
3.77
3.885
3.292
1.578
2.491
2.634
2.921
2.134
2.635
3.125
3.512
2.126
2.738
2.263
3.889
2.241
1.507
2.663
3.002
1.882
2.365
1.901
2.78
2.119
1.806
2.338
2.705
3.333
2.397
2.609
3.985
1.702
3.671
3.814
2.291
3.644
1.973
3.72
3.677
3.348
2.233
1.651
2.946
3.434
3.904
1.729
2.208
3.245
3.155
3.578
1.851
2.03
2.421
2.338
2.013
3.382
2.408
2.043
1.662
3.482
3.566
3.574
2.359
2.074
1.85
2.575
2.222
2.018
2.151
3.358
2.319
1.848
2.931
3.216
3.426
2.887
2.523
2.735
2.732
3.437
3.431
3.015
2.572
2.821
3.444
1.83
2.499
2.195
2.437
2.201
1.954
2.814
2.486
3.968
3.003
3.086
3.986
2.228
3.166
2.577
3.142
3.476
1.846
3.922
3.743
2.776
2.363
2.936
3.914
1.517
3.936
3.083
3.459
1.513
3.643
3.71
1.925
2.13
3.963
2.648
3.172
2.613
3.441
2.465
2.911
2.43
2.953
2.583
3.83
3.976
2.602
3.466
2.202
3.883
3.3
1.714
2.656
1.754
2.98
2.983
3.993
3.043
1.849
3.691
2.377
1.586
2.016
3.119
3.496
3.572
1.652
2.203
2.854
3.595
1.965
2.74
2.023
3.679
3.768
3.853
2.022
2.358
3.137
2.272
2.046
1.745
3.448
3.854
3.538
3.684
3.7
2.177
1.671
1.75
2.695
2.029
3.085
1.62
1.701
2.475
2.986
1.996
3.675
3.971
1.599
2.446
2.601
2.696
1.676
3.433
3.59
1.856
2.145
2.402
3.464
2.646
2.23
2.868
3.975
1.899
1.919
1.559
3.512
3.06
1.789
2.592
2.255
3.57
2.754
2.76
3.357
1.886
3.816
3.564
3.92
1.866
1.548
2.433
1.916
1.861
2.062
3.496
3.985
3.64
1.86
3.246
2.843
2.455
2.827
2.299
1.916
1.898
3.062
2.251
1.963
3.447
3.723
3.344
3.982
2.94
1.752
1.751
2.905
3.354
3.909
2.856
1.818
3.328
3.293
3.544
1.561
3.963
1.537
3.66
3.933
2.9
3.154
1.618
3.909
2.65
2.832
3.473
2.963
2.536
1.554
2.281
1.534
3.081
1.703
3.341
3.564
2.163
1.93
3.829
1.977
2.538
1.78
1.811
2.77
2.616
1.712
3.052
3.932
3.853
3.839
2.972
2.688
3.031
1.887
3.442
1.875
1.728
3.365
1.915
2.862
3.508
3.775
2.164
1.667
3.727
2.988
2.474
2.742
3.04
1.522
2.375
3.223
2.616
1.725
3.219
1.823
2.751
3.366
3.436
3.062
1.594
2.656
3.056
3.384
3.74
2.132
1.638
2.952
3.859
3.025
2.017
3.721
3.245
3.196
3.63
2.589
2.8
2.493
3.571
2.1
2.555
3.45
1.975
2.236
3.972
3.69
1.74
2.152
1.679
2.716
2.928
2.449
3.949
3.251
3.922
3.783
2.033
1.609
3.38
3.084
2.036
1.978
3.046
2.805
2.489
2.715
2.48
2.195
3.975
1.91
2.176
1.553
3.97
3.758
2.318
3.382
1.915
1.984
3.136
3.478
2.489
1.976
3.14
3.855
2.389
3.709
3.097
2.785
2.64
1.518
2.726
2.141
1.914
1.844
3.807
3.462
3.873
3.309
2.477
1.902
3.002
2.465
2.036
1.749
1.72
3.967
2.043
2.19
1.631
2.704
2.512
2.898
2.884
2.652
2.764
2.075
2.504
3.08
2.244
2.0
3.689
2.658
3.228
3.706
1.845
3.15
2.89
3.883
1.789
3.95
2.235
2.57
3.546
2.594
3.019
3.858
0.431
2.18
3.675
2.145
3.031
2.716
1.914
2.114
1.7
3.047
1.587
2.703
1.672
2.759
3.073
2.143
3.007
1.587
2.846
3.121
3.172
1.746
2.757
3.007
1.799
3.157
3.072
3.147
2.061
3.223
3.41
2.892
3.531
2.048
2.073
1.905
2.309
2.294
1.652
3.45
3.552
2.753
3.405
2.693
1.68
2.265
2.219
3.653
1.95
3.813
2.081
2.088
3.376
3.076
3.749
2.264
3.502
2.295
3.994
2.21
3.163
3.186
1.676
2.194
2.461
1.767
3.958
1.755
3.042
3.422
2.639
2.278
3.832
2.389
3.168
2.366
3.102
1.79
2.641
2.439
2.024
3.162
3.711
2.31
2.257
1.77
2.858
3.453
2.702
2.686
1.797
3.043
2.728
2.186
3.541
2.283
2.298
3.592
2.374
1.507
2.095
3.843
3.321
1.915
3.817
3.006
3.302
3.768
1.615
1.554
3.39
1.535
1.516
2.871
2.769
3.854
2.913
3.204
3.418
3.943
3.098
2.562
3.798
2.147
1.697
2.854
1.582
3.727
1.89
2.564
2.269
2.149
3.674
2.117
2.857
1.918
1.758
1.813
3.436
3.824
1.769
2.095
3.8
2.165
3.717
1.518
2.78
3.491
2.559
3.573
2.343
2.911
3.012
1.923
1.908
3.928
3.48
1.742
3.178
1.627
3.906
1.56
2.123
2.14
2.832
2.886
2.59
2.533
3.131
3.205
2.428
2.23
3.626
3.984
3.796
1.764
3.122
3.784
3.38
3.051
2.128
3.706
2.879
3.651
1.674
2.919
2.286
2.196
3.035
2.595
2.067
3.071
2.345
2.732
2.551
3.226
1.81
2.373
2.228
1.967
1.822
3.87
3.607
2.425
3.112
2.187
1.617
1.88
3.472
3.307
2.847
3.281
2.959
3.495
3.821
1.537
3.179
3.688
1.667
2.173
1.54
2.071
3.241
3.484
2.853
3.62
1.553
2.076
2.743
2.384
2.311
2.838
2.096
3.766
2.397
3.275
1.71
2.707
1.956
1.653
2.712
3.259
1.51
3.652
2.233
3.576
3.901
3.66
3.776
2.763
2.772
3.879
2.613
2.557
1.982
1.855
2.235
3.825
2.023
3.423
3.271
2.087
2.52
3.686
1.743
1.721
3.618
1.955
2.217
3.754
1.956
3.994
3.911
3.822
3.344
1.694
3.917
3.659
3.403
1.572
2.496
1.587
3.005
2.132
3.032
3.182
2.535
1.735
3.143
2.969
3.013
2.536
2.051
1.973
2.619
2.724
3.218
2.612
1.687
2.338
2.074
3.021
1.895
2.647
3.463
2.414
1.773
3.662
2.648
2.073
2.835
1.548
2.878
3.624
3.438
2.269
1.547
2.054
2.019
3.212
2.238
1.948
2.863
3.969
2.721
2.01
3.877
3.116
2.035
3.495
1.666
3.785
2.432
1.61
3.683
3.406
3.755
2.717
3.227
2.263
2.552
3.319
3.191
1.566
1.815
3.412
2.962
2.571
3.074
1.847
2.751
1.685
2.304
3.817
1.562
1.769
1.856
3.391
1.916
2.545
3.428
3.413
3.835
2.169
2.546
3.792
3.51
2.353
2.198
3.406
2.262
2.102
3.109
1.689
3.033
3.974
2.899
3.402
1.9
3.767
3.488
2.525
2.485
2.488
3.065
3.636
2.109
1.867
3.723
3.71
2.221
2.033
2.4
3.359
2.833
2.103
3.957
2.22
3.758
2.447
3.729
1.663
1.993
3.756
2.936
2.666
3.285
2.585
3.768
2.155
2.704
2.936
2.785
3.08
3.585
2.448
1.689
1.526
1.618
3.397
3.307
3.373
2.206
2.591
2.94
3.021
2.005
3.54
3.3
1.613
1.783
2.338
3.63
2.402
3.734
2.392
3.073
2.849
3.866
2.263
3.227
1.779
3.694
3.15
3.333
1.942
1.715
2.66
3.775
2.794
3.881
2.202
3.08
3.837
1.885
2.411
3.212
1.517
3.115
3.997
3.945
2.076
2.391
3.685
2.752
2.893
2.009
3.083
3.403
3.322
2.807
3.447
2.971
2.303
2.428
3.287
2.512
2.5
2.839
2.866
2.501
2.25
3.668
3.092
1.985
1.988
2.004
2.92
3.883
2.904
3.304
2.73
2.179
2.251
2.348
3.141
2.99
2.442
3.459
2.285
3.091
3.492
2.376
3.042
2.396
3.684
2.014
3.026
2.477
3.276
2.868
2.19
1.658
2.349
2.7
2.289
3.412
3.484
1.542
3.691
2.388
2.757
3.431
3.537
1.521
3.197
2.726
1.981
2.434
2.312
3.538
1.917
3.223
3.793
2.29
3.667
2.888
2.716
1.708
3.339
3.275
1.987
3.244
3.56
3.768
2.796
2.596
1.652
2.74
3.344
2.853
3.286
2.836
1.828
1.885
2.309
2.597
1.989
2.521
3.592
1.552
3.25
3.708
3.307
3.962
2.952
3.298
3.484
1.79
2.421
1.659
1.75
3.763
3.607
2.813
3.047
1.946
1.936
2.273
2.395
2.446
2.705
2.888
3.728
3.367
3.457
2.576
2.809
2.306
3.246
3.592
3.204
1.854
2.595
3.497
3.261
1.674
1.802
3.935
3.208
2.607
3.69
2.635
1.905
2.117
3.983
2.685
2.629
3.351
3.528
2.677
2.064
3.603
3.276
2.217
2.953
2.64
2.753
1.714
3.783
2.734
2.546
2.246
3.551
2.177
2.845
3.129
3.245
2.229
3.895
2.488
2.166
2.296
1.857
3.235
2.345
3.421
2.927
3.867
2.502
3.293
1.993
2.474
3.129
1.771
3.796
2.496
3.735
3.014
2.932
2.514
3.382
3.673
2.543
2.027
3.08
1.682
1.508
2.605
2.872
2.379
2.948
3.326
3.065
2.538
2.97
3.897
2.978
1.608
3.478
3.161
1.861
2.116
2.876
3.887
2.339
3.831
2.228
2.917
2.174
2.457
2.867
1.844
2.2
1.678
3.564
2.499
3.014
3.369
2.688
3.674
2.646
2.102
2.979
1.806
3.967
2.188
3.303
3.13
1.985
1.918
2.626
3.481
3.24
2.234
2.614
3.353
3.562
1.502
3.828
3.282
3.631
2.084
1.737
3.076
3.899
2.454
2.396
1.593
2.767
2.15
2.151
2.613
3.252
2.543
1.975
3.887
2.746
3.885
3.601
3.408
2.216
2.212
2.145
3.795
2.596
2.37
3.376
2.981
1.733
3.238
3.529
2.2
3.114
2.598
2.603
2.693
3.18
2.374
3.413
2.757
2.318
3.791
1.578
2.535
3.859
2.471
2.761
2.714
2.344
3.467
2.815
3.281
2.655
2.021
3.068
3.042
2.563
2.656
2.617
3.143
1.71
3.023
2.794
2.116
3.682
2.894
2.117
3.962
1.678
3.095
2.481
1.664
2.77
2.631
3.5
1.824
1.6
2.493
3.567
2.119
2.324
3.766
3.469
2.166
3.872
3.125
1.59
3.524
2.26
1.6
3.321
3.67
2.506
3.037
2.457
2.241
2.265
2.329
3.63
3.68
1.886
1.678
2.31
1.91
1.796
3.991
1.626
2.248
1.66
1.98
2.556
1.834
2.169
3.167
3.291
2.775
3.673
1.509
3.277
1.596
2.572
3.442
2.019
2.975
3.253
3.867
3.487
3.755
3.373
1.853
1.942
1.513
3.578
2.384
3.619
1.707
3.55
1.528
3.167
2.13
2.305
3.834
3.291
2.931
3.232
3.018
1.934
1.854
2.975
3.264
2.35
3.011
2.805
3.391
1.567
2.548
2.699
1.69
2.349
2.296
2.147
2.891
3.015
2.05
2.743
2.187
2.483
1.533
2.134
3.295
2.67
3.247
1.777
3.986
2.562
1.719
1.515
3.08
2.489
2.83
3.114
3.62
3.913
3.755
1.504
2.97
2.797
2.885
3.913
3.78
2.327
2.885
2.144
3.737
2.705
2.698
2.656
2.577
2.014
3.714
2.434
3.608
2.216
3.121
1.853
3.721
3.06
3.059
3.214
2.395
2.624
1.891
3.827
3.178
2.293
1.975
2.404
3.091
2.584
2.381
2.128
2.411
2.752
2.004
2.838
1.797
1.983
1.972
3.847
2.938
2.963
2.354
1.903
2.061
3.186
2.975
2.639
2.178
2.474
2.489
2.005
2.798
3.588
3.493
3.452
3.649
2.021
1.741
3.806
2.581
2.751
2.633
2.476
3.272
1.865
3.251
3.239
2.854
1.873
2.613
3.254
2.867
2.634
2.328
3.501
1.944
1.756
3.834
3.918
1.501
2.941
3.452
2.637
2.274
2.262
3.785
3.04
1.585
2.358
3.322
1.52
2.379
2.071
1.933
2.034
2.68
3.174
2.03
1.905
1.989
2.465
2.7
3.951
2.739
3.24
3.247
2.186
3.692
3.61
2.413
3.694
1.705
3.56
3.716
3.306
1.891
2.059
2.095
2.197
1.624
3.314
3.175
2.325
2.817
2.558
3.497
2.358
3.31
2.369
2.836
2.378
2.134
2.797
2.053
3.114
3.464
3.01
2.057
3.542
2.937
3.722
3.096
1.823
2.494
3.294
3.776
3.886
3.256
2.627
3.542
2.362
2.746
2.898
2.498
2.133
2.551
2.625
3.167
1.843
2.721
2.696
3.967
1.623
1.809
1.968
3.542
2.277
2.717
1.726
3.398
1.803
2.173
3.756
1.691
3.627
1.708
3.686
1.6
1.901
3.097
2.292
3.393
3.831
2.329
2.866
1.835
3.067
2.578
2.998
2.816
2.998
3.133
3.18
1.839
3.75
1.604
3.885
1.927
1.728
3.294
3.076
2.167
3.115
3.448
3.23
1.517
2.223
2.321
2.717
2.045
2.452
3.782
3.317
3.523
3.95
3.915
3.645
2.249
2.168
2.077
3.342
3.72
1.911
3.275
3.087
3.254
3.148
3.213
3.777
1.612
2.315
3.973
2.154
1.965
2.717
1.969
1.567
3.038
3.155
3.575
3.743
3.668
3.615
1.823
2.3
2.11
3.06
3.427
3.272
1.592
2.941
2.829
3.096
2.773
2.74
1.787
2.662
1.533
3.519
2.781
2.186
2.597
2.613
2.434
1.953
2.739
3.486
3.984
2.302
3.372
3.662
3.235
3.784
2.114
3.62
2.404
3.109
1.908
3.558
3.675
2.406
1.54
3.561
2.955
2.972
3.538
3.515
2.401
2.89
3.183
2.945
2.357
2.824
2.417
3.711
2.659
2.059
3.668
3.189
3.382
3.904
2.629
3.814
3.547
3.856
2.35
1.622
3.896
1.551
1.576
3.085
3.103
2.842
2.087
3.382
3.275
3.538
2.452
2.922
1.693
2.667
2.578
4.0
3.356
2.56
2.072
3.819
3.481
3.671
3.558
2.426
2.318
3.579
3.469
3.495
1.903
3.01
2.98
3.37
2.864
2.209
3.919
3.716
2.002
2.938
1.614
3.969
3.481
2.949
2.566
2.444
3.897
2.885
2.257
2.297
2.157
2.185
3.867
2.915
1.917
3.155
3.158
1.79
1.572
2.77
2.345
2.914
1.63
3.361
1.609
1.618
2.279
2.065
1.698
2.947
3.26
3.395
3.083
3.053
2.201
3.263
1.584
2.307
3.054
2.904
2.185
2.249
1.765
2.195
2.095
3.642
1.591
3.152
3.161
3.747
2.144
1.735
2.344
1.928
2.594
3.792
3.042
1.69
2.49
2.462
3.023
3.58
2.256
1.634
2.272
3.873
1.524
2.78
2.287
2.596
2.958
2.329
2.782
2.017
2.921
3.058
2.604
2.25
2.018
3.604
3.371
2.096
3.888
2.578
1.989
1.517
3.918
1.963
3.533
1.788
2.031
2.139
3.785
2.445
2.019
2.137
3.284
1.876
3.261
2.698
3.46
3.204
2.024
2.869
1.763
2.211
3.156
2.487
2.099
2.702
2.719
2.632
1.543
3.475
2.439
2.772
2.853
2.974
2.366
3.515
1.81
2.456
2.471
3.183
1.828
3.652
2.586
1.851
2.173
2.227
2.38
1.742
2.225
3.438
2.174
1.675
3.028
2.716
3.069
3.696
2.65
3.545
2.095
2.297
3.105
3.712
3.922
3.401
3.239
3.688
3.658
2.831
1.993
3.753
2.537
2.229
3.922
3.644
1.646
3.96
3.062
2.583
1.795
1.774
1.632
1.561
2.281
3.91
2.972
3.899
2.305
3.931
3.181
3.818
3.805
2.938
3.954
2.672
3.228
2.624
2.902
3.058
3.972
2.239
1.687
2.668
3.292
3.093
2.443
3.183
2.031
1.705
1.567
3.624
3.207
1.962
3.937
2.208
2.958
2.598
2.517
3.62
2.424
3.624
3.051
2.174
3.716
2.326
3.009
1.779
3.429
3.985
2.458
1.879
3.569
2.714
2.944
1.85
3.265
3.06
2.444
2.254
2.279
2.192
1.948
2.212
2.115
2.05
1.886
3.559
2.554
2.827
3.359
3.139
1.778
2.45
3.559
3.543
3.72
3.781
2.73
3.197
1.889
1.546
3.901
2.434
2.861
2.295
2.319
2.077
3.224
2.697
3.048
2.7
2.796
3.448
3.501
3.101
2.775
2.494
3.572
3.975
1.658
2.97
3.043
2.957
3.562
1.837
3.396
3.533
3.021
1.723
1.891
3.281
2.576
2.778
3.672
1.754
3.753
2.621
3.571
3.457
3.265
1.657
2.812
1.606
1.789
2.89
1.531
1.995
3.363
1.993
3.016
3.639
1.926
1.692
1.556
2.203
2.288
2.328
3.987
1.801
1.679
2.111
2.092
2.463
2.893
2.587
2.671
2.218
3.847
2.769
1.781
2.46
2.488
3.157
3.969
3.569
3.809
2.9
2.123
1.91
2.695
3.969
3.672
3.797
3.5
3.502
1.579
3.526
3.919
2.895
3.338
3.726
2.836
3.051
2.747
3.296
3.88
1.641
1.998
3.79
3.653
3.26
2.593
2.079
2.566
3.634
1.713
3.183
1.66
2.677
2.734
2.555
3.601
2.468
2.56
3.82
2.981
3.317
2.427
2.45
3.493
1.702
2.671
2.946
3.721
3.622
3.105
2.291
1.791
3.509
2.871
3.729
1.605
3.007
2.437
3.516
3.073
3.19
2.797
2.178
3.399
1.715
3.244
2.579
2.081
2.091
2.003
1.515
2.586
2.673
1.755
3.363
2.332
1.912
3.859
2.23
3.677
3.952
1.76
3.936
3.106
3.185
3.885
2.939
3.862
3.255
3.937
3.976
2.872
2.458
1.91
3.879
1.9
2.723
2.436
1.611
3.776
3.465
3.328
3.217
2.456
1.592
3.065
1.649
2.284
1.76
3.619
2.762
3.092
3.191
1.604
2.522
2.572
3.903
1.764
3.942
1.976
1.94
2.696
3.2
2.112
3.506
3.37
3.786
2.036
3.619
2.24
2.752
3.833
3.966
2.81
3.955
1.566
3.62
2.678
3.247
3.451
3.003
1.625
3.809
2.681
3.669
1.97
1.666
3.071
3.57
2.508
2.157
3.965
3.12
1.87
3.84
2.926
3.312
1.966
2.07
3.68
2.833
2.078
3.546
3.47
2.529
2.034
3.634
1.877
2.289
2.788
2.765
3.994
2.666
1.545
2.253
1.763
2.199
3.58
3.415
2.733
1.605
2.377
3.002
3.341
3.531
3.396
1.594
3.454
1.853
3.934
2.647
2.398
2.349
2.369
1.877
2.229
2.318
2.46
1.979
3.912
3.354
3.269
3.855
1.792
2.558
2.915
2.011
2.366
3.76
3.677
2.982
2.008
3.72
3.139
2.373
2.293
3.006
1.636
3.215
3.52
2.428
1.58
3.973
2.122
2.371
3.615
3.719
3.848
1.945
3.337
2.387
1.649
2.003
3.191
1.667
1.675
1.676
3.153
2.663
3.519
3.493
2.009
3.37
3.002
3.599
1.933
2.361
2.733
2.908
1.769
2.061
3.736
2.194
2.783
3.682
2.268
2.389
2.249
3.359
1.966
2.632
1.526
3.141
3.257
2.114
2.725
1.877
2.871
2.936
3.998
1.552
3.801
1.964
3.067
1.531
2.18
3.816
2.245
1.676
3.967
3.068
2.818
2.189
2.006
2.163
2.278
2.506
2.833
2.253
3.726
2.338
3.456
3.293
2.586
1.58
3.811
2.206
3.272
2.371
2.371
2.691
3.473
3.004
3.159
1.643
2.026
3.067
2.529
1.655
2.714
3.719
2.136
3.695
3.754
3.606
2.858
1.796
2.567
2.592
3.519
3.758
1.824
