3.273
1.738
1.964
2.766
3.991
1.761
1.933
3.79
2.368
2.699
1.547
2.034
3.547
3.597
2.555
2.819
2.936
3.559
2.047
3.652
1.52
2.701
2.76
2.271
2.771
2.042
3.1
3.749
1.799
3.669
3.946
3.797
1.528
3.825
1.61
3.352
2.309
2.979
2.142
2.025
1.697
2.42
3.895
3.106
2.995
3.829
3.956
2.004
1.516
3.351
1.542
1.534
3.22
3.737
1.535
3.733
3.152
1.866
3.23
1.918
2.207
1.818
3.291
1.951
3.44
1.851
2.165
3.176
3.899
2.58
2.887
3.259
1.612
2.641
2.987
2.524
1.901
3.115
3.765
2.103
2.623
3.05
3.197
2.78
3.652
2.648
3.962
3.96
2.067
1.746
2.435
3.224
3.013
3.809
3.544
1.965
3.693
3.765
1.583
2.111
3.389
2.086
3.676
2.94
1.585
2.195
3.806
1.568
2.326
3.013
1.778
2.621
2.723
1.953
3.646
3.945
2.209
2.974
3.227
2.153
3.186
1.732
2.175
2.873
3.157
3.173
2.529
2.512
2.651
2.428
3.855
1.67
3.054
2.318
3.226
1.858
2.535
3.683
3.36
2.043
1.948
3.807
2.984
2.33
2.199
3.847
1.567
1.779
3.018
3.789
1.632
2.532
2.892
2.496
2.991
2.207
1.736
1.88
2.76
2.884
3.336
1.804
3.892
2.103
2.848
1.609
3.61
1.711
3.664
2.141
3.21
3.671
3.944
2.832
2.034
1.963
3.626
2.442
3.288
2.846
2.983
1.518
2.425
2.278
3.312
2.779
2.057
3.472
1.973
3.471
1.822
2.909
2.954
3.849
2.246
1.871
3.159
1.995
3.751
1.825
1.852
2.858
2.324
2.696
1.739
2.799
2.126
1.818
2.038
3.389
2.771
1.74
2.817
3.27
3.705
2.716
3.035
3.735
1.719
2.492
2.417
3.102
2.515
2.349
2.591
2.152
2.506
3.759
2.705
3.041
1.563
3.499
3.509
3.755
3.99
3.489
3.92
3.237
3.053
2.694
2.894
3.825
2.937
1.977
2.407
2.153
3.863
3.342
1.782
1.709
2.488
2.02
1.878
3.849
3.98
3.504
1.738
2.432
3.117
3.219
3.687
1.533
3.209
1.743
3.304
2.954
2.684
1.629
2.825
1.91
3.98
2.505
3.559
2.368
3.546
2.344
3.94
1.79
3.351
3.581
2.653
2.743
1.976
1.723
1.655
2.25
2.769
2.379
3.965
3.93
3.599
2.259
2.055
3.16
2.105
2.614
2.87
2.832
2.305
2.782
2.298
1.828
3.368
2.255
2.713
3.184
2.029
3.144
1.8
3.691
2.953
2.516
1.82
3.798
3.671
2.186
3.228
3.487
1.565
2.777
3.858
1.847
3.3
2.847
2.253
2.819
2.602
2.621
1.664
1.544
2.547
3.533
3.955
2.691
3.04
1.896
2.138
3.235
1.619
3.45
1.528
1.742
3.64
2.951
2.485
3.234
1.848
3.008
3.873
2.688
2.114
3.554
1.902
3.922
3.458
3.798
3.384
2.437
3.688
2.682
2.858
3.691
3.3
1.995
2.831
3.716
2.941
1.567
1.916
2.363
3.212
3.707
2.807
2.874
3.678
3.031
2.983
2.098
2.248
3.584
1.761
3.214
2.308
3.522
3.995
1.56
2.922
2.247
2.489
1.93
3.629
3.914
2.853
1.816
3.402
2.381
2.313
3.766
3.47
2.259
3.957
2.443
2.657
2.532
1.544
3.76
3.796
1.655
2.445
2.559
3.584
2.882
1.798
3.365
3.465
2.082
2.463
3.238
3.838
2.139
3.603
2.834
1.676
3.376
2.656
2.422
1.797
3.71
3.599
2.882
2.322
2.876
2.483
3.168
3.34
3.51
1.711
3.037
2.367
1.569
2.555
1.899
3.731
3.097
3.756
3.89
3.672
2.746
2.41
3.107
3.024
3.425
2.673
3.698
2.877
3.431
2.853
2.596
3.525
2.071
2.144
2.478
1.644
3.158
2.479
3.852
3.376
1.747
1.974
2.47
2.453
2.201
3.436
3.454
2.488
2.06
2.192
1.756
2.339
2.641
2.358
3.445
2.224
3.631
3.001
2.753
2.214
2.44
2.11
3.113
1.719
3.954
2.005
1.883
2.968
2.376
1.76
2.319
2.568
1.74
3.985
2.095
3.992
1.721
3.142
3.732
1.992
3.631
3.429
2.718
3.794
1.691
2.686
3.724
3.124
1.961
2.418
2.313
2.509
3.468
2.389
1.877
2.76
2.084
2.893
1.587
3.568
2.773
1.714
3.393
3.663
1.705
2.549
1.687
1.863
2.048
3.507
3.234
3.494
1.711
2.005
1.802
3.394
2.801
2.341
3.271
1.729
3.713
3.471
1.554
2.539
1.534
3.687
3.019
1.816
3.184
2.395
2.214
1.862
3.497
2.541
3.689
2.337
3.67
2.602
2.466
2.372
1.67
1.723
2.179
2.553
2.455
3.05
1.876
2.423
3.926
2.083
3.783
3.471
2.207
1.969
2.845
1.562
3.134
1.837
2.548
2.146
1.58
2.601
1.583
1.686
3.354
2.564
1.644
2.98
2.044
1.865
2.544
1.815
2.056
3.624
3.585
2.838
2.463
3.965
3.275
3.77
2.228
1.828
2.554
1.929
3.72
1.905
3.783
2.072
2.276
2.152
1.989
3.917
3.428
2.379
3.488
3.845
2.924
1.563
1.822
3.46
1.954
3.057
2.379
2.674
3.404
3.915
3.368
2.473
3.03
2.808
3.156
2.742
1.628
1.823
2.437
2.832
3.242
1.726
3.255
1.731
3.439
2.181
2.636
2.782
2.237
2.307
2.834
3.46
2.128
3.309
2.596
2.389
1.787
2.785
2.65
2.678
3.922
2.558
3.388
3.451
3.01
3.852
3.471
2.692
2.152
2.629
3.926
2.789
2.064
2.743
2.23
1.772
3.966
2.257
3.834
3.997
3.381
2.954
1.595
1.954
2.505
2.543
1.78
1.502
3.726
3.967
1.993
3.337
3.227
2.303
2.543
3.365
3.941
2.902
2.271
3.943
2.625
1.722
3.21
2.774
2.545
2.35
3.549
2.855
2.807
3.737
2.715
2.287
3.022
3.424
1.896
2.434
2.54
3.498
3.608
1.567
1.654
2.831
3.499
Error de lectura!!!
3.473
3.888
2.756
2.159
3.277
3.511
2.877
2.449
3.521
2.493
3.467
2.055
3.108
2.058
2.307
1.503
1.889
1.762
3.589
1.73
1.973
1.952
2.973
2.067
2.076
3.693
3.893
3.109
2.151
1.909
1.587
2.388
3.453
2.322
1.682
1.796
2.859
2.755
1.719
1.772
1.975
3.687
1.669
3.115
2.124
1.546
2.072
2.632
1.92
1.654
3.073
3.389
2.469
2.991
1.946
3.607
2.061
3.729
3.957
1.84
1.629
1.861
2.529
2.114
1.723
2.733
2.591
3.414
2.814
1.866
3.946
2.176
3.823
3.707
2.182
2.289
3.416
2.846
3.365
3.658
3.741
1.837
3.376
2.672
3.354
3.716
3.895
2.506
1.829
1.691
3.36
2.292
1.602
1.581
1.592
1.924
3.011
3.584
3.899
2.541
3.356
1.993
3.403
2.655
2.96
3.466
2.995
2.392
3.313
3.171
2.238
2.142
2.241
3.639
1.843
3.248
3.349
1.54
2.373
3.465
1.751
2.171
3.753
2.557
2.393
2.855
3.303
3.033
2.027
1.569
1.574
3.448
3.06
1.794
1.619
3.631
1.972
3.087
2.067
3.577
1.965
2.398
2.757
2.097
2.648
2.594
3.236
2.43
2.738
2.463
2.624
2.14
2.935
1.849
1.772
1.688
3.792
2.072
3.298
2.975
3.936
2.877
2.751
3.596
3.114
1.615
3.756
2.103
2.278
3.42
2.755
3.59
2.267
1.614
2.616
2.985
3.881
3.111
3.19
3.876
3.619
2.324
2.688
3.664
1.764
2.176
3.075
3.437
2.453
3.684
1.739
2.097
1.85
1.517
2.182
2.564
2.619
2.03
3.156
1.701
2.099
3.371
2.328
2.331
2.171
3.995
3.94
1.822
3.818
2.681
1.552
2.053
2.194
3.104
3.92
3.869
3.514
3.639
1.773
3.039
3.188
2.846
3.815
1.783
1.807
3.181
1.526
2.799
2.687
3.424
2.544
2.342
2.061
1.629
2.313
2.661
3.988
3.861
1.699
3.509
2.941
3.785
2.584
2.393
3.458
3.098
1.827
1.5
3.246
3.563
1.563
1.671
3.883
2.865
3.118
3.357
3.986
1.902
1.803
1.961
3.247
1.789
3.459
2.537
2.462
2.493
2.286
2.532
3.579
3.652
1.538
1.649
2.438
3.854
3.37
2.86
3.845
1.987
3.941
1.599
2.618
2.745
2.741
3.701
2.44
3.313
2.461
2.202
2.341
2.4
3.123
2.562
2.721
3.507
2.312
3.275
1.712
1.512
3.645
2.278
3.078
1.613
2.183
3.706
2.638
3.595
1.55
2.743
3.104
3.696
2.627
2.048
1.846
1.511
1.893
1.536
2.368
3.807
1.6
2.266
3.072
2.756
1.969
2.478
1.518
1.702
2.514
2.814
3.865
3.78
3.402
2.33
2.193
1.741
3.93
3.405
1.871
2.371
2.627
3.898
2.843
2.719
2.067
3.652
1.509
2.098
2.504
3.128
3.926
3.307
3.868
2.092
3.639
2.194
2.954
1.77
3.235
2.659
2.428
2.534
3.724
3.542
3.39
2.961
1.946
2.126
3.367
1.692
2.474
3.381
1.95
1.648
2.192
3.587
3.401
2.097
3.56
3.398
1.677
3.953
2.254
3.978
3.349
3.258
2.127
2.991
1.525
3.564
1.567
2.779
1.947
1.778
1.724
2.089
3.074
1.797
1.866
2.292
1.979
3.677
3.694
1.731
1.919
2.281
2.555
2.078
2.095
3.463
3.08
3.535
2.432
3.294
2.339
3.68
2.451
2.004
1.732
3.441
2.268
2.534
3.053
2.212
2.937
2.585
2.966
2.21
2.672
2.0
1.921
2.459
1.527
1.943
3.208
1.956
1.637
3.86
3.864
3.028
2.473
1.629
2.967
3.613
2.498
2.565
2.716
1.661
2.126
1.784
2.382
1.653
2.119
2.013
1.604
3.091
1.898
3.091
1.753
2.983
3.206
1.666
3.207
3.881
3.05
1.973
2.121
2.711
3.981
2.036
2.568
2.391
3.809
2.718
2.3
1.831
3.697
3.74
2.282
1.774
3.007
3.367
2.959
3.911
1.532
2.928
3.213
3.326
2.137
3.443
3.523
2.401
1.778
3.093
3.218
2.08
2.625
3.634
2.781
2.355
2.14
1.589
1.924
3.41
1.553
3.145
3.24
2.71
1.65
2.687
3.633
3.006
3.436
3.602
3.464
1.824
3.975
1.643
2.863
2.937
3.025
2.773
2.469
3.498
3.415
2.808
1.726
3.863
3.687
3.284
3.239
2.6
3.88
2.664
3.326
3.564
3.482
1.704
1.779
2.611
3.449
2.298
1.73
3.834
2.957
2.768
3.995
3.506
3.875
3.375
3.629
1.716
3.485
1.506
2.009
3.23
1.723
2.63
2.482
2.831
3.424
3.895
3.779
1.603
3.591
3.583
1.794
2.437
3.754
2.446
3.792
2.366
2.099
Error de lectura!!!
1.738
2.933
3.594
2.835
2.811
1.84
3.135
1.716
2.553
3.937
3.423
2.995
2.602
2.347
3.439
3.494
2.15
3.236
3.608
2.335
3.062
2.661
1.996
1.729
3.425
2.162
3.758
3.458
1.6
3.776
2.395
3.671
2.683
2.909
3.128
1.885
2.258
2.378
1.986
1.983
2.49
2.423
2.164
1.916
3.024
1.59
1.608
3.725
3.012
1.929
2.821
1.581
2.547
2.18
2.853
2.85
3.635
3.405
3.128
2.625
2.2
3.404
2.109
2.935
3.954
3.576
3.729
3.271
3.728
3.208
2.131
3.068
1.614
3.004
2.124
3.782
3.661
1.772
2.197
2.88
2.099
2.325
3.807
2.544
2.154
2.884
3.72
3.022
2.171
2.395
2.182
2.002
1.97
3.382
1.518
3.895
3.657
1.839
2.066
3.193
1.869
3.753
3.319
2.424
2.487
2.017
2.374
3.237
2.806
2.539
1.773
1.816
2.611
1.83
3.833
3.255
2.134
2.239
2.981
1.653
2.033
1.941
2.108
3.524
2.805
3.22
3.388
1.805
2.298
2.72
3.717
3.989
2.373
2.008
2.739
3.537
3.812
3.451
1.897
3.392
3.901
2.011
3.724
3.995
3.032
2.05
2.508
2.171
1.724
1.564
1.666
2.258
3.712
3.345
1.75
3.866
1.722
2.93
1.544
3.538
3.724
2.987
1.826
2.696
3.265
1.573
3.293
1.588
2.595
3.23
1.855
1.997
2.528
1.782
2.058
3.918
3.996
1.661
1.882
2.501
3.864
3.93
3.312
2.826
1.787
2.661
3.097
2.912
1.598
2.749
1.613
1.906
1.894
3.366
2.974
1.685
2.1
2.917
2.918
3.454
3.092
2.814
2.824
3.405
2.504
2.336
3.245
3.719
2.524
2.819
2.803
2.674
3.881
2.059
1.623
2.828
3.295
3.963
2.288
2.981
2.249
2.016
1.789
1.934
1.74
2.418
3.752
1.907
1.805
3.223
1.93
3.488
2.553
3.896
3.94
3.003
3.382
3.002
3.27
3.298
2.983
3.921
2.41
2.474
2.089
3.914
3.245
2.673
2.126
3.4
1.968
3.907
2.415
3.55
3.639
2.222
2.689
1.921
2.518
3.703
2.522
2.661
2.527
3.253
1.706
2.45
3.147
3.648
3.535
3.869
3.599
1.974
3.44
2.163
1.944
3.642
1.888
2.201
3.319
1.856
2.259
3.885
1.927
3.9
1.963
2.709
1.898
2.131
2.8
1.506
3.055
3.573
2.686
1.876
2.946
3.869
1.565
1.915
2.017
2.542
3.226
2.39
3.81
3.233
3.488
2.162
2.176
2.815
2.013
3.891
3.717
2.346
2.542
3.596
3.283
3.765
3.312
1.93
2.59
3.814
3.155
1.563
2.393
2.768
1.843
3.131
3.748
2.056
1.922
2.672
3.68
2.641
2.614
2.763
2.019
3.735
3.633
2.012
3.12
3.294
3.14
3.409
3.677
2.115
2.43
2.897
2.541
2.676
3.838
2.349
3.35
2.813
3.133
3.055
2.346
2.06
2.796
1.704
3.992
3.455
2.839
1.74
1.933
1.661
3.938
2.284
1.982
1.546
1.552
1.718
3.706
2.451
2.403
2.177
2.728
1.899
3.393
2.371
2.746
3.468
3.754
3.551
3.973
3.647
3.354
2.693
2.018
2.493
2.191
1.899
3.733
3.256
2.945
2.024
1.726
1.669
1.548
2.962
2.973
3.745
3.916
3.001
2.283
3.241
1.987
3.363
3.967
1.665
3.052
3.333
2.456
3.597
3.11
2.883
2.138
2.164
3.993
3.816
1.952
1.706
1.648
2.619
3.963
2.816
2.504
3.776
2.298
2.279
1.986
3.154
3.25
2.121
1.558
3.266
2.989
1.574
1.866
2.502
3.759
2.648
2.217
2.37
1.885
2.264
2.603
3.433
3.757
3.656
1.523
1.683
2.874
3.846
2.943
3.445
1.742
2.263
3.667
3.988
2.607
3.289
2.285
1.8
2.807
2.165
2.473
3.186
3.939
3.404
3.782
3.118
3.547
2.822
1.544
3.009
3.516
3.656
3.774
1.847
2.793
3.319
2.375
1.857
3.921
3.138
3.825
3.555
1.826
1.962
2.136
1.834
2.369
3.266
1.936
2.231
3.297
1.791
2.992
2.559
2.072
2.806
3.098
1.899
3.474
2.715
1.576
2.224
3.212
2.466
2.921
1.761
3.577
2.751
2.217
2.24
2.069
1.546
1.975
3.085
2.352
3.117
3.845
2.687
3.343
1.571
2.012
3.486
3.344
2.592
3.944
3.111
3.919
1.952
1.787
1.725
2.149
1.962
2.468
3.964
2.758
1.745
3.802
2.193
2.427
3.442
2.886
2.165
2.11
3.595
3.542
1.512
2.354
2.245
2.138
3.574
2.252
3.533
2.063
1.78
2.612
3.675
3.76
3.58
2.806
2.694
3.535
3.499
1.551
2.496
2.939
2.248
3.959
3.768
1.948
1.786
2.558
2.992
1.825
3.173
3.687
1.523
2.331
2.784
2.879
3.998
1.768
2.008
2.001
3.514
1.843
2.826
1.717
3.132
1.906
3.829
3.448
2.833
3.245
2.614
1.791
2.491
2.312
1.649
3.872
3.136
3.225
2.488
3.864
3.4
1.983
2.222
3.646
1.581
2.844
2.718
2.268
2.653
2.996
2.995
3.621
1.858
2.556
2.695
3.734
3.76
3.594
1.501
2.355
2.745
1.511
2.891
3.512
2.293
2.895
1.713
3.537
3.635
3.986
3.135
2.182
3.461
3.398
2.419
3.58
2.105
2.692
3.149
2.917
1.532
1.714
3.956
2.081
2.404
3.16
3.121
3.918
3.239
3.279
3.012
3.722
3.235
2.36
3.673
2.029
2.3
2.776
2.132
2.799
2.453
3.499
2.888
2.856
2.63
1.882
2.341
3.839
3.457
3.663
1.742
1.851
3.954
2.543
3.469
1.911
2.336
2.268
1.623
3.425
1.516
3.03
3.511
3.362
2.908
2.019
1.812
2.464
2.422
1.623
3.048
2.689
3.002
1.591
3.366
2.701
1.593
3.624
3.279
2.035
2.183
3.367
2.45
2.167
3.412
1.714
2.648
1.983
3.513
3.148
2.568
3.797
3.058
3.388
1.719
2.307
2.854
1.784
3.098
1.511
3.071
3.377
3.732
1.8
1.608
1.996
3.826
3.564
3.261
3.605
1.872
3.943
3.161
3.53
2.876
1.547
1.878
1.591
2.092
3.181
1.929
3.359
3.807
2.228
3.48
1.668
1.6
3.388
1.742
2.245
2.248
2.578
2.961
2.761
3.058
3.317
1.861
1.538
1.811
3.184
2.673
2.296
3.59
2.318
2.271
3.977
1.712
2.138
1.904
3.788
3.42
3.769
1.939
3.74
1.973
2.07
2.483
1.722
1.859
1.825
3.426
2.626
2.286
3.792
2.67
3.983
2.445
2.553
2.278
3.374
3.719
2.678
2.315
1.671
2.671
1.794
2.271
3.419
2.355
1.544
3.021
3.763
1.958
2.07
2.244
1.563
1.519
2.292
1.794
1.682
3.635
1.617
3.079
3.465
3.847
2.58
3.07
2.655
3.321
3.257
3.751
2.068
3.647
2.069
2.4
1.518
3.885
2.59
1.862
1.69
2.501
3.902
2.639
2.63
1.949
1.952
2.414
1.926
3.187
2.653
2.394
3.154
2.638
2.688
1.63
1.892
2.569
3.197
1.529
3.534
3.324
1.624
2.133
3.365
2.226
2.824
2.174
2.941
3.571
2.902
3.031
2.214
2.932
2.176
2.584
2.363
3.161
3.661
3.786
2.463
1.719
3.641
2.551
3.578
1.749
3.082
2.582
3.871
3.677
2.278
2.181
3.586
2.55
2.945
2.245
3.619
3.727
3.338
2.425
1.621
3.17
1.963
2.312
1.678
3.391
1.816
3.805
2.489
3.434
2.852
3.904
3.923
2.599
1.889
1.81
2.683
2.609
3.176
3.321
2.516
3.836
1.761
2.828
2.251
2.564
1.911
3.499
3.204
3.826
2.761
3.478
2.08
3.354
2.502
2.519
3.385
3.778
3.275
1.938
3.852
3.32
2.41
1.933
1.858
3.265
1.556
2.221
3.525
2.021
1.562
3.167
2.301
3.419
2.24
2.916
3.44
1.759
3.696
1.997
2.095
3.015
3.16
2.401
2.126
2.87
1.97
2.404
2.377
2.266
3.087
2.248
2.383
2.906
2.441
2.885
3.02
3.878
3.495
2.021
4.0
2.468
2.354
1.996
1.554
3.892
3.61
2.404
3.581
1.542
2.717
2.384
3.635
2.818
3.945
3.946
1.637
3.262
1.966
3.062
1.924
1.811
1.678
3.866
2.082
3.286
3.533
3.495
3.129
2.422
3.937
2.873
2.911
2.196
2.653
2.721
2.817
2.865
3.428
1.612
1.813
3.298
3.636
1.698
2.727
2.466
3.367
3.439
3.728
2.31
3.492
1.787
3.511
2.731
1.963
3.768
2.418
1.902
3.635
2.581
1.943
3.713
3.445
3.231
3.407
3.492
1.836
3.743
1.605
3.266
3.816
3.296
3.936
3.786
2.414
3.664
1.804
2.757
1.911
1.796
2.563
2.709
2.869
2.337
3.541
1.782
2.694
2.543
2.958
3.704
2.718
1.7
1.746
2.125
3.33
1.543
2.416
3.565
3.613
3.577
3.719
3.107
3.137
3.733
2.799
3.153
1.928
3.764
2.546
2.073
2.438
2.415
2.007
2.903
1.667
2.905
3.438
2.478
2.704
3.897
2.849
3.462
1.703
2.098
1.617
1.859
2.527
2.508
2.882
3.732
3.824
3.323
2.954
2.058
2.561
1.699
1.517
2.399
3.01
2.709
3.5
1.515
1.798
3.783
2.828
2.109
2.199
3.546
3.839
2.34
1.855
2.175
2.094
2.384
3.58
2.024
3.03
3.18
2.217
3.456
3.462
1.657
1.793
1.878
2.784
3.585
2.436
3.099
2.648
2.562
3.22
1.88
3.176
1.756
2.409
3.919
1.552
1.984
1.833
3.479
3.463
3.55
3.216
1.735
2.532
3.395
2.839
2.504
2.164
2.551
3.448
3.91
2.981
2.254
1.513
3.516
2.618
1.89
2.054
2.643
3.586
1.94
3.915
3.619
1.969
3.251
3.569
3.202
3.179
2.734
2.063
2.409
3.078
3.741
2.382
1.588
2.969
3.146
3.303
2.731
3.375
2.359
2.308
1.977
3.358
3.971
3.236
3.871
2.485
2.768
2.956
3.936
1.839
2.146
3.823
2.504
2.623
2.993
2.235
2.173
1.864
3.673
2.636
3.76
2.876
3.453
2.076
3.502
3.866
3.336
1.677
2.381
2.034
2.019
3.237
3.682
3.714
1.928
2.421
1.573
3.141
3.26
1.687
2.83
2.041
3.856
2.139
2.097
2.102
2.938
2.674
1.661
3.171
3.175
2.776
3.415
3.37
2.626
3.004
2.407
2.851
3.328
2.384
3.959
3.229
2.793
2.659
1.694
3.5
2.792
3.133
1.954
2.706
3.277
1.885
3.618
3.593
3.755
2.3
3.657
3.387
3.568
3.423
2.878
1.793
3.38
3.797
2.452
3.277
3.475
2.817
1.882
2.995
3.903
2.376
1.783
3.959
1.723
1.918
2.06
1.947
1.548
2.758
2.197
3.181
3.584
2.86
3.411
2.957
2.758
2.128
2.928
3.407
3.822
2.791
1.781
3.91
2.051
2.219
2.772
1.702
3.571
2.961
1.748
3.759
3.578
2.267
3.039
3.206
3.959
2.891
2.576
2.27
1.648
2.518
2.965
2.568
3.796
3.011
3.646
3.54
3.858
1.677
2.127
1.978
1.868
3.59
3.876
1.917
3.059
2.88
2.88
2.741
3.197
3.648
2.764
3.552
3.025
2.663
2.659
2.871
3.077
3.725
3.313
1.875
3.377
2.171
1.54
2.305
2.319
1.724
3.651
1.629
3.778
3.165
3.136
2.439
2.253
2.827
3.843
2.989
2.12
2.16
2.534
1.64
2.553
2.897
2.707
3.336
3.529
3.638
3.893
1.816
1.803
2.914
3.482
1.746
2.911
3.706
1.868
2.277
3.339
3.644
1.607
2.628
3.198
3.354
3.405
3.575
2.967
2.95
3.478
2.391
2.874
1.966
2.4
3.67
3.402
2.503
3.445
2.434
2.836
1.852
3.628
3.198
2.808
3.555
3.789
2.849
2.487
3.604
3.551
2.62
3.274
1.95
1.924
2.427
3.446
2.742
1.629
1.624
3.237
2.208
3.086
2.177
2.844
3.523
3.565
1.955
1.608
1.719
3.05
2.035
3.73
2.84
3.773
3.181
2.148
2.845
2.939
2.703
2.814
2.365
2.385
1.53
2.468
2.527
3.183
3.688
3.166
1.76
3.999
2.4
2.448
3.218
3.184
2.119
2.145
3.938
1.604
1.569
3.73
1.989
2.092
2.993
3.919
3.005
3.569
2.809
3.779
1.512
1.588
2.879
2.44
3.89
3.128
3.518
3.496
3.891
3.305
2.756
2.619
2.379
3.625
1.718
3.047
1.976
2.463
2.571
1.628
3.925
2.378
1.713
3.939
2.808
3.521
2.962
2.048
3.156
1.748
2.695
3.128
3.717
2.637
2.864
3.224
2.444
1.69
1.569
2.0
2.541
2.265
2.07
3.234
3.669
2.696
3.451
2.701
1.879
2.422
2.448
3.099
2.213
2.455
2.932
2.008
2.261
3.337
2.626
2.273
1.894
3.171
2.314
3.958
3.238
3.317
2.858
3.413
3.654
3.524
1.637
3.711
3.58
3.904
3.278
3.384
3.714
2.821
1.717
3.504
2.255
3.155
1.86
2.503
2.969
3.796
2.831
2.976
1.521
3.037
2.412
3.29
3.365
2.561
3.368
2.759
3.852
3.852
2.196
2.002
3.222
3.523
1.861
1.862
2.923
3.4
1.855
2.451
2.712
2.514
3.386
3.045
3.034
3.29
2.101
3.228
3.107
3.793
1.587
1.718
3.124
3.739
2.935
2.893
3.336
2.322
3.477
3.108
2.507
1.557
3.515
3.268
3.861
3.351
1.632
3.286
3.962
1.619
2.11
2.451
3.142
2.958
3.745
1.604
3.401
1.614
3.66
2.762
3.016
3.33
1.827
3.753
2.015
2.849
2.621
2.029
3.622
2.476
1.541
1.64
2.918
2.948
2.041
2.588
3.28
2.405
3.101
3.612
3.853
2.329
2.406
1.859
3.669
2.918
1.818
2.52
2.612
2.643
1.683
3.529
2.461
1.708
1.734
2.326
1.693
1.507
3.446
3.091
3.003
3.87
2.059
2.339
3.003
1.58
3.637
2.093
2.514
3.527
2.17
2.511
1.565
2.601
3.667
2.319
2.794
2.651
3.765
3.444
2.711
2.542
3.799
2.813
2.664
1.759
2.674
1.769
2.9
3.0
1.983
3.205
3.761
1.891
2.568
1.763
2.372
1.611
3.197
1.724
3.539
3.886
3.23
3.983
1.817
3.206
2.273
2.556
1.722
1.756
2.824
3.007
1.948
2.809
2.634
2.092
3.105
3.551
2.644
3.719
2.035
2.346
2.794
1.943
3.879
2.658
2.755
1.546
3.582
2.601
2.456
3.135
1.743
1.917
3.919
2.199
2.594
3.363
2.535
2.156
1.747
2.349
3.7
1.537
1.846
3.296
2.814
3.186
3.369
2.867
1.987
2.763
1.897
3.576
1.605
3.421
3.294
1.741
3.282
2.485
3.274
3.771
2.331
3.093
2.353
2.357
2.492
1.805
3.657
2.954
1.779
3.909
2.846
3.804
3.221
1.564
3.119
2.303
3.584
2.858
1.93
3.043
2.782
3.687
2.145
1.92
2.183
1.648
1.785
2.004
2.747
3.153
1.55
2.036
3.99
1.513
3.734
3.909
2.179
3.774
1.855
2.306
1.863
3.979
3.97
3.724
3.535
2.831
3.506
3.109
3.785
3.167
3.17
3.204
3.768
3.164
2.157
2.536
1.93
3.791
3.448
1.503
2.688
2.448
2.655
1.515
2.684
3.802
2.233
2.17
3.914
2.746
1.54
3.36
2.267
3.736
2.158
3.997
2.449
3.404
3.436
3.54
3.832
2.452
1.731
1.773
2.464
2.949
2.393
3.926
3.597
2.251
1.933
3.991
2.641
2.891
2.035
2.967
2.494
2.924
3.102
3.795
2.376
3.308
3.658
2.303
2.106
3.754
3.456
1.865
3.581
3.441
3.057
3.12
2.63
3.778
1.637
3.891
2.888
3.116
2.075
1.757
1.684
1.922
2.831
3.795
3.08
1.628
3.039
1.593
3.971
1.629
2.814
1.504
3.401
1.623
2.557
2.049
3.583
1.574
3.122
1.702
1.928
3.043
2.011
3.217
2.579
3.708
2.673
2.664
1.889
2.605
1.605
3.679
2.96
2.542
2.141
2.224
2.164
3.577
3.506
3.73
2.344
1.952
1.865
2.704
3.213
3.04
2.541
1.627
3.318
2.888
2.764
2.301
3.142
3.331
3.044
3.802
1.824
1.881
2.118
2.808
3.64
3.761
2.682
2.289
1.755
3.409
2.835
3.619
3.194
3.99
3.588
1.645
3.534
3.616
1.804
3.975
3.075
3.597
3.491
3.707
2.793
2.654
3.419
2.512
3.078
1.579
2.647
1.619
2.048
2.191
2.809
2.611
1.89
2.811
2.427
3.181
2.763
1.735
3.192
1.606
2.655
2.095
2.254
1.639
3.506
1.778
2.225
2.906
1.712
2.024
3.757
3.227
2.476
3.095
1.808
2.443
3.718
2.156
3.414
3.016
3.592
3.203
2.95
3.186
2.215
2.437
1.922
2.201
2.456
1.732
3.346
1.697
2.133
2.84
3.787
3.626
2.179
2.583
3.75
2.831
3.579
2.136
2.022
3.485
2.75
3.709
2.381
3.753
2.228
2.697
3.767
2.469
1.841
1.555
3.367
2.108
2.124
3.918
3.689
3.951
1.726
3.144
3.018
2.564
2.817
2.337
2.9
3.164
3.309
2.28
2.408
3.142
3.326
3.116
2.873
2.231
3.709
3.279
1.594
2.611
3.079
2.495
2.72
3.491
2.626
3.557
2.509
3.988
2.194
2.553
2.652
2.246
3.654
3.067
3.667
3.251
2.192
1.766
2.472
3.864
3.269
3.523
1.709
3.034
3.508
1.53
3.549
2.873
3.843
3.157
3.219
1.886
1.665
3.746
3.361
3.238
3.985
3.658
2.615
1.76
3.935
2.04
2.598
3.644
2.177
2.35
3.089
3.813
3.948
1.778
2.052
2.877
3.159
2.613
3.801
3.11
1.966
3.205
3.095
1.943
1.784
1.63
3.544
2.081
2.963
3.131
3.403
1.538
2.546
2.174
2.212
3.621
2.813
2.653
2.555
3.279
2.985
2.599
1.664
2.425
1.717
3.3
2.02
3.304
3.367
1.669
3.086
2.805
1.574
1.748
2.351
3.353
2.661
3.036
3.788
3.302
3.447
3.223
3.41
2.603
1.656
3.084
2.08
1.79
2.09
3.693
2.789
3.684
2.382
2.546
2.016
2.262
2.18
3.894
3.423
1.586
2.313
2.554
1.904
2.013
1.844
2.654
3.632
2.673
1.849
2.264
3.156
3.399
1.71
3.857
3.927
2.11
2.269
2.576
2.582
2.536
2.937
3.679
2.39
2.027
3.098
3.215
1.539
2.435
2.752
1.731
2.168
3.14
2.413
2.749
3.278
1.569
3.037
3.175
3.206
3.8
2.548
3.614
3.203
2.998
2.833
3.291
1.609
3.646
2.964
2.541
2.768
1.951
3.316
2.175
2.729
3.205
2.814
2.113
3.863
2.929
3.366
2.148
2.854
2.392
2.86
3.211
3.209
1.999
3.867
3.998
2.205
3.488
3.752
1.654
2.455
3.227
3.81
2.497
3.63
3.39
2.647
3.907
1.903
1.615
2.257
3.211
2.778
3.551
2.968
1.923
2.881
2.489
3.474
2.453
2.378
2.392
3.152
3.645
1.852
3.661
Error de lectura!!!
3.784
2.044
3.39
3.959
2.202
2.28
3.676
2.826
3.488
2.291
2.625
3.58
2.752
2.893
1.984
3.495
3.877
2.913
3.765
2.95
2.329
3.638
3.652
1.55
1.863
2.594
3.656
2.893
2.626
2.594
3.954
3.225
1.775
2.656
2.593
3.675
2.542
2.23
2.003
1.736
3.462
2.97
3.611
3.108
2.59
2.229
1.785
1.862
2.129
2.419
2.853
2.508
1.939
2.78
2.015
2.749
2.142
3.705
2.937
2.188
2.149
3.314
3.935
3.539
2.546
3.849
3.758
3.807
2.939
2.7
3.256
1.843
3.511
2.477
2.683
3.336
3.185
1.641
2.059
2.382
1.873
3.816
1.9
2.143
2.97
1.773
3.627
3.571
3.734
3.726
2.265
1.617
2.193
2.268
2.742
2.129
2.025
3.893
3.243
2.737
2.282
3.193
3.695
2.626
3.556
3.616
3.988
1.955
1.581
3.587
2.717
1.569
2.858
1.588
2.58
2.822
2.38
3.164
1.874
2.455
2.525
1.575
1.8
3.187
1.522
3.679
2.701
1.927
3.215
3.544
2.613
3.493
1.703
3.28
2.326
3.003
2.191
3.801
2.175
2.158
2.588
2.992
3.8
1.536
1.506
2.378
3.207
2.601
2.142
2.734
2.964
3.672
3.479
2.598
2.043
1.545
1.628
2.48
3.826
2.736
3.46
3.563
3.138
2.983
1.866
2.207
2.989
1.716
3.721
3.091
3.778
2.391
3.317
2.198
3.535
3.614
1.674
3.21
2.588
2.113
2.779
2.845
1.799
3.587
3.938
2.18
1.906
1.759
3.168
3.125
3.064
3.299
3.396
2.272
2.045
1.528
2.552
2.309
3.217
2.156
2.646
2.717
3.695
2.013
3.884
1.723
3.12
3.176
2.833
3.534
1.616
2.755
2.679
3.562
2.597
3.355
1.888
1.563
3.322
1.654
2.097
1.699
1.736
1.833
2.305
3.931
3.627
2.856
2.327
3.065
3.281
3.023
2.892
3.118
3.639
3.084
2.284
2.878
1.945
2.579
2.37
3.981
2.995
2.514
3.8
3.907
1.842
3.081
3.444
3.192
1.761
3.314
3.072
2.655
2.826
2.295
2.596
1.875
2.787
1.882
3.572
3.415
2.233
3.181
3.806
1.606
1.984
2.43
3.752
3.492
1.667
2.86
1.839
2.879
2.254
3.57
2.828
1.654
3.367
3.641
3.817
1.533
2.722
3.382
3.028
2.433
1.74
3.138
2.448
3.607
2.307
2.155
3.158
3.22
2.581
2.021
2.173
3.095
2.442
3.422
3.459
2.597
2.107
1.617
3.85
3.084
3.772
2.224
2.039
3.076
3.781
1.885
2.527
2.93
2.208
3.374
3.763
2.503
1.686
3.027
3.288
2.268
2.027
1.583
3.379
3.704
1.75
1.645
2.056
2.339
3.705
3.614
3.057
2.83
3.241
3.818
2.025
3.513
3.566
3.493
3.539
3.381
1.874
3.65
3.351
3.313
3.604
1.85
3.521
2.688
2.693
3.072
2.074
3.788
2.23
1.531
3.911
2.333
1.52
2.492
3.081
3.691
3.661
3.064
3.23
1.53
2.255
2.423
2.929
2.58
3.791
3.654
2.653
2.199
2.04
2.686
3.177
2.81
2.809
3.259
2.305
2.06
3.114
1.635
3.519
1.993
3.53
2.979
3.822
1.671
2.458
3.589
1.617
2.728
3.064
2.269
3.765
2.277
3.503
2.961
2.205
1.862
3.761
3.478
2.702
1.738
1.831
2.08
2.04
1.729
1.778
3.792
1.697
3.233
3.887
1.923
2.76
2.853
3.818
2.011
3.596
3.845
2.011
3.948
2.106
3.204
3.435
3.028
2.341
3.568
3.998
2.521
2.48
2.001
2.135
2.678
1.852
1.883
2.233
3.463
1.583
1.588
2.068
3.668
2.266
2.09
1.597
3.013
2.174
2.015
2.317
2.479
1.582
3.828
1.654
2.774
3.461
3.001
2.505
2.847
3.196
3.814
3.813
3.327
2.292
2.286
3.143
1.924
3.389
2.683
3.813
3.269
2.208
3.301
1.605
2.935
2.134
3.472
1.542
3.307
1.916
2.596
2.557
2.795
2.547
3.753
2.342
2.538
1.99
3.601
3.325
3.712
2.068
1.518
3.707
2.6
1.511
1.727
3.676
2.414
3.417
2.014
3.372
1.796
3.553
3.349
3.071
2.353
3.463
3.632
3.834
3.052
2.5
3.709
2.183
1.992
2.866
1.502
3.611
2.551
3.237
1.532
3.595
1.518
3.447
2.805
1.811
3.3
2.568
3.846
2.017
2.615
1.564
2.03
3.275
1.752
3.165
2.462
1.932
1.565
3.413
1.751
3.038
1.728
3.238
1.648
3.177
3.376
2.494
1.974
1.559
2.161
1.854
2.25
3.547
3.56
1.789
3.493
3.364
2.859
2.51
2.585
3.495
3.409
2.849
1.626
2.615
1.931
1.796
1.908
2.104
1.749
2.869
1.697
2.054
2.392
2.292
2.371
2.615
3.023
2.271
2.377
1.973
3.516
3.487
3.619
2.179
1.933
3.962
3.998
3.553
3.154
3.865
1.645
1.554
3.135
2.129
3.715
2.712
2.016
2.238
2.437
3.227
2.779
2.051
2.584
3.885
3.81
2.718
2.229
3.677
3.315
2.483
1.71
3.662
3.207
3.274
3.956
3.773
3.8
2.756
3.342
2.332
2.069
3.99
2.164
1.648
2.707
1.999
1.954
3.452
3.667
3.601
2.519
3.43
1.699
2.681
1.87
3.203
2.032
2.82
2.133
1.915
2.964
3.154
1.677
3.388
1.566
3.842
3.003
3.452
2.442
1.631
2.919
3.393
2.343
3.251
1.833
1.56
2.543
2.746
3.66
1.973
2.474
3.319
2.177
3.451
2.331
3.008
1.561
2.541
3.771
3.321
2.43
1.753
3.526
3.491
2.529
1.603
1.642
2.0
2.34
3.07
2.473
2.94
3.922
2.695
3.359
2.232
3.372
3.275
1.869
2.9
2.673
3.773
2.229
2.826
3.799
2.581
3.652
2.976
3.743
3.707
3.832
3.058
3.207
2.819
3.745
2.488
2.704
1.983
2.366
3.247
3.044
3.145
3.592
3.909
3.806
3.594
2.383
1.529
3.599
3.608
2.238
1.608
2.767
3.112
3.582
1.526
2.308
2.347
3.014
2.041
3.23
1.922
3.041
1.891
1.717
2.389
1.579
2.254
2.796
3.756
2.073
2.428
3.403
2.04
1.965
2.386
3.419
3.815
2.723
2.107
2.181
2.122
2.042
3.532
3.975
3.967
3.494
2.424
3.169
2.653
2.693
2.772
2.776
3.014
3.127
3.289
2.552
3.403
3.569
3.513
3.043
3.779
3.4
3.367
3.574
2.721
2.163
1.637
3.105
2.262
2.445
1.913
1.51
3.944
2.603
2.299
3.464
2.85
2.15
3.47
3.485
2.211
1.757
3.447
1.841
3.847
3.47
1.597
2.243
2.83
3.134
1.896
3.137
1.669
2.507
3.48
1.803
2.502
1.544
3.797
1.522
2.25
1.624
3.464
2.887
2.855
3.31
3.271
3.527
1.506
1.574
1.524
3.911
2.679
2.836
1.861
2.164
1.706
2.605
2.202
2.95
2.096
1.998
2.4
3.665
3.421
3.24
3.211
2.468
3.861
1.741
3.517
2.297
3.436
2.793
3.746
2.999
3.968
1.562
3.174
3.533
3.278
2.582
1.949
2.872
3.693
1.61
1.817
2.768
2.383
2.122
3.085
3.373
2.124
1.952
1.535
3.232
2.067
3.218
2.893
1.952
3.962
3.996
3.488
2.322
2.582
1.632
3.478
3.335
3.637
2.05
3.417
2.402
2.917
2.908
2.294
2.478
1.633
2.047
1.788
2.748
3.304
2.446
2.53
3.346
1.598
3.702
3.773
2.818
3.073
2.563
3.001
2.2
3.552
3.749
3.647
1.643
3.345
2.222
1.721
2.39
1.58
2.355
3.756
1.765
3.218
1.593
3.427
3.57
1.719
3.783
2.685
2.322
3.338
3.46
3.394
1.994
3.12
3.158
1.65
3.735
2.71
2.378
1.913
3.573
3.111
2.784
3.021
3.2
3.046
3.09
3.205
2.683
3.62
2.361
2.138
3.401
2.305
2.257
3.27
2.604
3.847
2.672
3.587
2.853
2.636
1.601
1.898
2.078
3.879
1.813
2.311
3.169
2.685
2.11
1.994
3.793
2.766
3.517
3.088
1.511
2.802
3.665
3.086
2.549
3.781
3.859
3.506
3.635
2.428
3.32
3.024
3.92
3.58
2.537
3.008
2.813
1.512
1.83
3.545
3.454
2.619
3.898
2.452
1.738
1.878
3.475
3.7
3.531
2.032
2.173
3.561
3.454
3.981
2.027
3.076
2.526
3.73
3.04
1.53
1.874
3.599
1.574
3.51
3.626
3.729
1.865
3.54
3.599
3.066
3.641
2.574
3.351
2.326
1.92
3.242
3.255
1.94
2.969
3.313
1.693
3.707
2.623
3.736
3.853
2.964
3.218
3.454
3.826
3.381
3.66
3.909
3.888
2.607
2.977
2.195
2.478
3.405
2.146
2.814
2.452
3.203
3.286
3.038
3.175
3.099
3.836
2.702
3.583
2.61
3.068
1.629
3.579
3.076
1.656
3.465
3.379
2.234
3.715
3.626
3.172
2.086
1.565
2.787
2.656
3.342
3.84
2.38
3.451
3.642
3.858
3.598
3.408
3.559
1.667
3.288
3.482
2.459
3.465
3.751
2.449
3.927
1.923
3.756
3.011
2.705
2.681
2.247
3.165
3.675
2.757
2.158
3.805
3.912
3.429
3.94
2.019
2.504
1.653
2.386
2.536
3.395
2.207
2.834
3.898
3.341
2.455
2.342
1.881
3.147
1.81
2.728
2.448
2.726
3.04
2.076
1.655
3.496
3.825
1.942
1.702
2.123
3.664
2.16
3.53
2.741
3.697
2.006
3.902
2.66
3.976
2.815
2.748
3.103
1.845
3.47
2.751
1.926
1.805
2.131
3.064
2.367
3.004
1.711
3.965
3.439
1.6
3.742
2.34
2.029
3.329
3.7
2.591
3.234
1.729
2.492
2.593
3.554
2.524
3.654
1.98
2.367
3.206
2.528
3.406
2.046
2.242
2.74
2.069
3.572
3.486
2.798
3.659
1.606
2.477
1.805
3.265
3.918
3.595
3.05
2.388
2.409
3.204
3.529
3.782
3.226
1.72
1.646
2.524
1.866
2.977
3.521
1.739
3.997
2.022
2.768
1.753
2.354
2.804
2.452
3.529
2.136
3.325
2.463
2.588
1.908
1.823
2.081
2.047
3.097
1.78
3.539
2.414
1.976
3.925
1.665
3.139
3.747
3.042
1.716
2.337
2.314
1.85
2.152
3.564
2.119
3.034
1.609
1.86
2.236
3.07
1.69
3.413
3.556
3.403
2.294
2.47
1.911
3.809
2.842
2.909
3.089
1.917
1.86
1.985
3.973
3.851
3.311
1.996
2.588
3.053
3.705
2.168
2.112
3.393
2.997
2.594
3.539
2.147
1.854
1.995
1.605
2.25
3.385
2.481
3.046
3.562
2.638
2.51
3.837
1.921
3.378
2.315
1.594
3.899
2.594
2.162
3.179
3.568
3.748
2.986
2.23
3.68
1.868
1.958
1.625
2.844
2.74
3.769
2.166
2.107
2.388
3.281
3.294
3.48
3.906
3.108
3.5
2.28
2.893
3.179
3.348
3.234
3.46
3.719
2.297
2.38
3.784
2.338
1.828
2.291
1.707
2.324
3.876
3.314
3.877
2.016
3.22
3.476
3.585
2.219
2.652
1.908
3.997
1.58
2.831
1.832
2.46
3.997
2.514
1.776
3.025
3.725
1.827
3.611
3.282
2.848
2.206
1.915
3.779
3.26
2.934
1.821
2.176
3.883
2.907
2.836
2.031
3.888
3.656
2.469
3.758
1.605
3.484
3.641
1.56
3.199
2.119
2.475
3.697
1.828
2.686
2.633
3.336
2.517
3.401
3.784
3.748
1.734
1.608
2.801
2.653
3.891
2.387
2.241
3.385
2.905
2.113
1.937
2.639
1.929
2.48
2.455
3.679
2.233
2.752
2.007
2.03
3.257
1.915
3.889
3.308
2.772
2.425
3.277
2.14
2.626
2.424
1.663
2.101
1.608
3.29
2.838
2.352
2.947
2.506
2.543
2.68
2.429
3.896
1.517
2.306
3.635
2.872
1.916
1.927
3.47
2.033
3.161
2.053
2.774
2.845
3.761
3.455
3.669
3.348
1.786
1.789
3.979
3.993
2.258
3.217
1.93
1.571
2.266
3.173
3.005
2.85
3.599
1.576
3.076
1.673
3.051
1.508
3.208
3.722
2.761
2.629
1.596
3.416
3.45
2.46
2.647
3.515
3.316
2.546
1.518
2.532
2.107
2.981
3.607
2.976
3.439
3.959
3.49
3.385
3.403
2.522
1.697
2.368
3.594
1.89
2.444
1.637
3.127
2.032
3.251
2.759
2.88
3.36
1.8
3.286
1.82
3.532
2.997
2.213
3.517
3.303
2.77
2.677
2.797
3.86
1.526
3.763
3.151
3.616
3.491
1.908
1.638
3.359
2.788
2.582
3.348
3.866
3.2
2.826
3.281
2.449
1.89
3.136
3.496
2.245
3.733
3.005
2.357
2.861
3.128
2.405
3.549
3.362
2.853
3.915
2.83
3.19
2.318
2.271
1.825
3.107
3.046
3.957
2.963
1.966
3.476
3.541
2.21
1.966
1.684
2.364
2.411
3.135
1.512
1.709
3.739
3.868
2.84
1.75
3.873
1.654
3.695
1.512
3.132
2.049
2.422
3.416
1.508
3.35
3.426
3.579
1.788
1.531
2.614
2.044
2.356
1.624
2.639
1.828
2.463
3.867
3.942
2.21
1.614
2.649
3.78
2.525
3.136
1.892
2.11
3.201
2.946
2.219
3.887
3.401
3.923
3.599
3.518
1.694
3.061
1.591
3.066
2.17
1.745
3.812
3.284
2.624
3.991
3.154
1.507
2.394
1.936
1.529
1.658
2.415
3.594
3.776
1.543
1.623
2.425
2.184
3.347
3.705
3.428
2.115
2.604
2.675
3.363
3.209
3.871
1.847
3.025
1.798
1.664
2.884
3.765
2.689
2.998
2.798
3.069
2.818
2.912
1.55
2.285
2.269
3.788
3.137
2.403
1.706
3.68
2.456
1.738
3.372
2.193
3.122
3.6
2.596
2.361
2.57
3.66
2.666
2.509
2.974
3.393
2.781
3.774
2.563
1.595
2.499
2.744
2.46
1.542
3.492
1.628
3.518
3.64
2.716
2.946
2.682
3.513
2.031
1.572
3.633
2.954
1.924
3.254
2.523
3.504
2.228
3.229
2.352
3.972
2.86
2.299
1.755
2.3
3.283
2.721
3.109
2.08
2.665
2.453
3.581
3.41
3.232
2.375
3.19
2.905
2.768
1.594
2.172
3.914
2.23
3.083
2.161
1.836
1.743
1.898
1.539
3.538
3.19
3.113
1.662
2.594
1.615
2.061
2.05
1.91
2.245
2.532
3.769
2.562
3.68
1.762
2.342
2.043
2.546
3.11
2.145
3.225
2.147
2.763
3.27
2.003
2.659
3.617
3.526
2.587
2.594
1.644
2.148
2.054
2.231
2.868
3.368
2.636
3.265
1.687
2.672
3.692
3.0
1.552
2.995
1.69
1.975
1.602
3.287
3.373
2.395
3.043
2.641
3.2
3.924
1.507
2.65
3.774
3.794
1.883
2.141
2.15
2.975
2.053
3.058
2.036
3.496
2.651
2.977
1.701
2.837
1.974
2.011
2.452
3.917
2.399
2.155
1.965
2.805
3.781
2.042
3.861
2.707
2.287
2.545
3.013
2.16
2.017
3.114
2.713
2.756
3.776
3.885
1.863
1.612
2.662
3.496
2.695
3.857
3.922
2.39
2.226
3.513
2.24
3.866
2.914
1.989
3.534
3.045
1.908
1.606
2.581
3.771
1.882
2.383
1.544
2.75
3.317
1.74
2.595
4.0
2.053
3.052
2.168
3.269
1.822
3.801
3.43
2.322
3.317
3.24
3.788
2.055
3.318
2.268
3.509
2.147
3.99
3.805
3.511
1.73
2.678
2.514
1.817
2.467
2.13
3.071
2.083
3.432
2.024
1.79
3.844
3.956
2.185
2.298
1.926
2.818
3.254
2.576
2.919
1.853
2.828
3.673
1.702
3.605
1.568
3.753
1.689
2.108
3.994
3.091
3.257
1.822
2.978
2.085
2.409
3.077
2.572
2.29
3.752
2.668
3.651
1.877
2.925
3.939
3.865
3.254
1.593
2.777
2.481
3.089
3.0
3.166
1.73
1.901
1.818
1.94
3.674
1.722
2.864
3.97
1.836
2.245
2.843
3.516
3.058
3.848
3.125
2.676
3.6
2.908
3.294
3.108
3.207
3.138
2.285
1.868
3.039
2.444
3.896
1.567
2.703
2.218
1.559
2.008
2.109
1.967
3.678
1.673
3.167
3.624
2.542
3.994
2.394
2.716
3.609
1.958
3.299
3.84
2.624
2.72
3.461
3.189
1.935
3.025
1.965
1.938
3.41
2.259
2.046
1.54
2.793
3.455
1.503
2.961
2.309
3.257
2.925
1.548
3.565
2.704
3.336
3.884
2.609
3.956
1.875
1.564
2.472
3.191
3.141
2.214
2.944
2.114
3.211
2.674
2.52
1.69
1.545
3.436
3.281
2.772
3.034
2.146
2.708
3.745
3.85
3.603
2.84
2.139
1.509
1.732
2.356
3.678
3.329
2.752
3.509
3.28
1.634
2.297
3.299
2.932
1.975
3.463
2.494
2.203
1.9
3.384
2.825
3.775
2.999
1.714
1.537
1.696
3.16
3.99
3.366
2.92
3.334
2.771
3.153
3.953
2.47
3.134
1.524
3.53
3.144
2.772
3.59
3.696
2.882
1.922
2.11
3.377
2.838
1.935
3.75
2.368
1.93
3.085
2.747
3.085
2.847
2.31
3.345
3.05
1.777
3.768
3.607
2.841
2.395
3.195
3.329
3.624
3.217
2.565
1.574
2.064
2.438
2.06
3.697
2.094
3.61
1.589
3.396
1.777
2.378
1.707
2.049
2.534
3.146
3.144
2.27
3.323
2.504
2.819
1.542
3.372
2.979
2.311
3.581
3.526
2.483
3.513
2.897
3.395
1.775
2.611
2.043
1.847
3.952
2.154
2.8
2.474
3.917
3.958
3.351
3.214
3.663
3.139
3.697
3.251
3.042
3.936
3.35
3.6
3.296
3.94
3.955
2.348
2.187
2.13
3.205
2.578
2.586
2.109
1.83
1.657
1.516
1.526
3.182
2.431
3.788
3.672
2.015
3.457
1.922
3.423
2.422
1.788
3.506
1.504
2.848
3.384
1.854
3.283
3.586
1.542
2.474
2.376
3.397
3.553
2.438
3.567
2.782
2.888
2.014
1.718
3.038
3.533
2.145
2.634
2.712
3.737
2.948
3.204
1.95
3.564
3.219
2.77
2.983
2.525
1.743
2.835
2.358
2.432
1.894
2.655
2.735
3.411
1.629
3.17
3.795
2.582
3.597
2.782
2.528
2.937
3.708
3.892
3.977
3.601
3.746
2.657
2.153
2.609
3.819
2.407
2.962
2.088
2.412
1.837
1.547
3.257
3.353
2.173
3.008
1.881
3.074
3.9
2.646
2.156
3.436
2.152
3.356
3.798
1.605
1.501
1.64
3.301
2.933
2.705
3.495
3.573
3.891
1.868
3.79
2.961
3.957
3.823
2.862
2.592
3.27
2.358
2.17
3.06
3.34
2.384
1.635
1.886
2.184
2.318
2.428
3.082
2.967
1.908
3.243
3.026
3.577
3.141
1.702
3.877
2.903
3.542
2.817
3.36
2.526
1.736
2.774
2.647
1.984
3.376
2.022
1.648
2.425
2.841
2.296
3.202
3.668
2.515
3.376
2.12
1.733
3.256
3.989
2.38
2.469
2.405
1.555
1.592
3.769
2.171
3.144
1.997
3.762
2.3
3.766
2.571
2.852
2.728
3.848
2.13
3.516
1.576
3.704
2.036
3.875
2.231
1.725
2.984
1.73
1.512
2.947
2.806
3.42
2.992
3.227
2.299
2.957
3.892
3.02
2.295
1.815
3.045
2.008
2.422
3.094
2.111
2.753
3.12
1.937
2.839
3.682
2.284
3.208
1.834
2.015
3.75
1.516
1.714
3.194
3.929
1.517
2.467
1.605
3.832
1.839
3.308
3.067
2.59
2.971
2.272
3.192
3.799
1.811
3.001
2.716
2.309
3.808
2.427
1.933
2.557
3.133
3.11
2.918
2.388
3.912
2.88
1.829
1.835
2.596
3.685
1.923
3.569
2.847
3.869
2.712
2.363
3.799
2.976
3.467
3.714
3.61
2.689
3.319
2.214
2.3
2.094
3.338
2.793
3.545
1.984
1.963
2.56
1.966
3.885
2.033
3.687
3.716
3.1
2.081
3.636
2.667
3.724
2.307
3.398
1.989
3.827
2.7
3.415
1.691
2.385
3.13
2.192
3.68
2.967
2.061
1.856
2.672
2.293
2.449
1.858
1.794
2.609
3.567
1.513
3.038
2.429
2.096
1.945
1.99
3.46
2.301
2.832
1.853
2.232
3.781
3.85
2.687
3.512
3.019
3.821
2.389
3.929
1.793
2.929
3.44
2.366
3.113
2.572
1.531
3.201
2.694
2.514
3.296
3.348
3.06
3.163
3.423
3.617
1.78
3.811
3.068
3.856
3.614
1.73
3.665
3.199
3.845
1.863
2.187
1.585
2.839
2.466
3.275
3.888
2.819
3.914
1.557
1.841
3.855
3.539
2.547
2.955
2.52
2.432
1.885
3.363
1.674
3.148
3.858
2.115
1.802
2.526
3.84
2.272
1.854
2.777
1.68
3.983
2.94
1.565
3.273
3.276
2.24
2.07
2.082
1.738
3.793
1.977
1.68
3.589
3.374
2.399
3.115
1.656
2.308
1.79
2.64
2.18
1.794
3.946
2.865
1.555
1.993
1.928
1.743
2.885
3.798
3.02
2.355
3.236
1.515
3.868
3.642
2.837
3.527
2.845
3.041
3.139
3.797
3.526
3.021
2.39
2.186
2.153
2.139
1.993
1.701
3.13
3.206
3.309
2.121
2.15
2.808
3.158
2.287
3.164
2.98
2.624
3.586
3.313
3.173
1.906
1.808
2.828
2.939
1.75
3.194
2.428
1.918
2.751
2.78
3.072
2.109
2.752
1.793
2.717
3.564
3.924
2.967
3.385
1.845
1.83
2.384
1.875
3.313
3.661
3.266
1.779
3.15
3.351
3.0
2.276
3.602
2.93
2.906
2.786
2.757
2.32
1.677
2.476
3.497
1.646
3.713
3.497
1.632
3.73
1.676
1.746
3.49
3.711
2.561
1.861
2.387
2.068
2.084
2.413
2.009
2.61
2.832
2.474
2.152
3.75
2.385
1.539
1.802
1.951
3.415
3.41
2.182
1.964
3.175
1.914
1.943
3.606
2.758
3.525
2.441
3.445
2.084
3.841
3.982
2.449
3.413
2.883
3.35
3.987
3.529
1.983
1.728
2.717
3.588
2.833
2.387
3.244
3.088
2.61
3.978
2.632
2.724
2.405
3.029
3.986
1.532
2.479
2.852
3.206
3.505
3.592
3.731
3.206
2.262
2.329
3.634
3.065
2.946
2.084
2.806
3.276
2.413
2.892
2.157
3.056
3.31
3.309
3.195
3.386
2.848
2.872
1.682
2.001
3.984
2.922
3.154
2.824
2.307
2.47
1.93
1.706
2.064
1.984
1.624
2.902
3.652
3.89
1.526
3.892
2.929
2.431
3.833
3.554
2.882
2.979
2.772
3.725
3.006
2.98
3.797
3.194
2.377
3.012
2.166
3.348
3.425
2.943
2.202
2.121
2.656
3.024
1.872
1.762
3.433
2.617
3.925
2.284
3.458
1.663
2.122
2.459
3.309
3.201
2.448
2.561
3.776
3.248
3.074
1.943
3.216
2.686
2.942
2.09
3.579
3.605
2.87
2.007
2.35
2.115
1.848
3.335
3.608
3.717
2.012
2.677
2.27
1.904
1.667
3.519
3.359
2.006
3.538
3.09
3.826
2.363
3.422
3.592
2.552
3.966
3.163
1.841
2.968
3.206
2.12
3.076
3.138
1.853
2.964
3.21
2.668
2.406
2.028
2.581
1.591
3.526
3.816
3.252
2.836
3.757
3.899
3.695
3.379
2.476
2.104
3.847
1.705
2.634
1.614
2.932
3.936
2.436
2.518
1.702
2.025
2.12
2.23
1.799
2.735
3.606
2.98
3.23
3.221
2.344
1.925
2.55
3.06
3.535
1.674
3.711
3.625
3.082
1.669
3.106
2.532
1.962
2.663
2.127
3.624
2.419
3.888
2.927
2.098
2.117
2.854
2.737
2.231
2.121
2.569
1.809
2.426
1.658
2.31
2.477
2.994
3.891
1.677
1.845
2.056
2.305
2.1
3.544
2.457
2.373
3.35
3.878
3.461
3.746
2.245
3.341
2.153
1.931
2.525
3.646
2.828
2.321
3.464
2.344
2.875
3.532
3.679
1.501
3.54
2.6
1.896
3.397
3.869
1.84
3.088
2.847
3.351
2.871
2.448
1.685
2.881
3.786
3.422
1.823
3.406
3.989
2.336
3.268
1.627
1.814
3.937
2.97
3.157
1.904
2.439
3.687
3.45
3.987
3.429
1.767
3.107
2.726
3.406
2.172
2.94
3.343
3.357
2.202
3.614
1.847
2.169
2.774
3.813
2.888
2.14
3.787
3.645
2.465
2.599
2.854
3.993
2.622
2.463
2.808
2.862
1.647
1.853
2.048
3.144
3.981
2.503
3.745
3.902
3.615
3.791
1.577
1.951
1.823
2.588
2.965
3.179
3.922
1.549
2.744
2.367
1.801
3.429
2.833
1.647
2.554
2.943
2.84
2.326
2.399
2.468
2.853
2.643
2.605
1.907
2.995
3.594
2.299
2.709
1.556
2.67
1.905
2.339
2.187
3.73
1.718
2.682
2.09
2.94
1.958
1.827
3.506
2.558
2.979
1.567
3.021
3.43
3.29
2.559
3.073
3.001
2.013
1.985
3.841
2.478
2.5
3.779
3.727
2.403
2.249
3.102
1.828
1.58
2.748
3.54
3.338
2.001
3.803
3.258
2.828
3.424
3.112
3.622
2.993
1.581
1.854
3.58
1.868
2.055
3.291
3.573
2.096
2.093
3.408
1.849
3.677
2.606
2.375
3.671
1.95
2.95
2.199
2.588
1.983
1.511
3.357
3.994
2.151
3.628
3.017
3.417
3.04
3.657
3.091
3.467
3.735
2.012
3.029
1.874
1.736
1.655
2.68
2.602
2.323
2.856
2.38
3.379
1.885
2.744
3.834
1.65
3.05
1.647
1.672
3.865
2.937
3.434
2.614
2.091
3.214
1.919
2.547
2.907
1.894
3.656
3.193
2.708
2.94
1.861
3.125
3.253
1.681
3.507
2.892
1.794
3.061
1.559
2.332
2.871
1.851
1.649
2.902
2.172
2.488
2.397
2.433
2.487
2.459
3.492
2.702
3.936
1.909
2.246
3.813
2.744
2.13
2.842
1.532
1.705
1.876
2.139
3.556
2.699
2.52
2.081
2.169
2.136
1.811
2.925
2.882
2.199
2.193
1.985
2.697
3.129
3.308
3.311
1.62
2.265
3.143
2.855
1.888
1.883
2.397
2.639
2.667
3.696
1.617
3.406
1.536
3.081
3.57
3.527
2.561
2.905
1.987
1.575
2.595
2.257
1.705
2.581
1.749
3.132
1.672
2.283
3.981
3.725
2.666
2.676
2.501
2.009
2.332
1.836
3.224
1.767
3.718
3.465
2.696
1.617
1.81
2.011
3.562
3.728
2.358
2.929
1.684
3.257
3.2
2.582
1.858
3.399
3.832
1.782
3.155
1.901
2.984
2.526
3.829
3.511
1.636
2.669
2.965
2.578
1.766
2.053
3.198
3.241
3.248
3.46
1.516
2.42
2.632
1.941
2.959
2.859
1.983
2.613
3.77
3.304
2.222
2.536
2.619
2.988
2.323
2.438
2.283
3.469
3.223
3.571
2.852
3.703
2.493
1.58
3.627
1.905
2.864
3.922
2.42
2.446
2.546
3.248
2.428
3.925
3.429
3.171
3.222
2.461
2.625
1.937
3.889
1.77
2.648
3.718
3.877
3.953
2.73
1.759
2.851
3.865
1.889
3.842
1.988
2.432
1.773
3.839
3.062
3.066
1.547
3.048
2.73
2.868
2.962
3.291
3.321
2.012
3.621
3.546
3.434
2.555
3.788
3.697
1.901
1.562
3.214
2.737
2.902
2.268
1.625
3.923
3.696
3.514
2.064
2.4
3.457
2.718
3.693
3.441
2.633
3.357
1.611
2.656
2.595
2.65
2.19
3.217
2.6
2.554
1.793
1.848
1.524
2.618
1.84
2.053
2.847
3.347
2.294
3.989
3.419
3.87
3.438
3.536
2.337
3.011
3.006
1.543
2.161
3.079
3.009
2.054
3.428
1.738
3.314
3.358
3.058
2.115
3.861
3.564
3.196
2.002
2.776
3.462
2.294
2.995
3.68
1.735
2.695
2.109
2.921
3.102
1.737
2.242
1.853
2.167
1.756
3.963
3.897
1.69
3.397
3.569
3.959
1.599
2.1
3.321
2.328
2.031
2.655
3.698
2.827
1.711
2.844
3.52
1.646
2.26
3.437
2.944
2.081
1.781
2.652
3.64
1.891
3.807
3.616
2.355
2.477
3.606
2.658
1.69
2.875
2.176
3.184
1.843
2.245
3.458
3.819
2.951
3.672
2.698
2.402
3.635
2.37
2.725
2.887
1.617
3.735
2.868
3.61
1.754
2.977
2.651
3.349
1.847
3.028
2.977
3.651
3.26
2.069
3.177
1.552
1.576
2.633
2.769
3.52
3.789
3.59
3.964
2.83
2.915
2.811
1.505
2.545
3.945
2.871
1.81
3.803
3.966
2.413
1.892
3.417
3.569
3.629
3.319
3.301
3.656
3.993
2.768
2.24
2.951
2.849
2.618
2.279
3.128
2.107
2.467
2.584
2.455
2.502
1.803
2.878
1.742
2.46
3.749
1.693
2.938
3.107
3.433
2.139
3.075
2.452
2.463
2.951
2.273
1.657
3.803
3.173
2.655
3.601
3.155
2.279
3.949
3.814
3.75
2.474
2.549
3.773
1.983
2.98
3.829
3.573
2.382
1.671
2.767
3.732
2.369
2.935
3.693
1.662
2.288
3.306
2.524
3.208
2.165
3.868
2.676
1.784
3.653
2.034
2.208
3.812
3.046
2.053
2.294
1.555
1.907
3.951
1.71
2.908
2.307
3.607
2.705
3.602
3.628
3.488
3.258
2.317
3.452
1.688
3.938
2.534
3.089
3.923
1.862
2.33
2.756
1.831
1.541
3.114
3.469
1.558
3.499
1.65
2.019
2.12
3.45
1.719
3.067
2.508
2.208
3.852
1.584
1.645
1.657
2.824
1.862
1.787
2.428
2.714
2.321
2.3
3.545
3.126
3.92
2.889
2.792
3.188
1.795
3.166
3.711
2.327
2.78
3.783
2.261
3.191
2.035
2.087
1.938
3.096
1.88
3.746
1.606
2.243
3.636
3.01
3.487
1.685
3.493
2.793
1.557
2.638
2.226
1.692
3.388
2.148
2.221
3.245
2.901
3.102
3.706
3.29
2.672
2.591
3.255
2.203
3.793
2.935
3.493
3.414
1.92
2.291
3.55
3.37
1.675
2.569
3.015
3.139
2.145
2.136
2.064
3.209
3.176
2.26
1.579
1.719
2.458
3.377
2.751
2.821
1.783
1.663
2.177
2.449
2.43
3.864
1.795
3.5
3.103
1.673
1.938
2.562
3.956
3.634
2.998
3.738
2.637
3.29
3.2
2.333
2.618
3.677
3.152
1.733
3.868
1.803
1.593
2.076
3.727
2.048
1.634
1.7
2.875
2.909
2.528
3.024
2.06
3.914
3.486
3.516
3.074
3.931
3.218
2.929
1.613
3.279
2.632
3.528
2.971
3.851
2.023
3.578
3.826
3.714
3.396
3.673
3.855
3.219
3.042
2.675
3.547
3.625
2.884
2.057
2.029
2.451
2.767
2.89
2.394
3.694
2.206
2.147
2.33
2.986
3.357
2.966
2.714
3.946
2.217
3.877
2.138
3.053
2.034
1.756
1.71
3.297
3.664
3.728
1.517
1.558
1.557
2.232
2.602
1.675
2.543
3.885
3.503
3.791
2.206
2.709
3.478
3.902
3.714
1.912
1.861
2.982
1.642
1.704
3.411
2.994
2.39
3.581
1.578
3.523
2.823
3.385
3.006
3.814
3.412
2.086
2.71
3.372
1.933
3.11
2.058
3.467
2.91
1.586
2.554
2.323
3.673
2.789
3.415
3.661
2.229
2.097
3.43
2.965
3.866
3.688
3.399
2.161
3.761
2.931
2.998
1.731
2.064
2.461
2.218
2.078
3.107
3.631
1.99
1.645
2.097
2.065
2.554
3.179
2.229
1.936
2.54
1.602
3.286
3.886
2.44
2.813
2.447
3.529
2.878
2.989
1.982
2.614
3.858
1.652
1.7
1.52
1.824
3.311
3.707
1.63
3.627
2.295
1.992
3.4
3.391
2.04
3.327
3.083
1.881
3.334
1.802
3.188
2.172
1.979
2.79
3.711
3.405
3.895
1.885
1.817
2.652
2.161
2.331
2.059
1.672
2.61
3.44
2.557
2.342
3.304
3.411
1.669
2.293
2.861
3.963
3.76
2.149
3.672
1.574
3.306
3.038
3.571
2.603
3.069
1.511
2.464
2.073
2.35
1.961
3.64
3.538
2.678
2.103
3.768
1.723
3.912
3.793
3.019
2.215
1.959
2.942
1.67
1.744
1.924
1.7
1.656
2.22
3.77
1.635
3.071
2.31
3.354
3.689
3.479
2.447
2.52
3.38
2.865
2.067
3.693
3.023
1.624
2.473
2.517
3.907
2.694
3.369
3.446
3.478
2.671
3.106
2.566
1.759
3.155
3.866
3.667
2.785
2.358
3.35
2.08
3.727
2.78
3.197
3.662
3.23
3.065
3.198
2.457
1.57
3.3
1.735
1.847
2.184
3.487
2.327
3.696
3.761
2.494
3.649
2.961
3.967
3.241
3.197
3.213
2.321
2.705
1.759
3.647
1.695
1.799
2.188
3.438
3.552
2.724
2.491
2.86
2.087
1.878
2.2
3.619
3.074
2.903
3.272
1.5
3.051
3.736
3.533
3.398
1.732
2.036
3.495
3.544
1.709
2.797
3.895
1.944
2.601
1.889
2.886
1.845
2.563
3.088
2.862
3.564
3.475
3.949
3.243
1.867
3.025
2.799
3.094
1.667
3.759
2.692
1.618
3.045
3.579
3.839
1.517
3.627
3.322
1.554
3.447
1.547
2.757
1.874
3.371
1.932
2.627
3.934
3.944
3.221
2.211
3.726
1.706
2.382
1.66
2.547
3.274
3.725
3.739
1.801
2.217
2.773
2.758
2.502
2.455
2.124
3.758
3.515
3.667
3.036
1.858
3.311
1.755
2.967
3.832
2.393
1.706
3.323
3.567
3.522
2.055
2.003
3.257
1.675
3.145
3.048
3.149
2.465
1.943
3.63
3.387
3.7
1.743
2.768
2.795
1.855
3.881
1.777
3.014
3.198
2.602
2.566
2.402
2.477
3.217
2.951
1.735
2.044
3.658
2.114
3.876
3.233
2.724
2.834
3.551
2.613
2.633
3.257
2.469
2.889
2.593
2.265
2.464
3.424
3.513
2.317
3.913
1.96
2.253
1.817
1.86
3.771
3.538
1.987
2.693
1.529
3.087
2.777
2.957
3.984
3.017
1.92
1.58
1.779
3.672
1.72
2.131
1.622
3.424
3.719
3.325
1.983
3.428
2.906
3.213
3.722
1.626
3.399
2.205
2.417
2.098
3.453
3.064
3.641
1.902
3.053
1.941
2.421
2.356
1.762
3.635
2.521
2.036
3.828
2.655
3.798
2.743
2.082
1.664
2.884
1.533
1.519
3.659
2.231
2.902
3.071
1.981
3.94
2.991
2.842
1.68
2.354
2.005
2.337
3.021
2.509
3.196
1.793
1.661
1.693
2.541
3.872
1.68
2.768
3.88
1.55
2.822
3.538
2.42
3.927
3.103
2.841
3.591
2.893
3.627
3.612
2.85
1.903
3.168
2.041
3.124
1.609
3.918
2.758
3.337
2.693
2.903
2.189
2.486
1.953
3.028
3.868
2.906
1.778
3.048
2.158
3.361
2.315
2.545
1.893
2.098
1.597
2.873
3.234
3.185
3.092
3.46
1.756
3.844
3.628
2.875
2.695
1.637
2.29
1.585
1.755
2.775
1.946
2.952
2.514
2.165
2.526
1.687
2.864
3.949
1.739
1.73
2.146
1.845
3.888
2.655
1.503
2.652
2.402
3.086
2.344
3.692
3.743
3.176
1.756
1.81
2.175
1.597
3.099
3.946
3.109
3.185
1.824
3.573
3.749
3.243
2.896
3.409
3.824
3.866
3.967
2.269
1.597
2.293
1.997
2.99
3.28
2.443
1.753
2.417
1.589
1.976
1.604
2.065
2.631
3.421
2.968
1.913
3.086
2.196
3.363
3.198
3.644
3.797
3.536
3.345
2.978
3.777
3.822
3.225
2.068
2.778
3.079
2.187
2.307
2.643
3.371
3.303
2.46
3.794
2.05
2.403
2.746
3.656
2.183
2.981
3.313
2.74
2.319
3.918
2.175
3.705
1.574
2.944
3.073
2.753
2.057
3.391
2.117
3.921
3.47
1.66
3.603
2.584
3.22
3.685
2.332
3.812
2.145
3.818
2.215
2.418
3.75
1.952
2.843
2.747
2.149
1.518
2.053
2.142
2.558
1.946
1.701
2.702
3.651
2.419
3.166
2.109
2.482
2.905
3.826
3.844
1.57
2.743
2.604
3.037
3.342
3.089
2.397
3.402
3.804
2.331
3.094
2.193
2.778
3.593
1.604
3.163
3.866
3.506
2.926
2.241
3.666
3.029
2.951
2.564
2.391
3.575
1.991
1.503
2.131
3.998
2.852
2.137
1.598
2.301
3.021
1.954
2.588
3.976
1.837
1.771
2.533
1.585
3.303
3.082
1.647
2.611
3.614
2.963
2.133
3.351
2.174
1.759
3.119
2.963
3.67
3.195
1.554
1.621
2.734
3.425
2.029
3.693
3.474
3.919
1.53
1.912
3.154
1.85
2.712
2.339
3.09
3.041
2.94
3.985
2.339
2.355
2.524
3.609
2.614
2.299
2.087
3.236
3.455
2.706
2.931
1.751
3.548
3.651
2.236
3.628
2.09
2.483
2.187
2.881
3.525
1.561
2.682
2.764
2.331
1.616
2.519
3.808
1.593
2.624
2.965
2.411
3.395
1.951
1.59
2.431
1.998
3.747
3.544
3.702
2.135
3.795
2.417
1.655
3.686
3.105
2.028
3.456
1.853
2.155
3.124
1.66
3.991
2.386
2.059
2.002
2.588
3.729
1.585
3.75
3.762
3.245
3.239
1.684
1.696
3.908
1.943
3.511
2.84
3.939
3.557
3.245
3.282
3.953
3.974
3.134
2.709
2.352
2.573
2.36
3.987
2.75
3.079
3.122
3.019
3.46
1.579
1.957
1.577
2.683
3.232
2.322
3.7
1.689
3.218
3.615
3.005
1.51
2.425
2.238
3.298
2.362
3.697
3.556
3.337
3.716
2.235
3.766
2.485
3.731
3.262
2.512
3.054
1.753
2.586
2.472
3.919
2.824
3.896
3.995
3.854
2.725
1.649
2.834
3.924
3.928
2.84
1.684
3.424
3.757
3.556
2.014
2.744
2.249
2.458
3.8
2.159
1.578
2.622
2.548
1.847
3.501
1.783
2.375
3.563
2.788
3.365
2.454
3.912
3.237
1.777
2.774
2.583
1.771
3.841
3.273
1.719
2.819
2.478
2.581
2.467
3.789
2.541
2.481
3.041
1.805
3.603
3.592
1.75
2.53
2.287
2.666
2.344
1.615
1.702
2.141
2.93
2.287
3.118
2.692
2.193
2.224
2.391
1.807
3.512
3.242
1.513
3.35
1.695
3.996
3.633
3.707
3.486
3.147
3.759
1.654
2.996
3.696
3.951
3.926
3.344
3.655
1.861
3.627
3.815
2.62
1.564
3.988
3.518
2.382
3.412
3.589
2.904
3.124
2.457
2.018
3.276
2.075
3.197
3.17
3.802
3.126
3.811
3.198
3.003
3.275
1.739
3.706
3.486
3.507
3.954
3.363
2.851
1.55
2.17
2.009
2.767
2.231
2.882
2.122
3.321
1.749
2.485
3.754
2.421
2.04
3.895
3.227
3.4
2.385
2.771
2.079
2.192
3.97
2.352
2.754
2.016
3.411
2.096
1.955
1.909
2.574
1.905
3.885
3.474
2.734
3.054
3.5
2.96
1.822
1.526
3.997
3.822
3.52
2.716
3.63
1.521
2.654
2.405
3.767
2.969
2.403
1.823
2.329
1.735
1.67
3.845
2.425
2.829
3.141
2.864
2.87
3.891
2.694
2.39
2.409
3.031
3.047
2.354
3.247
2.347
3.314
2.265
2.07
1.809
2.795
1.704
2.909
1.792
3.548
1.701
1.538
1.592
2.743
3.899
2.703
3.293
2.159
2.417
2.386
3.516
1.848
2.391
2.357
3.41
1.93
2.851
1.881
1.59
2.84
2.001
3.837
1.537
3.752
2.227
3.231
1.838
3.522
2.697
1.704
3.972
3.555
1.935
1.99
2.625
1.883
2.89
3.161
2.858
1.611
2.22
3.261
2.905
3.221
1.69
1.924
3.583
2.084
1.623
2.801
3.865
2.772
2.653
1.502
3.261
1.97
2.743
2.281
3.009
2.994
3.874
2.678
2.631
2.258
3.473
2.093
3.141
3.162
3.297
2.374
3.081
2.782
3.902
3.259
3.028
3.685
1.715
3.352
3.665
2.83
3.161
3.848
1.574
2.938
3.665
2.725
2.888
2.946
2.943
3.562
3.432
2.046
2.883
1.784
1.963
2.163
2.159
3.916
3.878
2.508
2.526
2.253
2.017
3.556
2.139
3.914
2.027
3.654
1.547
1.505
3.247
2.309
2.554
2.559
3.931
1.969
3.276
2.964
1.618
2.226
3.375
3.983
1.641
3.166
2.349
3.7
2.1
2.782
3.9
3.568
1.538
3.346
1.666
1.552
1.84
2.71
2.827
3.216
2.6
2.704
2.998
3.213
1.806
3.103
2.166
3.646
2.967
3.448
1.828
2.15
3.669
3.949
3.876
1.933
1.576
3.83
2.014
3.925
2.884
1.642
3.799
3.459
2.165
3.852
3.092
3.06
1.904
3.029
2.621
2.555
2.748
3.154
1.544
2.728
3.729
3.383
3.443
2.323
3.613
3.212
3.782
1.869
1.739
2.338
3.272
2.688
2.078
3.308
1.983
3.794
3.806
2.673
3.137
3.011
2.617
3.181
2.252
3.318
2.295
2.522
2.988
1.701
3.931
2.198
3.988
2.659
2.12
3.243
3.079
3.406
1.829
2.574
3.02
2.282
2.563
3.283
2.824
1.511
1.688
2.88
3.978
2.907
3.956
3.807
1.652
3.086
3.971
3.5
1.894
2.525
1.942
1.799
1.889
1.772
2.218
2.827
2.39
2.038
2.41
1.936
2.454
3.45
2.093
2.076
3.514
3.816
3.843
2.128
3.711
3.981
3.352
2.296
1.878
1.649
2.925
2.281
1.638
1.638
3.733
3.393
3.364
2.674
1.846
3.211
2.227
3.635
3.42
2.401
1.798
1.5
2.553
Error de lectura!!!
2.601
3.179
2.445
1.633
1.806
2.112
2.945
3.382
1.694
2.192
3.854
3.538
3.324
1.998
3.919
1.82
1.55
2.117
3.556
2.318
3.69
2.654
2.117
3.801
1.72
1.851
2.506
2.969
2.051
2.264
1.542
3.986
3.307
3.65
2.08
3.228
3.071
1.721
2.298
1.928
1.962
1.507
2.617
1.533
2.25
2.567
2.797
2.277
3.242
3.811
2.037
1.871
3.866
3.826
2.545
2.656
2.723
3.387
3.306
2.564
1.64
3.341
1.9
1.955
3.408
1.557
2.004
3.559
2.655
2.449
1.838
1.959
3.311
1.983
2.438
2.469
2.481
2.16
2.702
1.889
2.54
2.943
2.968
2.777
2.634
3.21
2.527
2.659
3.48
1.975
3.671
2.656
3.495
3.919
3.048
1.626
3.585
1.73
2.634
2.655
2.987
2.124
3.241
1.84
3.321
3.323
2.148
1.953
1.959
1.522
3.127
2.273
2.098
2.667
2.473
3.178
1.534
3.058
3.316
3.294
3.102
2.004
2.565
1.641
3.641
2.301
2.242
3.146
3.918
3.751
2.536
1.596
3.665
2.373
1.5
2.996
3.188
1.691
2.674
2.432
3.601
3.933
2.162
3.475
2.503
3.602
1.597
2.959
1.915
2.603
2.643
1.659
2.316
2.993
3.222
1.939
2.328
2.659
1.928
2.244
1.975
2.243
2.453
3.528
3.732
3.283
2.125
2.427
2.667
1.781
2.847
3.095
1.997
3.302
3.192
3.563
1.573
3.342
1.699
3.15
3.8
1.842
2.262
3.391
1.742
1.553
1.586
3.87
2.325
1.7
3.88
3.913
1.822
3.121
3.904
3.085
2.523
3.387
2.691
3.198
3.607
3.6
3.858
3.006
3.251
2.774
3.023
3.754
1.619
3.582
2.178
2.513
1.71
2.704
2.5
2.045
2.22
2.983
2.345
2.72
1.652
2.579
2.614
1.638
2.568
3.547
1.52
2.874
1.94
2.407
1.952
3.54
2.865
2.59
3.756
1.617
2.929
2.805
1.837
3.197
2.449
3.747
3.194
2.142
3.466
2.78
2.053
2.077
3.768
3.058
3.725
3.123
1.528
3.16
2.871
1.579
3.368
3.314
3.112
3.725
2.423
3.439
1.936
2.722
2.829
3.887
1.939
2.801
2.02
3.817
3.698
2.796
3.694
3.828
2.888
2.01
1.664
2.001
1.533
2.589
3.745
2.27
2.536
2.143
2.042
2.854
3.215
3.47
2.107
3.574
3.356
2.412
2.153
2.441
3.79
2.815
2.062
1.531
3.693
2.807
2.024
1.863
3.717
2.188
3.337
2.282
3.021
3.275
3.829
3.505
3.764
1.683
2.722
2.25
3.444
3.006
3.473
3.746
3.535
3.298
2.027
3.028
3.322
2.243
3.651
2.341
2.085
2.411
1.544
3.727
1.962
2.236
3.693
2.961
2.646
1.768
3.727
1.511
3.924
3.455
2.088
1.801
3.243
3.921
3.826
1.632
1.968
2.729
3.855
3.823
2.114
2.275
2.449
2.603
2.892
3.493
3.296
2.062
3.297
3.802
3.884
1.951
2.368
3.385
1.851
1.807
1.671
3.347
3.759
3.883
2.838
3.433
3.748
3.883
3.55
2.413
1.755
1.965
50.78
3.95
2.362
3.003
3.666
2.783
3.93
2.978
2.471
3.854
2.801
2.483
1.553
2.324
2.434
3.417
1.78
2.169
2.286
2.775
3.913
2.318
2.941
2.905
3.145
2.402
1.923
3.347
1.936
3.002
1.944
3.442
1.521
2.848
3.863
3.404
3.113
1.988
3.037
2.796
3.093
1.735
2.752
1.942
2.222
3.567
2.801
2.178
2.546
2.123
3.331
2.741
2.34
2.994
2.829
2.924
3.592
2.107
1.953
3.503
1.526
2.118
1.738
2.064
2.983
3.803
2.891
3.894
2.888
2.106
2.155
2.417
1.758
1.862
3.036
2.117
3.292
1.692
3.976
2.504
3.034
3.04
2.202
1.717
1.512
2.361
3.277
3.653
3.981
2.488
2.471
3.475
3.165
1.562
1.527
3.629
1.652
2.293
3.276
3.68
2.263
3.531
2.456
2.315
3.887
2.524
3.394
2.474
2.066
1.626
3.81
2.662
3.111
3.302
1.845
2.926
3.261
3.794
3.502
2.274
3.603
1.755
2.827
3.256
1.982
2.779
2.736
3.07
1.781
2.199
1.825
2.113
3.119
3.788
2.605
3.138
3.301
3.167
2.373
1.525
1.692
2.788
1.755
2.689
1.514
2.917
3.592
3.844
3.28
2.583
2.022
2.686
2.569
3.228
1.845
2.247
2.515
2.836
3.149
3.363
2.48
2.904
1.884
2.955
3.231
2.194
3.283
3.715
2.086
3.555
3.133
3.787
2.215
2.076
2.251
3.198
2.271
3.322
2.581
2.033
2.448
2.726
1.53
1.764
2.88
3.302
2.129
2.043
3.7
3.71
2.738
2.822
3.465
2.156
1.868
1.758
3.084
3.857
3.747
1.638
3.26
3.038
3.79
3.532
3.299
3.277
3.475
2.408
2.558
3.212
3.532
2.228
3.999
2.359
3.416
2.334
2.319
3.229
2.881
2.773
3.189
1.51
1.951
3.003
2.603
2.587
2.66
2.628
3.605
2.841
2.074
3.597
3.849
2.375
1.636
1.901
2.242
3.881
1.505
3.431
3.987
3.953
2.845
1.968
3.247
2.84
2.634
3.9
2.035
2.04
2.359
3.48
2.88
2.335
2.816
2.572
3.742
2.438
3.088
3.605
3.195
3.006
3.461
3.51
3.894
2.522
2.435
3.152
2.448
1.947
3.948
2.879
2.455
1.521
3.611
2.131
3.76
3.556
3.468
3.221
3.066
2.969
2.112
2.476
3.239
3.516
2.379
1.895
2.405
2.537
2.123
3.383
1.659
3.902
3.404
1.872
2.287
2.858
3.808
3.609
2.662
3.442
2.786
3.34
2.868
3.172
1.606
3.277
3.37
3.799
2.698
3.27
3.561
1.597
1.683
3.497
3.711
3.035
3.386
2.58
2.606
1.675
3.533
1.909
2.607
3.328
2.172
2.528
3.245
2.465
2.427
2.813
3.372
2.903
1.613
3.665
3.985
2.05
2.655
2.489
2.546
2.742
3.572
2.922
3.148
2.642
1.821
2.256
1.741
3.711
3.596
2.801
1.52
3.239
3.232
3.881
3.257
2.668
3.427
3.488
2.24
3.966
1.883
2.972
2.403
2.197
2.066
2.918
1.657
3.837
1.767
1.997
2.188
2.534
3.19
2.84
3.65
3.327
2.824
1.713
3.325
3.322
2.131
3.192
2.787
3.78
2.666
2.505
2.262
2.112
2.199
3.248
3.629
2.01
1.612
3.284
1.814
2.505
3.153
2.442
2.154
1.59
3.391
1.997
3.721
1.859
2.616
2.679
2.353
3.104
3.104
3.33
2.287
2.297
3.664
2.171
2.756
3.96
3.724
3.733
1.704
3.576
2.131
2.892
2.014
3.565
1.512
2.968
2.573
3.565
2.39
3.536
2.454
3.306
3.304
2.082
3.882
1.815
3.129
2.886
3.374
2.073
3.271
1.757
3.869
1.716
2.694
3.088
2.919
1.683
3.123
2.097
3.938
2.591
2.601
2.648
1.691
3.886
2.224
3.644
2.188
3.615
2.122
3.847
2.911
2.535
1.919
2.906
1.817
1.865
3.051
2.918
1.817
3.629
3.021
2.138
2.283
2.404
2.134
2.864
2.322
3.888
3.067
1.525
2.321
3.813
3.138
2.781
2.814
2.555
2.304
3.407
3.381
2.408
1.584
3.717
1.585
3.355
2.935
3.764
2.691
2.712
1.715
2.545
1.946
3.277
2.708
3.436
1.521
3.212
3.387
2.682
2.026
3.905
2.376
2.658
2.758
2.199
3.62
2.339
2.22
3.855
1.929
2.389
3.544
2.278
3.056
3.723
1.924
2.45
1.722
2.454
1.945
3.2
2.516
3.859
3.312
2.972
2.287
2.28
2.988
2.609
1.73
2.792
1.516
1.603
3.577
2.439
2.785
2.123
2.936
2.998
2.212
1.72
3.383
3.844
2.278
3.519
1.538
3.396
2.518
2.02
1.895
3.737
2.176
1.793
2.33
1.612
1.804
1.723
2.32
1.8
1.779
1.562
2.843
3.521
1.874
2.829
3.908
3.842
1.702
2.905
2.672
3.721
3.63
2.438
3.461
1.774
2.241
3.19
3.954
2.692
3.901
3.34
2.079
2.49
2.488
3.783
3.714
1.83
3.222
3.148
3.424
3.651
2.275
2.435
1.871
2.174
1.591
3.828
1.991
2.162
2.856
1.851
3.497
1.604
3.081
3.127
2.66
2.687
3.502
3.912
3.434
3.554
3.243
2.355
3.09
2.723
2.286
3.307
2.688
2.613
2.372
1.837
3.452
2.432
3.826
3.817
2.289
1.971
2.163
3.295
2.071
2.177
2.65
3.404
1.664
3.653
2.562
2.855
3.413
2.937
2.769
1.933
1.896
2.529
3.301
3.774
2.99
3.942
3.478
3.456
2.884
1.649
2.837
1.881
2.289
3.563
2.587
2.066
3.006
3.923
3.511
2.817
1.606
3.172
3.267
3.308
3.611
2.291
3.694
2.433
1.588
2.353
2.179
2.439
3.802
3.039
2.505
2.825
1.983
3.187
1.718
1.92
2.65
2.836
2.581
3.014
2.63
2.335
2.539
2.829
2.919
3.851
2.053
3.328
2.086
3.117
3.751
3.423
2.025
2.823
2.437
3.622
3.121
1.811
2.941
1.656
2.209
2.166
2.943
3.252
3.566
2.693
3.753
2.677
2.53
3.271
2.938
1.635
3.05
3.922
3.845
2.464
3.578
1.671
1.949
1.565
3.315
2.242
3.004
2.949
2.56
1.51
2.498
3.442
3.369
3.657
3.975
1.745
3.843
1.708
3.425
2.574
3.458
3.278
2.636
2.59
2.84
3.333
3.829
3.202
3.239
1.712
2.022
1.987
2.153
2.281
3.658
2.115
1.651
2.889
2.076
3.966
1.939
3.791
2.072
3.991
1.994
2.982
2.112
2.144
2.754
1.972
2.548
2.492
1.657
3.772
2.817
2.051
3.115
3.314
3.771
3.853
1.629
3.194
3.626
1.598
2.676
2.785
2.206
2.179
3.721
1.683
3.186
2.038
1.672
1.686
2.803
3.448
3.925
2.929
2.571
2.004
3.885
2.623
3.04
1.657
3.796
2.801
2.013
2.71
3.833
2.011
3.801
2.416
2.114
3.442
3.219
3.235
3.578
3.471
3.403
3.83
1.772
2.842
2.126
2.462
3.748
3.477
2.14
1.594
2.935
3.814
1.624
3.414
1.712
3.806
1.512
3.699
2.23
2.283
2.893
2.619
2.952
2.141
3.975
3.056
2.829
2.777
2.941
3.144
2.241
3.754
2.245
3.427
1.893
3.878
3.443
3.866
2.275
1.513
3.687
3.714
2.566
1.524
1.983
2.996
3.918
3.668
3.722
2.946
3.216
1.781
2.748
3.249
1.637
1.893
1.529
3.405
3.79
1.784
2.097
3.251
2.996
3.398
2.47
3.742
1.95
3.608
3.57
3.857
3.605
2.925
3.59
3.773
3.996
2.266
1.885
2.794
2.735
3.458
1.658
2.174
1.773
1.571
2.354
3.388
2.491
2.291
2.078
2.607
3.395
3.795
3.558
3.801
3.193
3.544
3.284
2.847
2.349
3.687
2.023
1.815
2.753
2.736
3.12
2.253
2.208
2.058
2.484
3.737
1.631
1.551
2.128
1.526
2.363
2.364
2.888
3.603
3.587
2.651
3.823
3.717
2.58
2.445
2.326
1.546
2.138
3.144
3.188
1.618
2.582
1.88
2.618
1.767
2.105
2.979
2.975
3.116
1.673
1.706
3.607
3.63
3.417
2.317
2.889
2.889
3.434
2.47
3.81
3.4
1.873
1.658
2.434
3.029
2.502
2.416
2.579
3.632
3.535
2.118
1.518
3.735
1.968
2.606
3.262
3.397
1.823
2.512
2.036
2.37
3.588
2.043
2.751
3.022
2.147
1.849
3.56
2.795
1.916
3.011
1.714
3.84
3.993
2.484
2.235
3.501
3.11
1.618
2.745
3.908
1.646
3.989
2.571
1.924
2.194
2.856
2.843
2.101
3.503
2.421
2.2
2.164
1.678
3.893
3.909
2.502
3.51
2.833
2.057
2.697
2.657
3.751
3.544
2.813
2.465
1.727
3.079
3.643
1.666
3.699
2.969
3.041
3.499
3.558
3.34
2.453
2.836
2.25
2.445
3.422
3.719
2.353
1.559
3.794
3.706
2.681
3.872
2.844
3.044
3.929
3.636
2.503
3.193
2.73
3.89
3.424
3.484
1.57
1.753
3.315
1.53
3.741
2.643
3.851
3.963
3.572
2.35
3.35
1.799
3.196
1.52
3.274
1.902
2.415
2.453
3.668
2.504
2.167
3.357
2.433
1.729
2.181
1.97
3.966
1.815
2.644
3.184
3.4
1.589
3.631
1.77
1.979
3.349
1.779
1.974
2.924
1.598
2.702
3.428
2.584
1.697
1.849
2.775
3.625
2.821
3.267
2.457
1.518
2.13
3.197
2.84
3.731
3.112
1.608
1.76
1.684
2.84
3.532
3.489
2.756
3.124
3.588
2.97
2.393
2.242
3.529
1.598
2.534
3.075
2.358
1.65
1.925
2.022
3.254
2.472
2.481
3.688
2.103
2.433
3.256
3.453
3.256
1.918
3.691
3.89
2.109
3.039
3.204
3.683
1.812
2.258
2.685
2.083
2.936
3.208
2.203
1.601
2.35
2.191
3.362
2.553
1.685
3.873
2.45
2.824
2.57
3.58
2.892
3.59
3.103
1.722
3.182
3.918
2.546
3.426
3.091
3.232
3.279
2.438
2.363
2.848
2.051
3.4
3.541
1.784
3.722
3.161
2.444
1.947
1.79
2.426
1.851
1.679
3.674
2.659
1.825
2.032
3.613
2.953
3.579
2.504
3.498
2.109
2.335
2.489
3.485
2.095
2.902
2.824
2.151
1.513
1.794
3.697
2.265
2.788
1.55
3.543
1.791
3.695
3.677
1.7
3.331
1.98
3.157
3.608
3.487
2.309
2.729
3.244
1.793
3.159
2.324
3.861
3.777
1.725
2.128
2.0
3.627
2.44
2.12
2.593
1.579
3.809
2.238
2.822
Error de lectura!!!
1.744
3.426
3.366
3.311
1.676
2.345
3.737
3.5
2.616
3.459
1.801
2.943
3.666
2.882
2.326
3.931
2.363
1.992
3.682
2.732
3.786
3.294
2.965
2.858
3.948
3.994
2.021
2.897
2.214
2.09
2.95
3.981
3.912
1.756
2.922
2.991
3.275
3.372
3.182
2.703
3.338
3.438
3.257
3.767
2.043
2.224
2.028
3.934
2.473
1.685
2.325
2.725
2.186
1.746
2.407
2.754
3.04
2.374
2.736
2.535
2.218
1.523
2.082
3.241
2.361
2.034
2.505
2.279
1.533
3.908
3.629
3.498
3.209
3.886
2.186
2.568
2.848
3.127
3.724
2.253
3.952
2.32
3.623
2.982
2.971
3.936
3.864
2.91
2.981
2.554
3.541
3.471
2.065
2.445
3.146
2.545
3.415
3.283
1.737
3.055
1.715
2.206
3.857
2.502
3.536
2.547
2.339
2.827
2.744
3.997
2.334
2.708
1.788
3.658
2.251
3.274
3.503
3.072
2.63
3.776
2.152
2.205
2.893
3.54
3.524
2.258
2.306
3.184
1.902
2.359
3.362
3.366
3.067
1.826
2.503
2.668
2.232
2.22
2.157
2.945
3.647
2.949
2.681
2.962
2.929
2.746
3.832
3.24
3.749
3.536
2.777
1.615
3.863
2.882
2.094
3.114
2.537
3.951
2.126
3.088
3.149
1.76
3.428
3.423
3.999
2.537
2.641
1.57
2.609
3.772
2.032
1.601
2.182
3.469
1.944
3.58
3.332
2.022
1.852
1.697
3.936
3.756
3.766
2.699
3.369
2.994
2.954
3.372
1.705
2.958
2.565
3.006
1.885
1.849
3.761
2.479
3.213
1.915
2.109
3.728
2.797
3.409
2.647
3.894
2.758
3.931
3.925
3.352
3.286
2.181
3.162
3.09
2.872
3.496
2.926
2.341
3.84
3.897
1.642
1.608
2.524
2.971
2.617
1.56
2.616
2.362
2.339
2.961
2.052
1.902
1.618
2.027
1.564
1.837
3.052
2.318
1.669
2.927
1.609
1.878
2.474
2.698
3.087
3.05
2.872
2.797
2.704
2.727
2.589
2.185
3.913
3.786
1.691
2.559
3.88
1.81
3.999
2.555
1.982
2.323
2.901
1.919
3.297
2.322
2.869
3.576
3.988
3.307
3.046
3.51
2.648
1.538
2.346
1.995
2.909
1.69
3.616
3.214
1.501
3.711
1.824
2.058
1.847
3.933
3.268
2.5
2.027
2.642
1.635
2.071
1.542
2.867
3.631
1.928
2.347
2.408
1.646
3.831
3.761
1.964
3.361
3.541
3.129
3.193
3.205
3.589
2.449
2.59
3.719
1.921
2.488
2.786
1.557
2.04
2.446
2.55
3.117
2.961
3.713
3.993
2.037
3.313
2.409
2.033
1.854
1.935
3.968
1.655
3.657
3.916
3.162
3.782
1.952
2.504
1.644
2.005
3.144
3.523
1.993
2.751
2.712
3.16
3.137
2.995
2.63
3.075
2.623
2.211
1.844
3.247
1.804
2.038
1.924
2.479
2.378
3.626
2.103
3.655
1.535
2.13
3.178
3.581
3.084
1.802
3.481
3.662
2.062
2.492
3.159
2.084
3.222
3.05
1.774
1.698
1.677
2.236
3.726
2.638
2.947
3.73
3.327
3.514
3.231
3.314
3.465
1.633
3.081
2.809
3.566
2.679
2.121
3.73
1.866
3.499
2.228
3.444
3.443
2.128
2.194
3.055
2.197
3.142
3.183
2.86
2.403
2.423
3.367
3.009
1.738
1.687
2.986
3.211
1.611
3.414
2.715
3.207
3.966
2.346
2.394
2.325
3.563
2.82
2.643
3.363
3.408
3.089
3.535
1.636
1.529
3.765
1.688
2.183
3.166
2.978
3.291
2.642
2.512
2.12
3.209
2.831
3.677
1.648
3.659
2.872
2.928
2.583
1.633
2.613
3.658
2.7
2.647
2.173
2.307
3.298
1.765
3.389
1.69
2.187
3.679
3.248
1.731
1.627
2.223
1.958
3.692
1.773
1.855
3.839
3.306
2.578
3.844
3.868
1.615
3.787
2.137
2.777
3.491
2.047
1.912
2.367
1.777
3.007
1.996
2.205
3.906
3.772
2.101
3.469
3.076
1.765
3.058
3.274
2.065
3.047
3.012
1.68
1.673
3.213
2.937
3.755
3.179
3.005
2.86
3.932
2.496
3.238
1.747
2.897
3.005
1.871
2.772
3.58
3.982
3.534
3.133
1.598
2.737
3.292
3.564
2.727
3.608
1.603
1.761
2.793
3.258
3.295
3.473
2.128
2.65
3.005
2.106
2.571
2.75
1.65
2.543
3.336
2.462
3.868
2.171
3.972
3.796
3.216
1.776
1.656
3.33
3.256
3.464
2.268
3.372
1.88
3.056
1.729
2.668
3.257
3.076
1.922
2.627
2.568
2.421
2.633
2.12
2.196
3.169
3.257
3.286
1.59
3.055
3.858
2.501
3.947
3.28
2.725
2.914
2.223
2.829
3.292
1.566
2.902
2.594
2.425
2.494
2.402
2.604
1.675
2.029
2.119
2.712
3.913
3.476
3.552
3.837
2.182
2.057
1.669
1.578
3.168
1.886
3.874
3.782
3.717
1.814
2.498
2.061
3.007
2.198
2.83
3.254
1.535
3.282
2.319
2.664
3.766
3.228
2.562
3.325
2.598
3.793
2.615
3.991
1.981
3.457
2.005
2.825
3.398
1.716
1.867
3.61
2.363
1.711
2.198
3.125
1.793
3.383
3.58
3.417
2.557
3.497
3.319
2.683
3.535
2.116
1.856
3.773
2.782
3.56
2.619
1.624
2.83
2.838
3.612
3.811
3.464
3.76
1.647
2.483
2.317
1.979
3.915
3.932
1.926
1.758
2.264
3.217
3.093
1.848
3.696
3.897
3.287
2.364
2.591
2.434
2.107
1.755
3.357
2.83
2.121
3.967
1.83
2.511
3.762
1.995
1.632
2.87
3.302
3.72
2.709
3.418
3.337
2.881
3.823
2.004
3.222
2.746
2.492
3.202
2.299
3.9
1.91
1.625
2.797
3.637
3.25
3.385
3.424
3.647
3.002
1.805
1.588
2.964
1.936
3.816
3.406
3.743
3.634
1.809
1.586
3.389
3.282
2.695
3.116
3.389
2.189
3.49
2.047
2.797
3.679
3.032
2.034
3.126
1.952
3.12
2.91
3.743
2.066
2.234
2.98
3.236
2.361
2.318
1.872
3.932
3.12
3.137
2.118
2.199
3.185
2.011
1.798
1.736
1.567
3.595
3.846
2.32
2.942
3.511
2.228
3.349
3.294
2.268
2.7
2.986
3.534
3.436
2.983
2.694
2.426
3.588
3.748
3.468
3.83
3.709
3.017
3.133
2.492
2.149
2.924
2.122
2.99
3.073
3.483
3.149
2.951
2.015
2.379
2.77
2.359
2.006
2.752
3.452
1.711
1.846
2.329
2.736
3.781
3.163
3.659
2.496
1.63
2.551
3.977
2.069
1.59
3.137
2.686
3.878
1.808
3.412
2.517
2.246
2.847
2.121
2.299
2.946
3.959
3.406
2.335
1.636
3.562
2.2
2.592
3.401
3.92
3.937
1.795
1.719
3.635
3.009
2.467
2.912
2.206
3.715
1.795
2.49
1.989
1.801
2.499
3.705
1.864
3.994
3.158
3.88
1.555
3.45
2.738
3.205
2.216
2.98
2.343
2.598
3.307
3.045
3.532
2.753
3.118
3.087
1.755
2.591
2.322
3.398
3.751
2.634
3.959
2.597
1.693
3.933
3.572
2.386
3.878
1.829
3.467
2.302
3.717
3.998
3.732
2.064
3.451
2.681
2.315
2.319
1.998
2.21
1.76
2.289
3.618
2.616
3.624
2.274
2.906
1.514
2.746
3.8
2.949
3.738
1.677
2.996
2.272
2.417
