3.112
3.096
2.539
2.101
3.817
2.159
3.255
2.681
2.225
2.391
3.321
2.321
3.524
3.207
1.886
3.295
2.892
2.628
2.303
1.995
2.392
2.034
2.881
1.752
2.914
3.029
3.647
3.328
2.807
3.963
3.518
1.812
3.175
3.545
2.209
3.885
1.822
2.909
2.147
3.629
3.733
2.326
1.934
3.11
2.954
2.436
2.068
2.424
1.654
1.949
1.687
3.327
3.906
1.963
1.801
3.932
2.277
2.784
3.058
2.93
2.505
3.237
3.978
1.508
1.597
3.309
2.219
1.699
3.256
3.582
2.123
3.907
3.925
2.742
3.576
3.837
3.527
1.633
2.595
2.604
2.488
3.606
2.95
3.564
3.348
3.107
3.798
2.077
2.711
3.318
2.623
3.956
2.994
3.828
2.657
2.042
3.022
3.853
2.437
1.508
2.67
2.46
2.15
1.826
2.915
3.222
2.075
2.634
2.538
3.41
3.597
1.797
3.948
2.576
1.944
3.76
3.08
2.809
3.507
2.836
1.728
1.668
3.496
1.962
2.068
2.967
1.734
2.266
3.179
3.224
2.163
1.616
3.038
3.089
3.339
1.631
1.587
2.723
1.593
1.527
3.071
3.862
3.047
3.677
1.681
2.618
3.977
3.77
2.519
3.67
2.972
2.74
2.799
3.8
3.16
2.279
3.617
3.08
2.957
2.379
2.783
1.613
3.206
3.701
3.325
3.609
2.7
1.998
2.624
1.866
3.629
2.872
3.411
2.821
2.219
1.707
2.043
2.39
2.516
3.4
3.106
3.432
3.616
3.901
2.099
2.877
1.91
1.734
2.413
2.712
3.742
1.624
1.551
1.924
2.35
3.086
1.589
3.377
3.805
3.913
3.478
3.829
2.973
1.733
3.04
3.263
3.49
2.071
1.603
1.761
2.732
3.531
2.262
2.338
1.733
3.348
1.61
2.517
1.552
3.253
2.336
1.589
1.793
3.234
2.785
2.344
2.34
3.851
3.975
3.375
2.499
2.445
2.866
1.618
2.171
1.822
3.65
3.48
3.23
1.555
2.484
3.771
3.177
2.359
2.263
3.512
2.188
2.902
3.476
1.819
3.814
2.285
1.709
3.726
2.543
1.857
3.282
3.302
1.839
3.676
2.197
2.052
2.37
2.35
3.336
1.933
2.958
1.789
3.962
1.908
3.477
2.242
1.687
3.877
1.991
2.455
2.128
3.411
3.205
3.889
2.007
2.528
1.519
3.701
2.102
2.674
2.916
3.007
1.788
1.821
2.614
2.894
2.271
3.447
2.508
1.828
3.838
1.946
3.204
2.462
2.968
1.734
3.191
3.698
1.828
3.623
3.879
2.366
2.392
3.381
3.5
3.426
2.478
2.979
2.249
2.555
3.099
2.992
2.124
2.506
2.723
2.61
2.109
3.586
1.629
3.428
3.005
3.51
2.393
3.346
3.237
2.42
3.983
3.03
2.882
1.79
3.274
1.896
2.795
3.415
1.556
3.782
2.58
2.966
2.297
3.836
3.225
2.799
2.824
3.583
2.049
2.943
3.553
2.174
3.463
2.039
Error de lectura!!!
3.938
1.571
1.736
2.522
1.818
3.786
3.026
3.023
3.714
1.879
3.506
3.827
3.263
1.864
2.342
3.471
1.947
2.176
2.952
2.731
2.369
3.522
1.728
2.685
3.069
2.626
1.976
1.938
2.637
1.914
1.838
1.684
3.396
3.379
2.39
3.184
2.628
2.039
2.545
3.907
2.718
3.11
3.409
2.037
3.704
2.853
2.06
1.666
3.78
1.619
2.917
2.228
1.963
2.875
2.796
1.676
3.465
3.914
2.551
1.979
2.672
2.118
2.737
1.879
1.992
1.948
2.527
3.043
2.681
1.502
2.57
3.352
3.0
3.363
2.873
3.649
2.257
1.58
2.608
3.173
1.963
1.987
2.524
3.881
2.246
3.862
2.489
2.1
3.276
2.713
3.579
3.262
3.243
2.573
3.047
3.374
3.298
2.878
2.631
3.498
2.156
1.812
3.799
3.628
3.283
3.032
1.959
2.308
2.896
2.437
2.504
2.707
1.689
2.414
3.295
3.096
2.68
3.669
2.704
2.04
3.418
3.026
2.415
3.944
2.485
2.934
3.505
1.893
3.069
3.07
3.905
3.118
1.633
3.936
2.83
2.382
2.691
1.789
3.561
1.974
2.12
1.696
2.374
3.319
2.639
3.285
3.668
2.956
3.85
3.038
3.018
1.832
2.548
1.556
2.949
1.889
3.523
3.491
3.807
3.531
1.669
2.256
2.325
2.158
3.365
3.68
3.018
3.067
2.773
2.076
3.626
2.615
3.39
2.391
3.127
2.836
2.447
3.693
3.635
3.714
2.207
2.019
3.469
3.477
1.825
1.669
3.76
3.968
2.879
3.338
3.946
1.533
2.733
1.628
3.844
3.702
2.801
1.626
2.549
2.389
2.123
2.065
2.376
1.983
3.772
2.048
2.658
2.217
3.266
2.212
3.917
2.734
3.998
3.551
3.895
2.93
3.798
2.017
2.646
2.668
2.884
1.678
1.775
3.889
2.643
3.365
2.334
2.404
1.949
3.035
1.907
2.925
2.442
2.512
2.464
3.612
1.501
2.245
3.942
3.782
3.557
1.833
3.029
2.22
3.07
1.8
3.91
3.611
3.991
1.767
3.514
2.028
2.795
1.701
2.498
1.75
2.036
2.874
1.526
2.539
1.919
2.391
2.034
3.063
2.977
3.484
3.963
2.283
2.949
2.303
2.316
2.484
2.053
3.208
2.047
1.931
3.927
3.17
2.714
2.665
3.887
3.65
3.033
3.929
1.874
2.13
1.702
2.63
1.75
3.581
2.255
2.946
3.633
3.352
3.173
2.599
3.037
3.16
2.332
3.667
3.278
3.96
3.849
3.343
3.18
2.615
1.601
3.778
3.339
1.616
2.789
3.69
3.148
1.902
3.065
2.619
1.919
1.555
2.857
3.446
3.33
2.388
2.44
2.994
2.935
2.132
1.806
3.318
2.322
3.306
1.937
1.667
2.431
3.198
1.686
1.5
2.017
3.572
3.241
3.075
3.99
3.714
2.646
3.216
1.547
3.224
1.826
3.305
3.018
2.817
3.711
2.966
3.658
2.712
2.235
1.894
1.74
1.723
3.168
2.521
1.635
3.958
1.584
2.76
2.673
2.658
3.44
2.566
1.592
2.373
3.283
3.426
3.96
1.676
3.728
3.185
2.055
3.304
2.863
1.964
3.026
2.891
2.434
1.827
2.658
3.074
3.967
3.215
3.578
2.631
2.834
2.637
3.746
2.7
2.55
1.587
2.949
2.125
2.722
1.606
1.799
3.261
2.257
3.55
3.085
2.809
2.461
1.97
2.627
1.616
3.896
2.427
3.681
1.663
1.502
1.62
1.835
3.108
3.365
2.787
2.595
2.979
3.071
2.798
2.316
2.45
3.693
2.119
2.65
3.38
1.687
2.253
3.119
3.654
2.294
3.282
1.737
3.906
2.708
3.38
2.789
2.018
3.862
2.116
2.226
2.899
2.236
2.576
3.604
2.983
3.113
3.968
2.248
2.63
2.016
1.773
3.082
2.265
2.196
3.94
3.683
3.269
3.742
1.9
1.945
2.515
3.603
2.281
2.471
3.691
2.376
1.672
3.663
2.784
1.558
2.896
2.004
2.285
3.385
3.725
2.353
3.646
3.687
1.579
3.723
1.611
2.746
2.935
1.986
2.098
2.034
2.538
2.488
2.643
2.648
1.983
2.132
2.001
3.541
3.726
1.702
3.617
2.626
2.225
3.371
3.714
2.305
2.4
1.557
3.795
2.733
3.428
1.779
2.254
3.001
3.799
2.12
3.556
3.585
2.198
3.373
3.832
2.35
3.868
2.728
3.567
3.259
2.582
2.102
3.7
1.756
2.267
2.964
3.259
3.52
2.879
2.031
2.101
3.392
2.915
2.123
2.975
3.254
3.366
3.54
3.546
3.274
2.743
2.291
2.746
3.464
3.369
2.719
3.14
3.385
2.599
1.553
3.213
2.993
2.224
1.964
2.339
1.819
3.062
1.949
2.446
2.54
2.27
2.406
3.207
1.55
1.734
2.227
1.907
2.913
2.372
2.746
3.86
3.414
3.449
3.177
2.649
3.201
2.763
3.843
3.0
2.395
3.606
2.732
2.363
3.122
2.558
3.35
1.589
3.429
3.441
3.543
1.65
2.34
2.668
3.194
1.996
3.863
2.998
2.975
1.862
2.799
3.057
3.845
3.209
3.918
2.835
1.687
2.962
3.516
1.536
3.099
2.313
3.766
3.79
2.811
2.514
3.524
3.222
3.357
3.12
3.744
2.383
3.717
3.47
2.672
3.144
3.872
2.638
3.605
3.184
3.549
2.23
2.43
3.077
2.255
1.7
2.893
3.022
2.052
2.74
3.925
2.416
2.93
3.577
3.332
3.44
2.963
2.433
2.48
2.244
3.06
2.176
2.53
2.905
1.543
3.122
2.609
3.421
1.891
2.212
2.99
1.994
3.103
2.379
1.988
1.74
1.809
2.458
2.871
2.752
3.979
2.671
3.24
2.437
2.944
2.81
1.523
3.535
2.602
3.826
2.456
3.139
3.479
2.257
1.551
3.048
1.883
2.711
1.851
2.355
2.339
3.789
3.685
2.945
3.518
3.791
1.755
2.336
3.004
3.73
3.871
1.5
2.225
1.562
1.869
3.126
3.295
2.799
1.552
1.937
3.282
2.321
3.588
2.339
3.336
2.456
2.79
2.091
2.617
3.077
2.464
2.245
2.142
1.521
1.911
2.563
3.054
3.258
3.824
3.017
3.044
2.421
1.77
2.535
2.018
2.378
1.671
3.549
3.421
3.319
3.455
3.171
2.042
2.86
2.924
1.539
2.996
2.421
2.68
1.752
3.957
1.558
Error de lectura!!!
2.999
3.088
2.861
2.131
3.144
2.654
3.05
3.703
2.545
3.355
2.137
3.936
2.999
2.571
2.016
2.622
2.945
1.656
2.072
3.058
2.115
2.18
2.838
3.279
2.869
3.626
3.894
3.586
3.715
3.064
2.216
2.107
3.325
3.046
3.864
2.956
3.196
3.464
2.919
1.67
3.33
1.687
3.742
3.58
1.655
3.294
2.302
2.954
3.234
1.762
3.867
1.752
3.598
2.572
3.597
3.982
2.581
3.028
1.541
1.833
2.394
1.965
3.334
1.976
1.58
2.105
1.79
3.001
1.637
2.004
2.231
2.814
1.889
3.76
2.449
2.131
2.046
2.147
3.753
2.095
2.869
2.79
2.4
1.725
1.524
2.895
3.907
1.608
2.998
2.652
2.599
3.331
3.123
1.994
3.143
2.539
2.772
3.704
2.574
3.573
2.591
2.528
2.743
3.036
1.94
3.892
3.231
2.163
2.315
3.974
2.977
2.183
1.901
3.721
3.652
1.608
3.75
3.716
1.692
2.067
3.116
1.705
3.406
2.706
3.643
2.965
2.957
3.778
2.136
3.722
3.358
2.455
2.376
3.256
3.306
3.333
3.753
3.247
1.554
3.408
1.851
2.057
1.974
2.322
2.296
3.084
1.576
2.364
2.133
2.299
3.849
3.514
2.793
2.0
2.986
1.845
3.078
1.672
1.662
3.793
3.788
2.232
2.071
3.306
3.505
2.507
2.86
1.549
1.829
3.412
1.875
3.425
2.425
2.092
2.74
1.995
3.34
3.721
3.903
2.506
1.842
3.661
1.721
3.467
2.328
2.916
1.988
2.784
1.738
3.728
3.658
3.119
1.744
3.485
3.23
3.535
3.504
2.784
3.601
2.438
2.437
2.888
2.569
3.452
3.575
2.027
2.329
1.546
2.138
3.18
2.126
Error de lectura!!!
1.802
2.309
1.9
1.62
2.756
1.504
3.612
3.11
3.296
1.735
2.202
1.51
3.121
3.443
2.964
1.781
1.705
2.168
2.661
2.102
3.098
2.156
2.584
3.647
3.723
2.93
1.977
2.507
3.172
2.433
2.658
1.564
2.117
3.791
3.172
3.47
2.985
3.629
1.801
1.933
1.524
1.905
3.229
3.74
1.92
1.502
3.695
2.747
3.23
3.69
3.195
3.866
3.072
3.529
2.639
1.85
3.453
2.377
2.829
3.073
2.684
2.396
3.685
2.904
2.85
2.649
3.049
3.477
1.963
2.872
2.254
1.973
1.997
2.974
2.969
1.672
1.706
3.257
2.05
2.718
1.573
3.008
1.69
3.237
2.1
2.046
1.671
3.081
2.875
2.379
2.547
3.219
2.954
3.986
2.617
2.964
3.441
2.241
1.68
3.134
2.584
2.577
3.45
2.364
3.376
3.269
1.571
3.85
3.891
2.452
3.247
3.084
3.767
3.174
2.1
2.958
2.122
2.08
2.43
1.995
1.697
3.135
2.807
3.03
2.827
3.499
3.996
1.736
3.724
1.52
3.553
2.664
2.835
3.252
2.613
3.64
3.389
3.784
1.581
3.773
1.763
3.177
2.152
2.833
3.27
3.7
2.309
1.87
2.851
2.129
3.036
3.164
1.97
3.369
3.928
1.565
2.662
2.917
2.481
1.517
2.082
2.976
2.502
2.121
2.737
3.392
1.956
1.673
1.613
2.432
3.758
3.923
1.966
3.225
2.613
3.219
2.38
3.033
2.638
2.197
2.273
2.594
2.603
2.166
2.652
2.858
1.992
3.191
2.404
3.222
1.518
1.896
3.919
2.058
2.003
2.004
2.206
2.116
2.815
2.154
1.521
3.427
2.879
1.737
2.764
3.7
2.636
3.43
2.575
2.465
3.155
2.596
1.864
2.036
3.083
2.536
2.177
3.83
3.302
1.537
3.959
1.72
2.296
2.676
1.711
2.779
1.825
2.423
3.698
2.317
2.703
3.663
3.455
3.036
3.023
2.156
1.904
1.532
2.244
2.567
3.489
1.841
1.84
3.17
3.719
1.743
2.392
2.105
2.341
3.028
3.594
3.988
3.586
3.704
2.86
2.639
3.547
2.639
2.521
3.66
3.511
2.991
3.761
2.857
3.273
1.769
3.469
2.068
3.691
3.583
1.544
2.42
2.55
2.973
3.018
3.028
2.742
3.866
3.869
3.683
3.917
2.188
2.191
3.47
3.408
1.825
1.862
2.407
2.796
3.457
2.025
1.884
1.725
2.367
3.988
1.825
3.692
3.864
3.735
3.412
3.255
1.521
2.541
3.414
3.859
3.314
3.639
3.562
1.77
3.421
1.825
3.04
2.465
2.526
3.576
3.911
3.474
2.325
2.117
2.474
0.918
3.274
2.035
2.044
3.954
1.919
3.552
2.703
2.679
1.543
1.634
2.369
1.589
3.196
2.141
2.102
2.432
1.616
3.72
2.701
3.972
2.804
3.9
2.865
1.566
2.27
3.286
2.501
1.523
2.893
1.54
3.475
3.913
2.984
2.853
3.69
3.932
3.865
2.481
3.144
2.338
2.767
3.956
3.443
3.502
3.942
1.943
1.58
3.87
3.734
2.984
2.26
3.947
2.083
3.421
2.302
3.73
3.453
3.719
3.735
1.752
3.447
3.817
2.539
3.633
1.976
3.451
1.535
2.761
1.735
2.308
2.894
2.408
3.91
1.783
3.442
1.815
2.59
3.657
2.336
2.587
3.719
2.423
1.92
2.096
1.936
3.766
1.741
1.535
2.876
2.54
2.396
2.958
3.47
2.738
3.972
1.5
3.276
2.525
3.497
1.548
3.893
1.764
2.049
3.459
2.536
1.553
3.566
3.343
3.542
3.83
1.915
1.962
3.314
2.319
1.754
3.03
3.618
2.466
2.446
1.985
1.84
2.605
3.824
3.344
2.354
2.935
1.939
3.935
1.714
1.954
3.27
2.65
3.66
1.541
2.93
2.619
3.989
2.292
2.475
2.429
3.098
2.947
2.372
1.556
2.194
3.224
3.558
1.957
2.092
1.907
2.47
2.169
3.448
2.177
2.519
3.75
2.316
3.94
1.903
2.42
1.935
3.353
3.309
2.917
3.343
1.5
1.889
1.685
3.657
2.815
3.874
1.502
3.172
1.809
3.103
3.913
3.963
2.872
2.563
3.423
1.593
2.792
2.198
3.926
1.939
2.173
1.561
3.012
3.83
3.26
3.862
3.676
2.605
2.849
2.845
2.14
3.499
3.39
3.586
2.778
3.319
3.328
2.583
2.416
3.733
1.513
2.963
3.364
3.78
2.73
1.895
2.399
1.605
3.147
3.715
3.372
2.62
3.439
3.181
2.203
3.312
3.347
3.451
3.542
1.809
3.398
2.054
2.684
2.165
1.877
3.275
3.513
3.916
2.344
1.995
3.996
3.834
3.183
3.96
3.335
2.083
3.795
3.791
2.992
2.866
2.393
2.918
1.516
1.786
2.214
3.099
2.812
2.228
2.736
2.077
2.713
2.07
2.309
3.848
3.594
3.663
3.269
3.848
3.154
1.948
2.679
3.638
1.984
2.194
1.59
1.606
1.708
2.403
2.586
2.809
3.601
3.068
2.343
1.961
3.17
2.523
1.85
3.022
1.691
3.331
1.801
2.599
2.873
2.12
2.868
3.333
3.653
2.51
1.999
1.966
1.514
3.447
3.243
3.497
3.551
2.817
3.885
2.923
2.341
3.698
2.498
3.689
1.642
3.957
2.528
3.861
2.43
1.76
3.188
2.527
1.509
2.446
3.886
1.601
1.664
2.158
2.149
1.945
2.023
3.309
2.87
3.723
2.65
1.977
2.445
1.593
1.839
2.439
2.993
2.689
3.501
2.947
3.32
3.143
2.992
2.959
3.458
2.029
2.316
2.442
2.69
2.404
1.594
1.937
2.569
3.031
3.263
2.954
3.661
2.319
2.843
3.555
1.536
2.299
1.984
2.753
2.192
3.174
3.373
3.842
2.009
3.776
2.723
3.013
2.244
1.599
3.442
1.654
3.968
1.947
3.881
3.395
2.885
3.709
2.334
3.427
1.73
2.016
2.614
1.961
3.15
2.948
2.708
2.934
2.477
1.612
1.921
1.633
3.712
2.288
3.548
2.346
2.797
3.251
2.749
3.56
2.445
3.166
2.198
2.54
2.71
2.164
3.384
2.618
2.737
3.551
1.733
2.758
2.45
3.034
3.97
2.201
3.818
2.435
3.728
1.501
2.771
2.777
1.814
2.594
3.307
2.959
3.075
3.865
1.544
2.21
1.548
2.144
2.286
3.116
1.749
2.899
2.555
3.351
2.812
1.541
1.745
2.629
3.681
2.319
2.588
3.704
3.214
2.429
1.985
2.632
1.787
3.584
3.834
3.982
3.37
1.576
1.716
3.772
3.127
1.649
1.719
2.176
2.453
3.275
2.615
2.588
1.757
2.299
2.289
2.139
3.499
1.597
2.62
3.453
3.329
3.742
3.618
2.838
2.569
3.22
3.725
2.066
1.742
1.586
3.846
3.218
2.22
2.496
2.528
1.873
3.401
3.925
1.89
2.393
3.888
1.802
1.892
2.598
2.619
1.917
2.614
1.688
2.384
2.866
1.76
3.887
3.029
2.502
3.829
3.513
2.674
2.271
1.956
2.844
3.336
1.695
1.845
3.866
2.071
3.059
2.949
3.291
3.97
3.29
3.906
3.693
2.095
2.514
2.324
3.405
3.057
3.087
2.789
3.969
2.697
3.492
2.608
3.445
3.69
1.83
1.586
2.547
1.553
3.958
3.307
3.74
3.321
1.712
2.814
3.656
2.731
1.817
2.543
3.377
3.766
3.08
3.571
2.16
3.318
2.836
2.968
2.705
2.175
3.912
1.889
3.304
3.265
3.619
3.788
2.465
1.501
3.058
1.66
2.592
2.901
1.549
3.893
2.097
3.842
1.67
2.196
2.589
3.412
1.711
2.895
3.886
2.015
2.648
1.694
3.405
2.71
3.547
3.857
2.849
2.702
1.844
3.043
2.375
2.133
3.174
3.285
2.513
2.517
1.696
2.014
2.479
1.852
3.311
2.695
1.894
3.862
2.969
1.605
2.2
2.518
3.796
1.641
1.966
2.169
1.638
2.956
2.388
3.054
1.664
3.24
3.462
2.128
3.434
3.263
3.626
3.436
3.029
3.476
2.13
2.741
2.041
2.596
3.925
2.933
3.422
2.372
3.328
1.875
3.33
3.046
3.351
2.646
1.744
2.649
3.829
3.493
3.583
1.92
2.142
3.978
3.913
3.978
2.977
2.646
2.944
2.573
1.816
2.35
3.874
3.497
2.446
3.344
2.451
3.633
1.683
2.49
1.806
1.876
2.214
3.964
3.625
3.804
2.202
2.256
2.506
3.998
3.856
3.756
2.685
2.503
1.843
2.267
3.967
3.527
2.519
2.347
3.777
3.545
2.378
2.097
1.947
2.427
2.909
2.124
3.347
1.561
3.464
2.03
1.82
2.064
3.987
3.329
3.269
2.689
2.601
3.923
3.891
2.319
3.064
2.602
3.696
3.345
3.079
3.23
1.875
3.984
2.662
3.712
3.024
3.06
3.031
3.959
1.882
3.107
1.649
3.221
2.563
1.505
1.737
2.806
3.838
1.907
2.441
2.065
1.687
1.551
3.823
2.053
1.965
2.727
1.651
2.937
3.269
2.623
1.612
3.905
3.72
2.968
1.591
3.057
2.421
2.883
2.977
1.83
1.641
3.192
3.658
2.737
3.905
3.704
2.956
2.844
2.94
2.396
3.535
2.26
3.047
2.885
1.529
2.323
2.642
3.378
2.828
1.537
2.293
2.091
1.524
1.907
3.002
1.68
3.682
3.353
3.269
2.961
2.0
1.867
2.022
3.597
2.53
2.204
2.33
2.522
2.46
1.669
3.581
3.463
1.534
2.92
3.802
3.502
3.429
2.634
1.705
3.714
2.248
1.897
3.097
2.265
2.581
2.495
2.216
3.065
2.54
2.926
2.258
2.645
2.957
2.982
3.518
3.296
2.807
1.895
1.835
3.018
2.726
2.798
2.016
3.463
2.764
2.594
2.288
1.588
2.601
2.112
2.777
2.429
2.303
2.352
3.9
3.056
3.794
3.112
3.695
3.056
1.831
1.694
2.138
2.371
3.257
2.035
3.926
2.595
3.073
2.053
2.254
2.472
1.777
3.97
2.392
3.784
3.313
3.275
2.872
2.921
3.841
2.508
2.638
2.523
3.802
2.187
3.341
3.657
3.967
2.078
1.569
2.352
1.999
2.531
1.902
3.056
2.225
3.44
1.795
3.991
2.653
1.597
2.331
2.633
1.541
3.244
2.025
3.398
1.944
3.156
2.035
3.939
2.658
3.666
3.415
1.83
3.401
3.523
1.723
3.633
2.723
2.863
3.486
1.666
2.273
3.789
2.478
3.299
3.583
2.474
3.497
1.971
1.814
3.221
2.353
2.449
1.54
1.788
1.658
1.773
3.377
2.607
3.959
3.557
1.664
2.6
2.609
1.806
3.183
3.114
1.63
1.914
1.608
2.411
3.313
2.286
2.331
2.759
1.674
2.728
3.133
3.373
1.525
3.049
2.554
2.098
1.697
2.105
3.518
3.829
2.234
2.291
2.571
2.59
2.756
3.994
2.069
2.876
2.378
2.197
3.193
3.885
1.748
1.586
3.433
1.608
3.122
1.655
1.967
3.458
3.269
3.17
1.574
2.749
3.479
2.498
3.202
2.381
1.801
3.682
1.89
2.433
1.801
2.801
1.868
3.512
1.733
1.846
2.469
3.767
3.933
3.848
3.762
2.809
3.263
1.534
3.385
1.808
1.578
3.217
2.156
1.582
2.559
2.841
3.69
2.031
2.785
1.837
3.136
2.665
3.721
3.515
2.197
2.147
2.973
1.899
3.234
3.016
2.201
3.073
1.68
1.872
2.297
1.694
3.509
2.248
1.751
3.151
2.203
3.577
2.504
2.384
2.54
3.939
2.061
1.815
3.706
3.062
3.471
2.413
1.931
2.6
2.655
3.056
2.018
3.84
2.12
2.667
1.884
2.5
3.992
3.098
3.118
2.381
3.119
2.26
2.265
2.033
3.716
2.759
2.493
3.333
1.63
2.625
2.014
3.679
3.701
3.936
3.501
2.892
3.332
2.92
3.521
2.121
2.337
1.667
1.763
2.186
2.098
2.501
3.565
3.906
3.591
1.662
1.52
1.899
3.859
3.834
2.139
2.702
2.021
3.556
3.661
3.69
3.112
3.744
2.885
2.703
3.731
3.718
2.722
3.167
3.655
2.379
3.455
2.745
2.666
3.179
2.324
2.331
3.63
2.245
1.704
1.997
2.743
3.467
3.327
3.514
1.722
1.638
2.814
2.08
3.31
3.56
2.719
2.451
1.828
2.176
3.113
1.668
1.715
2.501
3.89
2.494
2.162
3.281
2.468
1.813
2.847
2.81
3.363
2.079
3.942
1.521
3.226
2.628
2.656
3.545
1.855
3.947
1.73
1.805
2.36
2.586
2.482
3.307
3.588
2.671
3.054
3.616
2.276
3.272
3.36
2.326
2.35
3.947
3.239
3.801
1.95
2.794
2.163
3.693
3.364
2.155
3.741
2.984
1.863
2.366
1.98
3.964
2.53
2.061
2.246
2.955
3.557
3.88
2.955
3.327
2.102
3.147
3.527
3.042
1.846
3.973
1.705
1.561
2.423
3.981
2.363
3.111
3.587
2.344
3.423
2.785
2.163
2.296
3.017
3.924
2.634
3.097
2.207
3.423
3.157
1.733
2.811
2.393
2.8
2.404
2.315
3.67
2.696
2.753
2.295
3.169
3.938
2.204
2.794
2.141
3.605
2.795
2.736
3.811
1.879
1.881
1.957
3.839
2.379
2.877
3.478
3.727
3.631
1.562
1.946
2.294
2.362
3.476
1.889
1.871
3.44
1.639
3.27
2.517
3.298
3.714
1.851
1.988
2.237
2.272
1.985
3.453
1.698
3.236
2.809
3.131
1.566
3.601
2.719
2.184
2.66
2.86
1.864
1.766
2.536
3.491
2.814
1.644
3.111
3.055
2.093
2.894
2.498
2.674
1.781
1.606
1.85
3.297
3.993
2.499
2.893
2.571
2.779
2.862
2.006
1.69
3.378
3.929
2.524
2.058
1.762
2.439
3.455
2.252
1.557
3.192
1.667
2.905
2.121
1.726
3.879
2.177
1.522
2.159
2.646
3.067
1.835
3.037
3.555
3.94
3.751
1.804
1.769
2.554
2.948
3.429
3.392
3.844
2.586
1.506
3.859
2.603
3.211
2.561
1.584
1.534
2.604
3.09
2.341
3.887
1.819
2.255
2.181
3.842
2.795
3.917
3.132
2.697
3.767
2.194
1.945
2.35
2.679
3.332
3.287
2.235
1.604
1.537
2.903
2.956
2.502
3.48
2.959
3.162
3.881
3.252
2.637
2.798
2.223
3.525
1.509
2.973
2.903
2.315
1.622
2.436
3.23
3.143
1.703
1.965
2.273
2.873
2.629
3.304
3.386
1.934
1.547
3.275
3.993
2.146
2.266
3.061
3.251
2.66
2.621
1.967
2.739
3.175
2.182
1.955
2.392
3.439
1.513
3.772
3.357
2.414
2.817
1.529
1.938
2.909
3.81
3.071
2.732
2.542
2.906
3.846
1.635
2.429
1.919
2.03
3.601
3.879
1.907
2.463
2.414
3.449
1.635
2.673
2.339
2.927
2.872
1.743
1.88
2.723
3.481
2.537
3.667
3.053
2.972
1.929
3.933
2.619
2.502
2.563
3.972
3.763
3.468
2.268
3.141
3.044
2.508
2.211
3.321
2.915
3.158
1.868
3.34
1.749
2.301
2.962
1.87
2.462
2.128
2.96
1.548
2.21
2.844
2.015
3.698
2.128
3.883
3.654
2.676
2.065
2.249
3.757
2.998
2.58
1.895
2.439
3.898
3.421
3.937
2.52
3.661
3.547
3.097
2.927
3.266
2.956
1.797
3.495
2.347
2.776
2.056
2.199
2.006
2.312
2.221
3.356
3.653
3.987
2.914
3.697
1.711
2.676
2.26
1.574
3.081
3.819
3.429
1.965
3.245
2.034
1.782
3.986
3.279
2.757
3.613
3.622
1.607
3.992
2.947
3.52
1.788
3.802
2.809
3.005
2.006
2.323
2.647
1.722
3.864
3.714
3.765
1.915
1.528
3.984
1.788
2.325
3.609
1.99
2.399
2.319
2.598
3.294
2.407
2.724
3.785
2.252
2.841
1.742
2.775
3.973
3.517
3.084
2.423
3.604
3.965
1.983
2.562
1.767
3.043
2.133
3.052
3.881
1.759
2.088
2.948
1.605
1.575
3.27
2.461
3.065
3.929
2.138
2.42
2.247
2.482
2.875
1.997
3.188
2.394
3.397
3.965
2.296
3.111
2.302
3.74
3.657
3.348
3.056
1.744
1.827
2.29
2.788
3.331
3.589
3.136
2.421
2.427
2.855
3.068
2.254
2.223
3.043
3.405
3.533
1.692
2.094
3.906
2.399
1.971
2.9
2.208
3.34
3.719
1.68
3.04
1.994
2.36
2.05
3.439
3.569
2.661
2.816
3.032
1.654
2.632
2.428
1.951
3.642
1.58
2.177
3.678
2.494
2.482
1.696
1.788
2.239
2.731
2.915
1.754
2.844
1.675
3.414
3.903
3.319
3.634
3.5
1.865
2.3
3.573
2.905
2.781
2.714
3.709
1.615
2.204
1.563
3.585
2.638
2.663
3.921
2.324
3.919
3.373
1.785
2.302
2.092
3.99
2.724
2.334
2.792
2.193
3.929
2.278
2.023
1.877
3.518
3.325
2.806
2.186
2.774
2.256
3.039
3.096
3.667
2.3
3.011
2.715
3.148
2.463
3.473
3.04
2.888
3.434
2.373
3.241
1.641
2.411
3.943
2.432
3.563
2.487
3.114
3.443
3.596
2.31
3.156
2.816
2.759
3.555
1.977
1.876
1.929
3.536
2.208
2.742
1.878
2.316
2.702
3.876
1.644
3.999
2.176
3.151
2.826
1.882
1.749
2.72
2.945
3.397
2.527
2.407
3.8
3.386
1.629
3.566
3.261
2.567
2.769
2.365
1.65
1.601
2.99
3.091
1.987
2.528
3.172
2.518
2.068
3.602
3.471
2.969
3.397
1.785
3.864
1.897
2.714
3.483
3.83
2.388
2.226
1.548
3.948
3.173
2.804
3.801
1.732
3.79
2.35
2.118
2.448
1.623
2.411
1.804
2.685
3.997
2.647
1.887
3.847
1.81
2.402
1.565
3.61
2.216
3.088
3.133
1.673
2.786
2.223
2.141
1.594
3.124
1.947
3.51
2.202
1.905
3.838
1.572
1.856
3.616
3.932
1.884
1.941
1.7
2.273
3.31
1.849
3.543
1.583
2.313
1.647
3.201
2.455
1.779
2.857
2.43
2.978
3.493
2.077
3.122
3.113
2.789
3.226
2.757
3.77
3.222
3.559
1.896
3.533
2.539
3.855
3.363
2.99
2.536
3.3
2.588
2.326
2.579
3.818
3.981
2.231
1.549
2.855
1.515
3.51
3.079
3.68
3.077
3.731
2.978
2.628
1.513
3.319
1.902
2.098
1.745
1.748
3.713
2.169
2.759
3.546
3.602
3.515
2.68
2.809
2.953
3.597
3.688
3.568
3.533
2.427
3.702
3.142
1.726
1.612
2.215
3.862
3.178
3.84
2.995
2.28
2.215
2.049
3.839
3.582
1.778
3.389
2.237
2.21
1.716
3.096
3.416
3.255
1.867
1.65
2.339
2.183
2.734
1.956
2.152
1.739
3.222
3.415
2.813
3.57
3.742
1.775
3.073
3.929
1.642
2.555
2.156
1.707
3.164
3.327
1.695
3.028
3.42
2.827
1.559
2.644
2.991
2.9
3.306
1.724
3.415
3.18
3.267
3.543
1.9
2.571
2.92
3.157
2.374
3.768
3.281
3.869
2.243
2.299
3.093
2.514
3.09
2.849
3.686
2.188
2.908
2.271
2.913
1.733
2.714
2.648
2.67
1.738
2.044
2.531
2.381
2.201
1.898
2.913
3.136
3.238
3.11
3.866
2.713
2.676
3.075
2.551
3.85
2.084
3.254
2.211
3.294
3.173
1.643
2.037
1.907
3.037
1.68
1.82
2.84
3.93
3.906
1.886
1.901
2.77
2.94
3.629
3.89
3.889
3.568
3.469
2.774
3.355
1.579
3.157
3.009
2.606
2.966
2.835
2.394
2.541
3.54
3.294
3.244
3.765
1.736
1.722
2.81
2.428
2.961
1.713
3.111
1.934
2.038
0.645
2.24
3.613
2.725
1.831
2.962
2.124
2.889
3.323
3.976
2.014
1.871
2.183
2.203
1.958
2.737
3.093
1.65
1.605
2.27
2.524
2.662
2.807
1.944
2.493
2.452
2.734
1.587
2.754
3.366
2.136
2.857
3.905
3.892
2.295
3.062
2.416
1.981
2.456
2.563
3.984
2.879
3.297
3.643
3.175
1.581
3.893
2.119
3.466
2.906
3.431
2.335
2.665
3.126
3.457
3.402
3.954
1.783
2.059
1.891
2.279
1.623
2.359
2.009
2.498
2.007
2.773
2.254
3.181
3.735
2.062
1.722
1.941
3.678
3.717
2.35
3.093
3.051
3.571
3.028
3.878
2.663
2.52
2.705
1.523
2.638
2.773
3.69
3.998
3.823
3.252
3.663
3.52
3.614
2.601
2.597
2.624
1.959
3.197
3.248
3.283
3.209
3.106
1.765
1.653
1.563
2.439
1.871
3.62
3.153
2.042
2.002
2.826
2.014
2.502
3.632
3.81
2.084
2.327
1.647
2.362
1.743
3.799
2.117
3.925
3.574
3.208
1.838
2.079
2.092
2.387
2.018
2.354
3.718
2.149
3.049
3.789
3.327
3.591
1.926
2.393
2.194
3.302
3.432
3.224
1.647
3.807
3.019
2.249
3.7
1.755
2.457
2.817
3.246
1.645
3.225
2.435
3.78
2.129
3.073
1.788
3.42
1.708
3.86
3.016
2.518
1.817
3.042
3.698
1.754
3.08
2.418
3.075
2.542
3.236
2.698
3.56
3.129
3.966
2.336
3.568
1.918
2.547
2.677
2.975
1.917
3.342
3.311
3.645
1.675
3.499
2.218
2.298
3.127
3.259
3.068
3.976
1.956
3.631
2.678
1.976
3.63
1.83
1.642
1.638
2.563
1.885
1.884
2.902
2.055
2.459
1.642
2.799
2.521
2.774
3.203
3.036
3.327
3.192
2.623
2.941
3.901
3.448
1.785
3.349
3.428
3.161
2.537
3.873
1.715
2.302
2.405
2.383
3.304
2.016
3.629
3.254
3.617
3.818
2.283
2.801
2.324
2.084
2.058
1.783
2.759
3.132
3.433
3.573
2.775
2.117
3.363
1.718
2.006
3.316
3.666
3.922
2.161
3.324
3.729
2.745
2.455
2.926
2.069
2.212
1.653
1.897
1.679
2.388
3.145
2.355
3.334
3.406
2.396
3.912
3.368
1.813
3.48
3.067
2.263
3.042
1.878
1.757
3.35
3.282
1.585
2.897
1.988
3.26
2.459
2.22
2.787
1.521
3.909
2.971
1.648
2.034
2.209
3.415
1.533
3.707
3.736
3.938
2.552
1.647
1.548
2.836
1.836
2.809
1.827
2.589
1.643
3.509
1.724
3.384
3.157
3.653
3.354
1.904
2.461
1.882
3.007
2.618
2.128
2.522
3.383
3.873
3.172
3.233
2.978
2.942
1.986
3.695
3.228
3.845
2.507
2.823
2.971
3.036
2.554
3.29
1.517
3.456
3.213
2.127
2.874
2.622
1.736
1.726
2.93
1.539
3.798
2.058
2.557
1.943
2.955
2.882
2.069
3.848
3.201
3.841
1.866
3.36
1.587
2.32
2.469
2.925
3.851
2.924
3.972
2.891
3.954
3.206
1.91
3.344
1.968
3.082
2.004
3.768
1.535
2.883
3.835
3.773
2.712
3.604
3.605
1.742
1.774
1.501
3.567
3.784
3.377
2.901
2.738
2.344
2.581
3.685
2.947
2.38
2.074
2.258
3.799
2.273
2.625
2.247
1.633
2.125
2.466
1.712
2.398
1.794
3.088
3.918
3.557
3.677
2.557
1.633
1.507
2.416
3.431
2.912
3.208
1.69
1.674
2.214
2.49
1.949
3.368
2.57
2.36
2.521
3.232
1.531
3.129
3.278
3.246
1.831
2.513
2.824
2.375
1.777
2.675
3.006
3.506
3.725
2.529
1.797
3.892
3.562
1.713
1.746
1.85
2.838
3.084
2.535
3.61
3.259
3.637
3.98
2.244
1.958
3.037
1.789
2.989
2.47
2.384
3.114
3.315
3.525
3.949
1.71
2.424
3.959
1.74
1.781
1.859
1.561
3.817
2.307
1.725
3.434
2.678
1.972
2.263
3.658
3.54
3.853
1.784
2.69
2.328
3.054
1.767
3.53
1.88
2.099
2.605
2.886
3.228
2.776
2.385
1.715
2.799
2.185
3.574
3.503
3.338
3.292
2.225
3.117
1.547
1.642
2.306
3.902
1.567
1.705
3.212
3.014
3.684
2.94
2.152
3.41
2.429
3.367
3.574
1.893
2.284
2.515
3.338
2.191
3.105
2.774
1.696
3.5
2.816
1.541
1.808
2.207
3.629
3.051
2.316
2.225
3.8
3.608
2.572
2.992
2.946
3.22
2.239
1.963
2.739
3.752
2.116
1.88
3.15
3.851
1.977
3.488
2.417
3.582
2.994
3.062
1.931
3.603
3.619
3.118
2.156
2.78
1.798
1.565
2.327
1.983
1.818
1.956
2.111
1.806
3.878
1.758
2.38
3.289
1.953
2.838
3.6
3.354
3.358
2.542
3.078
3.485
3.589
1.928
3.444
2.316
2.688
3.681
3.077
2.258
1.692
3.225
2.944
3.932
2.378
3.094
2.213
3.599
2.355
3.23
2.096
2.94
1.712
3.838
1.987
3.505
1.634
1.882
3.335
1.91
2.202
3.671
3.023
2.075
3.621
2.961
2.923
3.514
2.638
3.323
3.345
1.767
3.271
2.467
1.651
3.71
1.825
2.402
2.91
1.677
2.514
2.317
3.227
2.179
2.869
3.409
3.547
3.192
2.866
3.768
1.727
3.208
3.672
2.75
2.608
3.178
1.999
2.994
1.718
3.406
1.656
2.129
2.413
2.974
2.083
2.834
2.612
2.92
3.503
2.443
2.352
1.698
1.672
2.89
2.197
2.921
1.809
3.425
3.141
2.821
2.679
2.552
3.063
3.059
3.119
1.606
3.307
3.146
3.313
1.83
1.634
1.585
3.193
2.615
2.576
3.869
3.392
2.018
3.837
3.706
3.361
1.564
3.828
2.89
2.649
3.348
3.725
2.681
2.193
3.251
1.899
3.877
1.81
3.396
2.352
2.528
3.317
3.908
1.865
3.196
2.278
3.593
3.239
2.685
3.568
3.58
3.817
2.898
2.787
2.828
1.573
3.632
3.13
1.951
2.784
1.609
1.514
3.008
2.773
3.775
3.27
3.051
1.881
2.737
2.004
2.63
2.015
2.294
3.103
2.75
3.639
1.866
1.546
3.419
3.196
2.867
3.06
3.722
3.484
1.855
3.87
2.563
2.633
2.598
3.135
3.34
3.133
3.664
2.77
2.834
2.95
2.608
3.375
3.108
1.866
3.086
2.055
1.632
3.709
2.535
2.583
3.472
2.842
3.993
1.805
2.091
3.047
2.302
2.384
3.196
3.375
2.415
2.676
2.517
2.004
3.375
2.104
2.271
3.77
3.729
3.291
1.745
3.743
3.996
3.064
1.892
2.374
3.937
2.954
1.555
3.082
2.925
2.311
2.149
3.923
2.717
2.059
3.294
2.584
3.723
2.007
1.863
2.56
3.88
2.052
3.344
3.107
3.195
2.407
1.915
3.725
2.57
2.234
3.989
3.877
1.577
2.629
1.769
3.099
2.691
2.738
3.008
2.017
3.97
3.733
2.458
3.639
2.125
3.277
2.01
3.811
3.694
2.967
3.249
1.805
2.057
2.363
2.383
3.884
1.753
1.912
3.81
2.702
3.006
3.046
3.665
2.265
1.563
3.75
2.55
3.454
3.837
3.597
2.11
2.102
3.306
3.482
1.711
3.163
3.181
2.457
1.877
2.873
3.341
1.599
2.383
3.892
1.691
1.65
2.123
1.631
2.074
2.945
3.018
3.681
1.929
2.796
3.78
2.082
2.495
3.655
2.336
2.686
2.534
2.217
3.58
2.827
2.786
2.272
2.537
2.976
2.247
3.382
3.28
3.857
2.812
3.715
3.817
3.156
2.205
3.208
3.055
3.436
1.773
3.852
1.979
2.997
3.077
2.66
3.333
2.782
3.083
2.408
2.051
3.862
3.505
2.788
3.437
1.92
3.646
2.544
3.653
3.392
2.934
2.41
3.963
3.105
3.669
1.658
3.014
2.222
3.563
2.308
2.417
3.854
2.172
1.526
1.991
1.547
2.641
2.841
3.494
2.882
1.667
2.272
2.221
2.79
2.935
3.716
2.171
3.497
2.793
2.083
1.915
3.946
2.71
3.816
2.576
1.946
3.336
3.917
1.522
1.683
1.85
1.532
2.115
3.004
1.829
1.655
2.209
2.518
1.624
3.739
1.551
3.951
2.186
2.251
2.824
3.074
3.232
2.629
2.043
3.414
3.683
3.127
2.359
3.033
2.48
3.737
3.364
2.727
2.116
3.638
2.82
2.745
2.997
3.144
1.793
3.128
1.886
3.972
3.094
2.374
2.3
1.633
2.714
2.751
2.918
1.708
2.855
3.383
2.496
3.773
3.633
1.969
1.815
3.016
2.779
3.499
3.054
1.69
3.11
2.32
3.484
2.781
3.464
3.0
2.1
2.902
3.728
3.714
1.728
3.643
2.04
2.713
2.509
3.17
2.518
3.264
2.66
2.877
1.562
2.462
3.608
3.909
3.958
2.814
1.979
3.501
3.203
1.989
3.505
2.167
3.287
3.952
2.64
1.753
2.832
1.965
3.731
3.552
2.544
2.217
2.578
3.098
3.199
3.661
2.989
2.778
3.088
1.657
3.234
2.583
3.573
2.185
3.862
1.902
1.898
1.845
2.487
2.71
1.941
3.015
3.696
1.851
2.184
2.715
3.488
3.311
1.947
2.957
3.048
3.094
1.661
2.959
2.254
2.829
2.991
3.677
3.67
3.756
2.635
3.925
1.925
3.999
3.122
2.188
2.257
1.706
2.668
1.756
2.472
3.475
2.707
3.653
1.807
1.803
2.33
2.395
3.383
3.57
2.442
2.351
3.987
3.92
2.961
2.577
1.913
2.764
2.206
2.655
1.664
2.249
1.801
3.548
2.105
3.708
3.492
1.626
2.096
2.998
1.653
3.151
2.484
3.746
3.271
3.149
3.908
3.792
3.878
3.277
2.374
2.138
2.341
2.421
1.845
3.207
2.637
3.414
1.831
2.538
3.387
2.191
3.855
2.743
1.734
2.992
2.832
3.81
1.945
2.821
2.171
2.96
3.255
3.074
2.219
1.832
3.837
2.425
2.507
1.64
2.472
3.465
3.272
3.773
3.194
1.871
2.075
2.539
3.75
3.624
3.476
2.595
1.682
3.641
2.817
2.824
2.333
1.623
2.064
3.266
2.6
3.866
1.947
2.005
1.716
3.42
3.526
2.762
3.025
2.842
2.488
3.263
2.011
1.797
1.707
1.636
2.393
2.786
3.962
1.629
2.195
2.65
3.094
3.961
2.388
2.369
3.257
3.943
2.934
2.788
3.012
3.666
3.872
3.538
2.854
3.367
3.075
2.31
2.559
3.994
2.421
1.837
1.88
2.172
3.064
2.686
3.97
3.226
3.443
3.559
2.805
1.569
1.935
2.17
2.328
3.977
2.677
1.641
3.647
2.928
2.307
2.806
3.585
2.719
3.752
3.231
3.012
2.836
2.773
2.453
1.513
1.839
1.781
2.601
3.41
3.131
1.972
2.523
3.056
1.667
3.3
2.019
3.812
1.762
2.495
2.567
2.257
3.687
2.581
2.919
2.46
2.989
3.252
2.386
3.044
2.066
2.232
2.715
1.684
3.19
3.587
1.557
3.745
3.12
3.367
3.303
1.635
3.992
2.693
2.041
2.043
1.581
2.656
2.944
2.722
3.773
2.972
3.713
2.367
1.677
3.461
2.84
2.782
2.797
3.273
3.896
1.71
2.753
3.477
3.278
3.571
2.002
3.4
2.483
3.952
2.449
2.627
3.544
2.94
1.922
2.911
3.885
2.594
2.599
3.13
3.654
3.483
3.21
3.187
3.8
1.659
3.364
1.929
3.15
2.261
3.516
3.246
3.063
3.996
3.873
1.575
3.254
1.701
3.478
3.476
2.479
2.854
3.088
1.705
1.712
1.846
3.568
2.928
3.488
2.676
2.659
2.837
1.978
2.141
2.679
1.708
3.69
1.559
1.944
2.696
2.101
3.835
3.537
3.791
3.269
2.963
3.681
2.594
2.26
2.327
2.503
2.255
1.747
3.023
1.995
3.157
2.696
2.74
2.528
3.144
1.932
2.334
2.715
3.753
3.543
3.803
1.593
3.019
1.946
2.957
3.4
2.436
3.579
1.852
2.087
2.788
2.782
1.601
2.288
3.821
3.134
1.925
2.427
3.864
2.54
3.917
2.946
3.841
3.231
3.241
2.72
1.1
2.567
3.485
3.113
1.657
2.667
3.337
3.526
3.152
2.586
2.589
3.76
2.028
3.591
2.942
1.501
3.439
2.254
3.506
1.872
1.757
2.322
2.198
2.637
1.543
2.57
1.629
3.747
2.466
2.949
3.33
3.284
3.808
2.872
3.905
3.427
2.319
3.777
3.432
3.681
1.958
3.612
3.579
2.355
2.953
3.72
2.063
1.808
2.324
1.565
3.481
3.041
1.614
1.893
1.683
2.352
3.662
3.998
3.657
3.105
2.154
3.141
2.235
3.032
3.518
2.646
1.577
2.169
3.4
2.302
1.634
2.274
2.303
1.842
2.157
3.007
1.947
3.465
3.909
2.53
2.037
2.783
1.7
3.783
2.887
3.54
2.161
3.127
2.989
2.144
3.56
1.855
2.625
3.48
2.682
3.055
3.561
2.026
2.579
2.203
3.041
2.806
1.577
3.181
3.835
3.647
3.59
2.366
1.949
2.322
1.608
2.138
2.04
1.748
1.883
1.537
2.633
3.26
1.875
2.536
1.992
3.391
3.228
3.037
1.543
1.893
1.749
2.565
2.066
3.928
2.078
2.934
2.202
2.728
3.148
2.613
3.31
1.957
2.069
2.861
3.054
2.778
2.918
2.485
1.589
2.426
1.58
3.673
1.599
2.742
2.006
1.666
3.089
3.397
2.85
2.08
3.989
3.391
3.646
3.044
3.772
3.965
3.436
3.049
1.672
3.262
1.907
3.445
2.634
2.866
2.496
2.154
2.993
3.962
2.692
2.767
3.563
1.619
3.215
2.691
3.008
1.806
3.771
3.636
2.548
3.603
3.011
2.518
2.688
3.844
2.145
1.552
3.643
3.696
2.205
3.243
1.607
1.541
3.011
1.661
1.692
1.768
1.922
1.977
2.224
3.41
1.589
2.667
1.909
3.925
1.565
3.677
2.181
2.366
3.484
2.555
2.771
3.497
2.004
3.322
2.911
3.977
3.761
2.049
3.957
3.346
3.4
1.598
3.092
2.935
3.745
2.724
1.505
3.302
2.02
2.992
3.755
1.667
2.23
1.75
3.599
3.367
3.295
2.662
2.235
3.989
2.173
1.679
2.681
3.125
1.548
2.758
3.918
3.593
1.578
3.568
3.558
3.07
2.102
2.437
1.696
3.893
3.082
1.626
3.165
1.757
2.768
3.361
2.643
2.02
3.074
3.346
2.385
3.728
3.109
1.847
3.043
2.012
2.001
2.014
2.907
1.861
3.354
1.805
1.612
2.704
2.091
2.688
2.113
1.824
2.729
2.755
2.969
2.738
2.021
2.887
2.652
3.451
2.838
3.234
2.06
3.475
3.828
3.326
3.005
2.43
1.983
2.729
3.542
3.613
3.992
2.034
3.67
2.9
2.605
1.769
2.409
3.882
3.831
2.068
3.876
2.656
2.073
3.822
3.133
1.695
2.153
2.545
2.631
3.155
3.214
2.446
2.401
2.734
2.048
3.379
3.477
2.766
Error de lectura!!!
3.511
3.623
3.743
2.375
3.475
3.815
1.971
2.705
3.304
3.721
1.889
2.724
2.875
2.9
3.102
3.064
2.889
3.357
3.61
1.725
3.806
2.24
3.943
1.979
2.023
2.786
2.193
1.972
2.335
2.391
1.754
2.934
1.546
1.83
1.96
3.454
2.581
2.833
2.425
2.962
2.138
3.623
2.882
2.73
2.368
3.87
1.767
3.813
3.985
3.969
3.135
2.808
2.044
2.911
2.27
2.526
3.931
3.693
3.627
2.065
3.804
3.18
3.487
3.327
3.639
2.109
1.514
2.981
2.265
2.543
2.916
3.918
3.082
1.734
3.646
3.674
1.83
2.344
3.983
2.791
3.303
1.903
2.913
2.395
2.377
2.98
2.587
3.797
2.321
3.172
2.797
1.85
3.206
2.792
3.176
1.9
3.497
3.866
3.972
1.885
2.674
1.676
2.608
1.64
2.654
3.949
3.868
3.203
3.811
3.966
3.673
2.764
2.893
2.268
2.977
2.49
3.433
1.742
3.253
2.886
2.314
3.981
3.111
3.818
3.933
1.603
1.736
3.968
3.353
3.537
3.773
2.682
2.506
1.784
2.106
1.897
3.281
2.033
2.239
3.938
2.513
2.521
3.412
3.05
1.804
1.736
1.687
1.641
3.342
2.094
2.034
2.898
3.888
3.046
2.877
3.983
2.794
3.235
1.741
2.825
2.525
2.706
3.704
1.529
2.817
3.348
2.591
2.48
2.73
2.651
2.855
3.909
2.08
2.161
1.545
3.292
2.388
1.725
1.667
2.714
1.883
2.777
2.483
2.494
2.616
2.497
3.801
1.81
3.818
1.98
2.171
3.17
1.864
2.46
2.776
1.661
1.773
2.024
3.578
3.368
3.212
2.615
2.98
2.161
2.562
2.318
3.077
2.75
2.198
3.851
2.699
1.638
3.862
1.76
2.771
1.836
2.762
2.888
3.5
2.218
3.803
3.283
1.703
1.714
3.608
1.904
2.873
2.528
2.336
2.189
3.27
3.896
2.529
2.576
1.841
1.74
2.785
3.803
2.498
3.142
3.269
2.263
2.617
3.674
3.505
2.624
3.849
2.007
3.863
3.913
3.351
2.962
1.93
2.377
2.739
3.53
3.127
3.452
3.216
3.57
2.39
3.026
1.936
2.24
2.385
3.224
3.2
3.74
3.617
2.435
2.343
1.723
2.274
3.439
2.012
3.69
1.747
3.856
2.278
3.34
3.788
3.974
3.715
1.922
2.752
2.377
1.923
3.085
1.508
1.803
3.552
2.276
1.784
1.671
1.93
2.511
3.298
2.752
1.767
3.096
3.828
2.435
3.449
3.88
2.383
3.64
2.22
1.786
3.008
3.225
2.432
1.755
2.381
2.916
2.878
3.336
3.697
3.837
1.869
2.212
2.655
1.669
3.03
3.999
3.766
3.51
3.575
2.835
2.492
3.329
2.016
3.896
3.53
2.181
2.819
3.003
3.201
2.945
3.368
2.663
2.839
2.19
3.611
2.899
1.721
2.126
3.917
3.844
2.221
2.069
3.558
2.784
3.359
1.826
1.565
3.363
3.047
2.019
1.509
1.524
3.503
3.43
3.829
1.543
3.343
2.068
2.439
1.634
3.58
3.625
1.865
3.388
3.283
2.077
3.578
31.182
3.709
2.631
1.598
1.769
1.736
1.518
2.16
3.906
3.39
3.039
2.315
3.189
2.06
1.822
2.63
1.672
3.1
1.787
3.941
1.639
3.668
1.852
3.606
1.841
1.784
2.823
3.896
3.182
2.494
1.633
2.872
2.829
1.588
2.985
3.503
1.628
2.152
2.666
3.147
3.268
3.901
3.845
2.508
1.706
2.961
3.171
3.223
3.428
2.679
2.134
1.708
2.567
1.739
3.841
2.745
3.832
2.793
2.825
1.803
3.251
2.427
2.05
3.197
3.643
2.937
2.215
3.173
3.946
2.333
1.893
3.05
3.172
2.981
3.632
3.081
3.202
1.751
1.606
2.058
2.345
2.447
2.694
3.774
3.498
3.699
3.433
3.292
3.242
3.207
2.469
3.306
3.329
2.114
2.341
2.471
3.524
2.927
2.854
3.533
1.597
3.258
3.368
2.436
3.317
2.198
3.956
3.935
1.825
1.607
1.922
1.623
2.371
3.59
1.783
2.613
2.615
2.274
3.487
3.144
3.924
2.031
2.635
3.484
2.095
3.937
3.901
2.493
2.075
2.09
2.991
3.34
2.392
1.894
3.479
3.715
2.226
3.222
3.868
1.548
1.932
1.638
1.693
2.291
3.534
2.304
2.833
3.109
2.844
1.96
3.256
1.823
3.916
3.425
2.685
3.104
3.707
3.724
3.673
3.18
3.215
3.014
3.262
3.905
2.443
3.815
1.815
1.752
3.885
1.752
3.423
2.932
3.896
2.674
3.394
3.25
3.085
2.231
3.992
3.214
3.244
1.658
2.642
3.365
1.859
2.086
1.649
3.358
2.167
3.162
3.952
1.752
1.713
2.796
3.094
2.307
1.526
3.521
2.021
3.402
3.145
1.79
3.253
2.464
3.952
2.238
2.503
1.595
3.198
2.606
3.016
3.394
3.801
2.941
1.949
3.18
3.42
1.646
1.88
3.963
3.347
3.622
3.628
3.233
2.334
2.765
2.843
2.223
2.526
3.128
1.605
2.279
3.016
3.7
1.742
3.739
2.858
1.631
2.406
1.539
2.656
2.152
3.428
3.539
3.417
1.557
1.879
2.939
2.464
2.938
2.356
1.659
3.785
2.138
2.47
3.048
2.284
2.854
2.001
3.014
2.201
2.535
3.495
2.624
3.391
3.924
2.53
2.263
2.978
1.855
2.228
3.094
2.576
1.808
1.836
2.998
2.817
2.459
3.299
2.109
3.194
3.56
3.978
1.838
2.183
2.476
2.103
1.604
3.104
1.817
3.305
2.724
1.579
3.119
2.391
2.005
2.176
1.721
2.653
3.533
3.728
3.103
2.464
3.847
3.17
2.969
3.561
1.752
3.008
2.884
3.961
2.666
3.038
3.712
2.916
3.785
3.474
3.527
2.807
2.435
3.852
3.157
2.092
2.725
2.819
2.998
3.698
2.01
3.034
3.62
3.468
3.311
3.24
1.927
3.602
3.555
2.293
1.94
2.919
3.01
2.734
2.929
3.748
2.866
2.044
3.126
3.223
1.808
2.334
3.512
2.585
3.976
2.971
2.808
1.723
3.755
2.769
1.572
1.627
2.408
2.527
3.194
2.501
3.108
2.9
2.719
2.476
3.077
3.554
3.756
3.877
2.479
3.162
2.108
3.719
2.396
1.919
2.986
3.752
2.782
3.463
3.38
1.641
1.714
2.216
2.141
2.449
3.933
3.233
2.796
1.991
2.445
3.814
3.472
2.145
2.694
3.776
2.274
1.62
1.502
3.588
1.784
1.645
1.516
3.297
3.331
3.242
3.63
3.966
3.399
2.632
2.302
3.857
3.278
2.464
1.626
3.69
3.959
2.777
3.048
3.98
3.547
2.073
3.883
3.299
3.979
3.334
2.481
2.162
3.351
1.581
2.988
3.289
3.102
2.306
2.507
3.453
3.457
2.106
2.972
3.182
1.656
3.608
2.33
2.506
3.479
2.097
3.14
2.376
3.122
2.154
1.531
3.164
2.043
2.016
1.723
1.882
2.088
3.967
1.819
3.835
3.052
3.953
3.805
2.072
2.789
3.267
1.707
2.834
1.865
2.499
2.769
3.288
2.947
3.666
1.995
2.467
3.165
1.678
2.98
2.802
2.762
2.133
2.079
1.88
3.697
2.1
2.668
3.347
1.724
1.943
1.705
2.144
1.77
1.575
3.217
2.729
3.807
2.124
1.738
2.245
2.819
1.92
2.725
2.525
3.486
2.181
2.315
1.711
2.428
3.48
1.841
2.677
3.836
2.205
2.898
3.594
3.551
3.747
3.642
3.802
2.66
2.195
3.372
2.108
2.7
1.921
2.139
3.113
3.649
2.561
3.104
1.818
2.156
3.487
2.449
3.788
3.079
3.369
1.555
1.885
3.907
1.874
3.827
1.81
2.571
3.613
2.531
2.047
3.478
2.506
2.643
3.048
2.741
3.693
2.054
3.026
3.562
2.751
2.756
3.472
1.799
3.755
2.659
1.779
1.608
1.752
2.973
2.459
2.865
2.649
3.178
2.364
1.811
2.861
2.044
2.631
1.73
3.35
3.433
1.561
3.853
2.291
2.399
3.988
3.715
3.589
3.709
2.127
2.134
1.519
3.502
2.658
3.179
2.858
2.988
1.95
2.523
2.126
3.469
3.439
2.171
1.71
3.492
3.219
1.945
3.701
3.36
2.176
2.351
2.536
2.64
3.475
3.115
2.238
3.781
2.804
1.948
1.883
2.191
3.337
3.264
1.649
3.369
1.542
2.912
2.473
3.822
3.734
2.738
1.992
2.668
2.259
2.197
2.525
1.719
3.94
1.901
2.64
3.289
3.152
3.805
3.489
2.645
3.813
3.097
3.125
2.089
3.733
3.984
2.912
2.83
2.997
3.407
2.379
2.335
2.382
2.325
3.321
2.065
3.315
2.151
2.732
1.761
3.115
2.593
3.04
2.457
2.164
3.409
2.498
3.644
2.092
1.5
1.853
2.254
1.872
3.77
2.553
3.725
1.945
3.126
1.754
3.794
1.9
2.341
1.562
2.499
2.997
2.982
3.722
2.24
2.202
2.672
2.883
3.832
2.996
2.28
2.764
3.45
1.706
2.98
3.051
2.554
1.841
3.031
2.168
2.188
2.806
3.511
3.771
3.71
1.653
3.596
1.587
2.142
3.188
1.738
3.389
2.258
2.842
1.586
2.085
2.923
3.894
2.05
2.374
3.06
2.66
2.02
3.975
1.862
2.375
3.067
1.886
3.319
2.121
1.744
3.347
2.162
3.31
3.706
1.732
3.718
3.975
2.861
1.509
3.561
2.045
3.716
3.967
1.696
2.38
1.567
2.681
3.383
3.481
1.935
2.692
3.572
3.191
2.959
1.793
2.789
3.13
3.282
3.889
2.948
2.7
3.069
2.672
2.96
1.774
3.725
2.133
2.706
2.446
3.365
1.852
1.731
2.571
3.651
3.381
2.017
2.834
3.633
1.515
3.626
2.636
3.417
1.868
1.509
3.476
2.567
2.657
2.352
2.884
2.2
2.321
1.741
3.3
3.006
1.742
2.724
2.134
2.804
1.878
3.998
1.84
1.8
3.729
2.791
2.869
3.509
2.548
3.495
1.844
2.341
2.002
1.744
2.175
2.288
1.777
2.3
1.805
2.702
3.525
2.169
3.664
2.261
3.802
3.064
2.825
3.749
3.43
3.938
2.093
3.592
2.083
3.242
3.632
3.956
3.489
3.617
1.951
3.826
2.152
1.755
2.092
3.417
2.505
2.705
3.849
1.65
1.894
3.846
3.748
2.918
3.746
1.759
3.115
3.406
1.823
2.248
3.449
2.48
2.624
3.92
1.744
1.895
3.481
2.081
3.808
1.571
3.855
2.411
3.666
1.721
2.158
3.97
3.111
2.599
3.333
1.582
3.454
3.004
1.879
3.077
1.788
1.58
3.971
1.939
2.643
2.355
3.618
2.714
2.305
3.334
1.7
3.737
3.204
3.349
2.289
3.785
2.112
3.353
3.118
2.102
1.656
2.997
3.612
2.136
2.699
2.93
1.563
2.414
3.052
2.208
2.387
2.665
2.737
1.861
2.586
1.767
3.937
2.321
3.947
1.669
1.87
3.946
3.496
3.974
2.171
2.308
1.717
2.228
2.759
2.278
2.962
3.245
3.239
3.007
3.691
3.33
3.426
2.721
1.946
2.693
1.693
2.382
2.725
2.722
3.291
2.03
3.833
1.822
2.168
2.876
3.526
1.542
1.556
2.701
1.509
2.266
3.395
1.63
2.536
2.371
1.863
2.154
2.126
3.706
3.563
2.199
1.829
3.541
2.077
3.974
3.68
2.985
3.173
3.139
3.12
1.834
3.081
3.221
3.159
3.275
1.724
2.363
3.864
1.786
1.585
1.936
3.31
1.851
3.369
3.169
1.86
2.036
3.549
3.925
3.583
2.118
2.943
2.073
3.161
2.475
3.607
2.036
3.91
3.855
2.14
3.102
3.862
3.146
2.899
1.985
3.642
3.882
3.699
2.405
3.101
2.44
2.041
2.883
2.671
1.816
2.582
3.172
3.831
3.797
2.155
2.529
3.904
3.403
1.925
3.677
2.455
3.161
1.884
3.162
2.912
2.237
1.5
3.089
2.001
3.049
1.674
2.392
2.633
3.676
3.131
3.281
2.555
1.918
3.571
3.383
3.209
3.751
3.733
3.326
1.978
3.664
2.746
2.97
3.532
2.398
3.19
3.186
3.91
2.924
1.999
3.962
2.218
3.653
2.127
1.537
1.738
2.065
1.789
2.857
1.864
3.77
1.884
2.15
3.159
3.403
2.584
2.16
2.553
3.616
3.218
2.723
3.673
3.109
2.528
3.779
2.962
3.143
3.173
2.624
3.572
2.902
1.689
3.628
2.824
3.494
3.247
1.907
1.746
3.405
2.759
2.85
3.81
2.412
2.323
2.583
2.707
2.909
3.936
2.369
3.597
3.208
2.392
2.917
3.851
3.573
3.477
2.759
2.581
3.2
2.381
3.365
2.098
3.017
2.785
3.646
3.314
2.529
3.037
2.039
2.664
1.955
3.482
1.665
3.546
2.245
2.114
2.287
1.506
2.303
2.775
3.812
3.351
2.118
3.055
3.783
2.858
1.776
2.973
2.387
1.687
1.998
3.81
3.092
2.6
2.063
1.728
1.556
1.753
3.873
2.596
2.115
2.476
3.177
3.94
3.525
3.781
1.54
2.565
3.362
2.01
3.699
2.16
3.671
2.295
1.952
1.568
2.669
1.837
2.548
2.617
2.451
2.048
3.205
3.702
2.764
2.853
3.225
2.579
3.418
3.083
2.777
2.642
2.025
3.052
1.611
1.616
3.991
2.748
3.23
3.504
2.473
3.659
2.531
2.629
3.838
1.69
2.973
2.039
3.828
2.766
3.572
3.262
2.593
2.711
3.443
1.847
3.305
3.873
2.148
2.588
2.208
2.691
3.995
3.449
3.372
3.113
3.688
2.176
3.072
1.514
3.601
2.157
3.094
1.931
2.347
2.98
2.091
3.817
3.327
2.987
2.117
3.2
1.741
2.104
2.957
3.967
2.593
2.665
3.678
2.461
1.916
2.945
3.114
3.386
3.121
3.722
3.185
3.037
3.307
3.278
2.479
2.619
3.432
2.118
2.958
3.372
3.963
3.667
3.922
3.854
2.489
2.986
2.676
1.74
2.305
3.68
2.079
2.98
1.853
1.703
2.98
3.841
2.998
1.945
3.093
3.134
2.828
2.284
1.989
3.943
2.394
2.646
1.936
3.418
3.724
3.827
2.374
3.054
1.823
2.462
2.915
3.165
3.116
2.822
2.542
2.955
1.854
1.958
2.31
3.538
1.804
1.719
3.577
3.128
1.718
1.998
2.061
1.93
2.532
3.709
3.608
2.861
3.705
3.327
1.567
2.864
3.424
2.344
3.903
2.993
2.709
3.019
2.859
2.277
2.585
1.935
3.188
2.556
1.548
2.496
2.26
2.328
2.566
2.366
2.172
2.354
3.613
3.401
1.748
3.555
1.998
3.15
1.761
2.004
2.769
3.215
1.631
Error de lectura!!!
2.252
2.937
2.862
2.67
1.792
1.701
2.498
3.897
2.435
3.813
1.501
1.832
2.693
3.223
1.803
2.249
2.617
3.961
2.954
1.797
2.961
2.819
2.32
1.532
2.257
2.615
3.46
2.586
2.562
1.758
3.493
2.745
3.75
3.114
1.875
3.065
2.646
1.659
1.923
1.847
3.456
3.712
3.429
3.935
2.539
3.535
2.429
2.414
2.495
2.241
2.967
1.602
2.996
1.79
1.924
2.562
2.051
2.17
3.924
1.919
Error de lectura!!!
3.999
1.607
1.611
3.216
2.708
2.986
2.103
2.69
3.717
3.359
3.344
1.753
1.804
3.164
3.542
1.575
1.938
2.012
1.909
1.632
1.68
1.751
1.644
2.712
2.839
3.188
2.349
2.828
1.639
2.26
2.349
2.893
2.401
3.774
3.74
3.656
2.558
3.467
3.741
2.659
2.173
3.34
3.189
3.629
1.651
3.177
1.759
3.803
3.229
3.652
1.771
1.573
3.183
3.644
3.104
1.813
3.132
3.928
3.565
3.732
1.673
2.986
3.41
3.753
3.065
3.942
2.5
2.046
2.83
3.242
3.1
3.382
1.808
2.016
3.764
2.233
3.154
1.504
3.251
1.67
3.167
2.515
2.074
1.769
3.906
2.885
2.462
2.633
1.506
3.645
3.057
2.794
3.997
3.092
3.007
1.741
3.268
2.343
1.674
1.789
2.307
3.692
3.913
2.997
2.24
1.642
3.154
3.679
2.669
1.932
1.904
1.669
3.793
1.517
2.183
3.729
1.73
1.95
2.271
3.831
1.784
2.481
2.166
3.065
3.042
3.675
3.206
2.985
2.447
2.424
3.733
2.552
2.921
3.451
1.638
2.697
1.567
1.853
2.165
2.928
1.62
3.474
2.133
3.661
1.736
1.706
3.717
2.008
2.257
1.655
2.034
3.69
2.207
2.207
3.634
1.654
3.809
2.561
3.686
3.708
1.576
1.664
3.205
3.118
3.131
2.121
2.056
2.743
3.566
3.411
1.788
1.905
1.953
2.135
2.095
2.561
3.369
3.018
1.535
3.393
2.3
2.622
2.93
2.307
1.954
1.533
1.843
2.158
1.632
2.573
1.538
3.473
3.528
3.098
2.235
2.581
2.55
2.153
1.517
3.571
2.801
3.085
2.223
2.999
3.397
2.965
3.161
2.523
2.148
2.463
1.681
2.79
3.306
1.771
2.069
2.099
2.301
2.725
3.021
2.421
1.577
2.619
2.36
1.82
2.032
1.922
2.88
1.732
2.844
1.586
3.091
1.838
3.399
2.628
3.664
3.056
1.623
1.943
3.262
1.779
2.976
1.766
3.441
3.125
1.963
3.135
2.969
2.183
3.483
3.533
2.143
1.871
2.836
3.606
2.337
2.142
3.488
3.797
3.356
3.763
2.77
3.773
1.769
2.135
3.776
3.162
3.124
1.768
2.577
2.141
3.564
2.74
2.798
2.929
3.382
1.841
3.566
2.173
2.844
2.707
3.917
3.798
2.179
2.279
3.503
3.975
2.439
3.871
2.018
3.593
2.001
3.585
3.328
1.578
3.267
1.633
2.683
1.594
2.932
3.947
3.895
2.083
1.811
1.662
2.435
3.712
1.791
3.784
2.633
1.804
3.131
1.996
1.821
3.507
1.65
3.244
2.125
1.931
2.975
2.463
3.271
2.432
2.593
3.84
1.738
1.942
3.413
2.609
3.486
1.99
1.854
3.221
3.632
3.964
3.289
2.333
1.718
2.572
1.809
2.624
3.077
2.131
1.881
2.692
2.688
3.378
1.776
2.96
2.317
3.252
3.909
1.526
3.141
1.876
1.936
2.588
3.825
2.364
2.883
1.757
2.083
2.764
2.089
3.863
1.621
1.699
3.66
3.482
1.566
2.023
2.977
2.091
2.388
2.268
1.929
3.883
2.437
2.773
1.935
2.506
2.036
2.027
1.924
3.037
3.522
1.659
3.695
3.051
3.74
3.316
3.892
1.866
3.485
1.812
2.207
1.602
3.744
2.998
1.977
3.918
3.579
1.988
3.524
2.7
2.232
1.974
3.345
3.164
2.143
3.128
2.821
2.346
2.618
2.543
3.077
3.717
3.016
3.53
2.082
3.204
3.598
2.507
2.931
3.097
1.884
2.316
3.979
2.098
2.107
2.997
1.71
3.498
2.17
1.892
2.322
1.826
2.904
2.803
3.645
2.034
1.805
2.672
3.038
2.489
3.463
2.236
3.438
2.345
2.393
3.198
2.231
3.396
2.524
1.553
1.914
3.266
2.934
3.559
2.09
3.223
3.51
1.985
2.838
3.584
3.073
3.942
2.847
1.864
2.751
3.403
2.23
3.983
1.978
3.803
2.021
3.42
1.7
3.845
2.573
3.236
3.981
3.802
3.364
3.331
2.931
3.839
1.595
2.414
2.531
3.28
1.589
3.683
2.357
2.104
2.169
3.251
3.258
3.819
3.233
2.707
3.058
2.874
1.763
3.646
2.932
3.467
1.63
1.54
1.613
1.913
3.621
2.023
1.719
2.095
1.584
1.877
1.745
2.966
1.551
3.142
3.267
2.06
3.923
2.01
2.347
1.956
1.722
3.113
1.794
2.927
2.86
3.494
3.307
3.494
3.87
3.814
1.909
1.601
3.362
3.085
2.4
1.852
2.096
2.734
2.45
2.521
3.842
3.738
1.631
2.316
3.893
1.926
3.679
3.616
1.894
1.655
3.75
3.323
2.967
2.535
1.646
3.098
1.656
3.389
3.284
2.685
1.763
3.683
2.99
3.237
3.653
3.164
3.882
1.526
2.783
1.522
1.935
2.846
3.77
1.666
2.652
3.128
3.807
2.282
1.619
2.209
1.544
1.637
2.511
3.95
2.004
3.847
1.762
1.783
3.066
2.675
3.358
3.626
2.801
1.549
1.688
2.854
2.45
1.725
3.609
2.375
1.93
2.346
3.898
1.904
2.091
2.659
2.384
2.654
2.556
2.969
3.245
3.077
2.76
3.275
2.515
2.772
3.992
2.065
2.217
2.627
2.996
1.751
2.97
3.529
3.712
2.775
2.232
2.936
3.098
1.614
3.727
2.46
2.248
2.297
3.267
2.91
3.428
2.282
3.916
3.451
2.479
3.346
2.892
2.012
2.839
2.629
2.805
1.77
2.181
2.878
2.069
2.12
2.628
1.72
2.587
2.043
3.091
2.667
3.894
2.029
2.93
1.862
3.144
3.292
1.912
3.884
2.949
3.195
2.977
1.577
1.925
2.811
1.697
2.505
2.762
3.654
2.96
2.482
2.747
2.267
3.408
2.083
3.308
1.531
2.349
2.166
1.629
2.699
2.417
2.345
2.796
3.722
1.933
3.368
3.176
1.619
3.435
3.118
1.986
2.214
3.984
2.159
1.764
1.812
2.5
3.571
2.959
2.936
1.58
3.108
1.871
3.07
3.003
2.312
1.602
3.441
1.702
3.14
2.05
2.397
3.528
1.751
3.485
1.649
3.593
3.869
3.726
2.031
3.898
1.591
1.597
3.509
2.063
3.262
2.784
1.694
2.554
1.742
3.798
2.255
1.707
3.78
1.988
1.946
3.762
3.821
2.816
1.554
1.67
1.993
1.819
2.85
2.077
2.422
2.158
3.359
3.912
2.496
2.175
1.545
3.08
1.923
2.913
1.8
3.173
3.134
2.417
2.762
1.734
1.761
3.779
2.799
3.441
1.719
3.011
2.371
2.828
1.697
3.176
1.601
3.248
2.282
1.822
2.831
3.65
2.043
3.072
2.185
3.603
2.388
2.405
3.98
1.581
1.566
2.38
3.971
3.679
1.857
2.519
3.755
2.224
3.678
2.222
2.513
3.919
2.159
1.734
3.268
2.532
2.825
2.265
1.984
1.702
1.865
3.099
1.766
3.05
2.677
3.03
2.065
2.302
2.127
1.521
1.911
3.096
3.94
2.666
2.862
1.684
2.512
2.249
3.805
2.479
1.876
3.464
1.993
3.85
2.753
3.197
3.003
2.113
2.219
1.636
2.478
1.569
2.074
1.892
3.469
2.207
2.809
2.159
3.648
2.423
3.791
2.069
1.638
3.035
3.122
3.703
3.562
1.746
2.304
2.084
3.78
2.759
2.971
2.665
3.537
2.686
3.141
3.484
2.415
3.496
2.287
2.944
3.261
2.292
2.692
2.371
1.795
3.028
3.339
1.512
2.56
1.942
2.485
3.219
1.596
2.102
2.983
2.647
2.668
3.373
3.724
3.929
2.219
3.085
3.622
2.023
3.728
2.063
2.995
1.911
2.042
1.575
1.822
1.913
2.098
1.668
3.868
2.186
3.106
2.522
2.965
2.201
1.79
1.617
3.168
2.278
2.189
3.271
3.671
3.802
3.402
3.132
1.978
3.386
1.507
1.805
2.991
1.673
1.59
2.796
3.044
2.487
2.269
1.949
3.538
1.683
3.152
3.716
2.496
2.544
2.156
1.658
2.615
3.859
3.943
2.78
3.155
1.737
2.46
2.381
3.985
2.891
3.242
3.497
2.938
2.091
1.689
2.99
3.797
2.534
2.95
3.897
1.56
3.813
2.644
2.094
3.494
2.999
3.99
3.845
2.854
3.427
3.111
1.876
3.155
2.803
3.229
2.285
2.878
2.22
2.598
2.981
3.175
1.804
2.005
2.294
1.596
2.644
3.825
2.726
3.048
1.568
2.63
2.174
3.134
2.991
1.893
2.208
2.412
3.201
1.907
3.433
2.977
1.669
3.74
3.139
3.51
1.935
3.958
2.057
2.61
1.919
2.985
2.863
3.913
2.509
2.771
1.529
1.871
3.989
2.924
2.956
2.981
2.139
3.792
1.659
2.968
2.937
2.324
3.117
1.782
1.533
3.182
2.453
1.833
1.789
3.244
3.302
3.578
1.666
2.085
2.332
2.494
1.67
2.716
2.826
3.746
2.952
3.734
3.185
3.915
3.753
3.388
3.062
2.533
2.51
3.718
3.687
2.472
2.264
2.245
3.438
3.866
3.213
3.531
3.106
3.263
2.503
1.897
2.35
2.975
1.625
1.728
3.137
1.655
2.661
2.035
1.74
1.725
3.544
2.606
2.439
3.326
2.831
3.832
3.918
2.435
3.634
2.669
2.201
1.501
2.537
3.227
3.355
3.812
2.884
2.741
2.438
3.383
1.547
2.995
1.99
1.653
1.802
3.943
3.484
1.848
2.244
2.452
2.119
2.772
2.217
1.562
3.086
3.509
1.671
3.517
2.332
3.096
3.607
1.533
3.811
2.996
2.902
2.295
3.357
3.762
3.041
3.512
2.42
3.962
2.381
1.753
3.5
3.825
3.948
2.853
1.551
2.309
2.03
1.542
1.678
3.458
2.569
3.901
2.096
2.144
2.795
2.736
2.782
3.917
3.037
3.692
2.361
2.651
3.646
1.624
3.131
1.562
3.804
1.965
2.868
2.043
3.458
2.009
3.967
2.115
3.899
2.911
3.141
2.686
3.64
1.837
1.508
2.977
1.789
2.34
2.323
1.593
1.836
3.434
1.835
2.479
3.114
2.458
2.409
2.737
3.653
2.284
1.65
3.943
3.135
1.896
2.663
2.577
1.527
1.719
3.63
1.783
1.585
2.158
3.55
3.532
2.35
2.228
3.8
2.848
3.764
3.717
2.212
1.751
2.367
2.894
3.168
1.595
2.827
1.935
1.674
2.964
3.889
3.245
3.396
2.704
2.68
3.091
1.624
3.963
2.74
2.655
2.539
1.604
3.035
3.893
2.665
2.749
1.833
2.218
1.747
2.072
1.595
1.756
2.87
2.236
2.695
2.606
2.949
2.291
2.176
2.143
2.869
2.527
2.515
2.997
2.924
1.764
3.185
3.165
3.895
3.07
3.297
1.513
2.7
2.212
3.691
3.822
2.043
3.05
3.476
3.808
3.128
1.662
3.391
3.317
2.281
2.77
1.91
3.558
27.617
3.052
2.329
3.015
2.965
3.424
3.742
2.081
2.699
3.331
3.682
3.131
3.859
2.594
1.858
2.577
2.142
3.368
3.074
3.489
3.282
2.19
2.982
2.127
3.156
2.727
3.172
2.937
3.144
3.366
3.594
1.717
3.997
3.906
2.732
1.934
3.481
1.682
2.046
3.363
3.89
1.96
3.624
3.029
3.047
2.92
3.386
1.784
3.629
2.194
1.645
3.143
2.536
2.667
3.854
3.438
3.018
2.066
3.578
2.582
2.433
3.905
2.926
3.43
3.373
3.268
2.684
3.991
3.103
3.184
2.026
2.089
2.572
3.755
3.979
3.169
2.59
3.627
1.753
2.28
2.018
2.331
3.319
3.768
2.531
2.592
3.17
2.534
3.661
1.946
2.552
3.693
3.426
3.075
2.753
1.962
3.344
3.801
3.544
2.093
2.949
2.278
3.553
3.03
3.274
2.518
3.478
2.984
2.351
3.634
2.968
2.159
3.597
3.623
3.229
3.576
1.737
2.66
2.706
2.523
3.834
3.198
3.792
2.547
3.857
1.723
2.245
3.073
2.988
2.096
3.914
3.171
3.482
2.646
3.855
3.724
3.137
3.51
3.569
2.435
2.597
3.263
3.768
2.396
3.012
2.32
2.8
2.237
2.138
1.915
3.377
2.165
1.864
3.04
3.999
2.707
2.765
3.899
3.372
2.835
2.813
2.892
3.428
3.984
2.947
3.712
2.542
1.691
3.51
1.628
3.8
1.786
2.603
3.716
1.797
3.773
3.748
2.014
1.829
2.39
2.015
3.297
3.183
2.768
1.902
3.282
3.506
1.903
3.241
2.923
2.567
3.025
2.315
3.01
1.928
3.593
3.813
3.363
3.689
3.224
2.203
1.82
2.512
2.027
3.958
3.708
3.733
1.63
2.642
3.534
3.233
3.489
1.891
3.426
2.679
2.435
3.048
3.841
3.797
1.622
2.608
3.919
3.941
2.304
3.866
3.021
2.906
2.543
3.665
3.289
3.037
3.765
3.899
3.031
3.599
2.497
3.486
3.873
2.601
3.866
3.038
3.026
2.32
3.643
3.824
2.887
3.038
1.895
2.642
2.217
1.599
2.252
1.869
3.101
2.126
3.959
3.492
3.271
3.368
1.602
3.861
2.597
3.826
2.25
3.871
2.782
3.316
1.873
1.675
1.859
1.768
1.964
2.364
2.379
1.896
3.295
2.139
2.851
1.618
1.667
1.898
2.306
2.196
3.81
1.505
1.714
3.682
3.975
2.579
3.487
2.706
3.711
3.185
3.15
1.728
3.882
3.242
3.375
2.033
2.885
3.605
1.915
2.09
3.911
2.396
2.527
3.994
1.942
3.369
1.846
2.841
2.106
3.622
3.977
3.174
3.624
3.545
2.163
1.581
1.853
2.878
3.592
2.864
2.426
1.815
2.3
2.614
3.979
1.714
2.405
2.855
2.592
2.417
3.866
1.963
3.235
2.047
2.132
3.795
3.486
1.959
3.174
2.273
2.642
3.569
3.243
2.304
3.796
3.655
1.858
3.381
3.51
1.814
3.725
1.615
3.515
2.359
2.803
1.575
3.857
2.851
1.865
3.981
3.786
1.783
1.782
3.12
2.854
1.745
1.997
3.425
1.566
1.925
2.739
2.039
3.518
3.972
2.837
2.724
2.074
2.125
1.781
3.66
1.843
1.742
3.384
2.422
2.847
3.602
2.324
3.447
3.805
2.565
2.582
2.056
3.542
3.209
2.809
1.973
2.071
1.615
2.074
2.736
2.964
3.965
2.014
3.196
3.41
3.022
3.322
2.496
1.788
3.824
1.706
1.916
3.902
1.725
2.773
3.375
3.202
3.139
2.272
2.236
1.509
1.575
2.37
2.137
1.852
2.939
2.445
2.714
2.994
2.081
1.612
1.952
1.847
2.542
3.233
3.691
1.633
1.758
2.609
1.899
1.668
2.077
2.096
3.842
3.34
2.876
3.645
2.512
3.028
3.542
2.198
3.942
3.236
3.96
2.643
3.866
3.854
1.655
3.96
2.638
3.444
3.979
3.988
2.179
1.74
2.549
2.638
3.784
1.656
3.352
3.435
3.853
2.966
2.102
3.162
2.664
3.611
3.507
3.229
2.937
1.576
2.399
3.879
1.8
1.638
3.81
2.483
2.175
3.502
1.73
3.32
2.067
1.606
1.655
1.721
3.707
2.132
2.189
2.568
3.312
2.496
2.468
2.551
3.972
3.369
3.978
1.528
2.536
2.369
1.576
2.896
2.876
3.401
3.404
2.721
2.435
2.893
1.552
2.162
2.02
3.772
3.683
3.948
2.141
3.993
2.445
2.592
1.52
3.604
2.448
2.03
1.525
1.513
3.588
3.119
3.59
2.257
2.236
2.669
3.423
3.644
3.277
1.95
2.942
2.911
1.581
2.757
1.627
3.256
2.363
1.853
1.889
2.625
2.157
2.626
2.35
3.341
2.073
3.879
2.04
3.242
1.522
3.106
3.256
3.44
1.897
3.507
1.55
3.496
2.117
1.937
3.757
3.316
2.548
3.573
2.849
2.626
3.51
1.702
3.985
1.791
1.96
2.141
2.758
2.473
1.898
3.221
3.917
2.587
3.851
3.942
3.649
1.9
3.976
3.703
2.89
2.611
3.775
3.405
3.542
1.769
1.59
3.874
3.021
1.677
3.483
2.986
3.645
2.778
2.851
3.564
3.798
3.313
2.018
2.216
3.681
2.16
3.215
3.157
2.323
1.635
2.199
2.091
2.232
3.673
3.901
3.023
3.867
3.478
3.335
1.608
2.275
2.706
2.079
3.966
1.701
3.182
1.644
2.698
1.641
3.376
2.073
3.368
2.697
1.549
3.905
3.791
3.153
3.453
3.803
3.624
3.314
2.454
2.389
1.837
3.358
