3.368
3.082
3.464
3.019
2.245
3.282
2.646
2.545
1.796
2.237
1.665
2.005
1.781
3.41
2.973
1.612
2.489
3.758
1.548
3.156
2.28
3.799
3.074
2.139
3.156
3.324
2.356
3.949
2.893
2.807
3.92
2.163
3.436
2.683
2.368
2.366
3.063
3.28
3.726
2.753
2.811
2.211
3.952
3.279
2.173
1.954
1.831
2.131
3.833
3.719
2.608
1.775
3.875
3.66
3.11
2.788
2.456
1.605
3.396
3.622
1.602
2.031
3.649
2.622
2.518
2.228
3.204
3.439
2.236
1.945
1.967
1.999
2.178
2.191
3.154
2.134
2.889
1.719
3.605
2.485
1.884
3.321
2.82
2.658
2.406
2.945
1.725
3.779
3.012
2.623
3.935
3.987
1.978
3.563
3.251
3.716
2.836
2.667
3.335
2.368
3.947
1.747
2.681
3.277
3.788
2.818
3.566
1.89
2.419
1.868
2.74
2.997
2.948
2.87
3.984
1.781
3.679
2.952
1.934
2.113
2.513
2.861
1.656
1.547
2.241
1.95
1.553
1.558
2.031
1.735
3.758
3.812
2.174
2.403
2.585
1.938
2.182
3.225
2.524
3.519
2.729
2.296
2.221
1.681
3.626
1.83
1.6
3.771
3.003
2.101
2.234
3.358
2.245
2.974
2.493
3.992
2.96
3.775
3.604
3.58
1.813
3.213
2.998
3.664
3.17
2.861
1.911
1.725
3.918
2.471
1.822
3.481
3.521
2.77
3.14
2.576
1.659
3.009
3.393
3.71
3.207
2.414
2.025
3.176
2.803
2.289
2.738
2.941
3.705
3.104
3.044
2.985
3.015
3.433
2.476
2.13
2.395
1.589
3.206
3.149
1.8
2.141
2.573
2.963
3.423
1.987
2.507
2.846
1.861
3.004
2.054
3.664
2.373
2.334
2.052
3.889
2.925
1.929
1.978
3.854
1.726
2.137
2.191
2.899
2.892
3.771
2.465
3.072
2.031
2.781
3.682
3.289
3.721
3.994
3.664
3.994
2.55
3.909
2.835
2.478
3.271
2.395
2.832
1.914
3.314
3.436
2.993
3.821
3.364
3.471
2.249
3.226
3.476
2.168
2.85
1.825
1.705
3.738
2.93
3.765
2.988
1.502
2.785
3.724
1.573
3.562
2.402
2.315
3.903
2.35
1.961
1.642
2.554
2.795
2.555
2.305
2.312
1.846
2.687
3.658
2.501
3.673
3.341
2.885
3.401
3.305
3.859
1.761
2.043
2.404
2.989
3.73
1.502
3.383
1.754
2.892
1.656
3.573
3.867
1.506
2.198
4.0
1.667
1.579
1.858
2.414
2.095
3.615
2.643
2.956
2.466
1.912
3.686
3.665
2.059
3.084
2.108
2.537
3.368
3.467
1.649
3.875
2.435
2.116
3.43
2.668
2.156
2.767
3.85
2.166
2.324
3.315
3.302
2.199
3.041
1.771
2.558
3.349
2.005
1.942
2.164
1.683
1.984
3.068
1.54
3.953
2.106
3.838
3.883
3.542
2.323
3.408
2.57
2.423
3.928
3.829
3.318
2.522
1.994
1.593
3.363
3.284
2.338
1.904
1.601
3.42
3.202
1.605
2.305
1.565
2.501
3.364
3.799
2.747
2.947
3.252
2.184
1.693
3.215
1.73
3.034
2.539
3.988
3.914
2.67
1.937
2.568
3.927
2.703
2.359
2.594
3.846
3.045
2.507
1.734
3.855
1.867
2.761
3.842
2.428
2.948
2.038
1.724
3.048
3.007
3.773
1.779
1.692
1.878
2.272
2.113
3.114
3.048
1.995
2.839
2.323
3.924
3.161
1.723
2.765
1.708
1.971
3.572
1.666
3.804
2.812
3.405
3.697
3.02
1.526
3.903
2.997
3.625
2.64
2.447
2.99
2.344
3.337
3.496
1.897
2.99
1.58
3.441
2.571
2.363
2.323
2.31
3.507
3.323
1.896
2.577
2.713
2.257
3.413
2.011
3.987
2.457
1.916
3.513
3.842
2.786
3.995
3.641
2.34
1.819
3.538
2.844
3.462
3.937
2.074
3.354
3.348
2.399
3.091
2.558
2.062
1.628
2.472
1.722
3.79
2.075
1.541
3.538
3.01
2.658
1.996
2.881
2.308
1.591
1.866
2.162
2.966
2.49
2.351
3.238
3.0
1.803
3.519
3.948
3.141
2.353
3.018
3.701
3.511
2.158
1.966
2.052
1.913
3.5
1.702
1.709
3.337
1.653
2.36
2.063
1.864
2.53
3.183
2.43
2.69
3.5
2.705
3.217
2.028
3.09
2.432
1.777
3.672
3.016
2.016
1.722
2.025
1.568
3.385
2.679
3.059
3.078
1.502
3.747
2.686
3.478
3.057
3.152
2.964
2.402
3.816
3.426
3.909
3.939
3.488
3.611
2.453
1.675
3.327
2.92
1.953
3.974
3.892
3.474
3.603
3.01
3.802
2.314
1.87
2.846
2.562
3.008
3.115
2.676
3.268
3.415
2.41
3.589
2.011
1.873
2.526
2.75
3.927
1.776
1.888
1.621
2.161
1.587
2.197
3.807
2.584
3.252
1.774
2.167
2.906
2.819
3.012
2.086
3.552
2.948
2.122
1.766
3.949
2.162
2.523
2.895
2.048
3.016
3.366
1.531
2.673
3.78
2.523
3.29
1.98
3.588
2.243
3.542
2.046
2.382
2.566
1.794
3.948
1.721
2.238
3.637
3.209
2.089
3.2
3.086
3.139
3.59
2.906
2.368
3.64
1.982
3.429
2.805
1.617
3.74
3.621
2.882
3.608
2.707
2.796
3.348
3.105
1.831
3.059
2.563
3.359
1.665
2.65
2.461
3.537
1.916
2.053
2.435
3.332
3.929
2.47
2.648
2.481
2.305
3.579
3.022
1.517
3.517
3.946
3.002
3.676
3.664
1.518
1.858
2.297
2.08
2.544
3.492
1.955
1.696
1.727
2.534
2.622
2.289
2.274
3.542
3.967
2.791
2.943
2.862
2.308
3.858
2.411
1.948
2.909
2.857
1.84
2.554
2.764
1.648
3.807
3.605
2.517
3.133
2.69
3.155
2.867
3.889
3.97
2.507
2.507
3.838
2.043
3.213
3.585
3.742
3.706
2.209
2.348
3.434
3.608
1.658
2.39
2.235
2.401
2.82
3.252
1.988
1.53
2.64
2.277
2.783
2.833
3.312
1.813
1.693
3.724
3.736
2.795
1.507
1.545
3.451
3.998
2.962
2.003
1.649
2.972
3.075
2.296
2.285
3.261
1.618
2.731
2.861
2.999
3.227
3.685
2.452
3.825
2.73
1.963
2.335
3.858
1.73
3.858
3.176
3.068
3.859
2.238
2.371
2.431
1.727
2.022
1.8
1.618
3.425
3.263
1.81
2.432
1.828
2.851
3.227
3.743
2.796
1.649
2.271
2.055
2.383
3.726
2.025
3.871
3.342
3.363
3.279
3.377
3.752
3.631
3.703
2.626
2.169
2.668
2.778
3.309
3.771
2.409
3.378
3.318
3.107
3.65
3.734
2.451
3.011
2.135
3.795
1.501
3.962
2.298
1.88
2.698
2.891
2.753
3.777
2.822
3.72
2.61
3.292
3.322
2.368
3.068
3.996
2.868
2.843
1.648
3.541
2.781
2.625
3.467
3.727
2.393
1.591
2.717
3.274
2.988
3.18
2.867
3.569
3.523
2.635
1.899
3.062
3.492
1.835
1.578
2.409
2.583
2.293
3.901
3.494
2.008
1.688
3.208
2.362
1.795
2.425
3.123
3.32
2.948
2.546
1.615
1.844
2.391
2.849
3.86
3.199
3.529
2.465
2.803
2.841
3.581
2.816
2.362
3.035
3.496
2.953
3.406
1.59
3.871
2.128
3.259
2.345
3.463
1.587
1.526
1.591
3.894
1.719
3.449
3.142
3.735
2.769
1.994
2.503
3.279
3.141
3.51
2.181
3.327
3.36
3.539
2.911
3.324
2.015
3.51
1.622
2.681
2.878
3.854
1.841
1.925
3.261
1.93
3.912
2.639
2.497
2.994
3.855
3.594
2.726
2.019
3.152
1.646
3.712
2.816
1.58
3.208
1.682
1.725
1.605
3.556
3.881
3.333
2.781
3.817
1.776
3.411
3.465
2.114
3.83
2.27
2.134
2.91
1.854
2.075
1.932
3.182
2.7
2.471
1.847
2.639
1.604
2.774
3.985
3.984
2.825
2.676
2.332
3.672
3.826
2.105
1.986
2.627
3.566
3.709
3.237
3.914
3.924
2.884
2.526
2.53
1.964
1.674
3.541
3.72
2.002
2.609
2.197
1.722
3.622
3.05
2.694
1.606
2.256
2.358
3.146
3.665
2.873
1.81
1.841
1.76
3.026
3.303
3.386
2.585
2.546
2.774
2.272
1.641
3.174
2.027
2.994
2.606
1.683
2.823
3.908
2.767
3.418
3.987
1.84
2.148
3.882
3.456
3.748
1.734
3.425
1.801
3.309
3.616
3.417
1.502
3.471
1.835
2.808
3.774
2.003
1.85
3.4
3.157
2.475
3.229
2.148
3.154
1.744
2.254
1.827
1.973
3.881
3.289
2.791
3.589
2.537
1.967
3.186
3.166
3.541
3.779
3.618
2.549
1.827
1.763
1.799
3.385
3.502
3.672
1.65
3.493
1.5
3.262
3.414
3.162
2.384
2.944
2.753
3.876
1.724
2.931
3.348
2.156
1.954
3.52
2.144
2.325
2.437
3.688
3.479
1.974
2.696
3.48
3.21
2.472
2.967
2.544
3.515
2.859
1.524
3.039
3.174
3.767
3.322
3.979
2.564
3.324
3.896
3.535
3.777
1.953
1.904
1.896
3.836
1.621
1.849
3.907
2.216
3.423
3.067
2.713
2.856
3.411
3.411
2.643
3.746
2.08
1.604
3.277
2.161
1.8
2.921
3.319
3.202
2.298
1.9
2.078
2.303
3.568
3.805
3.447
3.07
3.055
3.037
3.267
1.546
2.136
1.93
3.292
3.007
3.243
2.624
2.496
2.04
2.139
2.844
2.709
2.426
1.764
2.627
3.858
3.044
1.58
2.526
2.13
1.943
2.561
2.546
2.219
1.803
2.644
3.796
2.202
1.67
3.547
1.769
1.991
1.726
2.034
3.958
2.051
2.473
3.898
2.158
3.198
3.08
1.535
3.092
3.609
3.369
1.651
3.157
3.565
1.994
2.631
3.631
2.602
3.678
3.016
1.938
2.488
3.763
2.73
3.725
3.341
2.284
1.577
2.133
3.635
2.484
2.465
3.494
3.752
3.833
2.564
1.647
2.805
2.287
1.997
2.251
2.343
3.35
3.063
3.675
1.578
3.78
2.114
3.442
1.532
2.604
2.43
1.863
3.467
2.285
3.58
3.169
1.9
3.114
2.362
2.496
1.576
1.7
3.262
3.096
3.678
2.909
3.298
2.971
2.803
2.117
2.092
3.004
2.359
2.826
3.701
1.601
2.34
3.788
1.778
1.624
2.505
2.943
3.87
2.009
3.43
2.942
2.028
3.821
1.887
2.74
2.934
2.488
2.749
3.285
2.187
3.335
3.14
3.96
2.073
2.202
3.471
3.906
3.198
3.834
3.603
3.9
3.08
2.39
3.115
1.592
2.228
1.944
3.526
3.288
2.694
3.288
2.059
1.635
3.691
1.696
3.495
3.241
3.068
2.707
2.631
2.882
1.693
3.704
3.399
1.934
1.938
2.729
3.231
2.887
1.777
3.25
1.647
3.404
3.677
2.307
1.897
3.557
1.827
1.699
2.445
1.792
2.166
3.559
3.957
3.275
3.916
3.487
1.961
3.953
2.659
2.258
2.454
2.795
1.98
3.764
1.845
3.596
3.65
3.974
3.726
2.145
2.376
2.136
2.934
2.638
3.194
3.757
2.312
2.742
2.18
1.619
1.572
2.642
3.347
1.958
2.41
2.623
2.83
2.021
3.202
2.192
1.664
3.097
3.1
3.551
2.244
1.613
3.85
2.281
2.615
3.923
3.134
2.853
3.043
3.206
1.62
2.981
2.825
3.166
3.311
3.327
2.561
3.629
3.026
1.886
3.682
1.541
3.586
3.557
2.103
1.955
3.175
2.135
2.102
3.869
2.182
3.41
1.835
3.641
2.159
2.39
2.924
3.641
2.259
2.298
2.768
2.41
2.087
3.058
2.179
3.761
3.409
2.11
3.604
2.182
3.824
2.379
3.53
2.183
2.982
2.331
3.646
3.166
2.444
3.732
2.205
3.495
2.589
2.732
3.419
3.999
2.331
3.87
3.533
3.398
3.707
1.96
2.713
3.032
2.885
3.284
2.515
3.235
2.151
2.678
3.882
3.05
2.153
2.618
2.877
3.61
3.215
3.49
2.511
2.484
2.45
3.274
2.204
2.233
3.1
3.424
2.984
3.001
2.408
2.26
1.965
3.672
2.358
2.899
3.901
3.016
2.267
2.111
2.2
3.322
2.241
3.703
2.734
3.728
2.936
2.033
2.575
2.463
3.207
2.098
3.911
1.798
3.104
2.45
3.637
2.319
2.478
3.72
1.95
2.637
3.274
2.302
2.803
3.576
2.833
2.535
3.444
3.175
3.651
2.412
2.2
3.744
2.592
2.037
3.654
3.288
1.931
2.075
3.021
1.941
2.342
3.447
2.995
2.536
1.543
2.941
2.588
2.737
3.495
3.904
3.779
3.649
2.152
1.587
2.645
3.323
2.216
Error de lectura!!!
3.372
3.733
3.12
2.296
2.893
2.181
3.282
2.509
3.483
3.633
3.559
1.968
3.099
3.884
2.59
3.662
3.129
1.93
3.63
2.554
1.505
1.838
2.595
2.805
3.46
1.651
2.904
3.346
3.207
3.146
1.991
3.115
1.684
1.76
2.883
2.445
3.296
3.211
1.535
3.565
2.087
1.631
2.134
1.996
2.639
3.566
2.659
3.742
2.963
3.836
3.712
2.826
2.95
3.668
3.496
1.514
3.379
2.954
2.051
2.951
1.516
1.755
2.693
3.257
3.489
3.177
2.592
1.622
3.931
3.967
2.38
2.151
3.862
3.151
2.121
2.96
2.937
3.94
3.679
3.678
3.493
2.252
1.934
2.04
2.101
2.578
2.676
3.397
3.891
2.156
2.399
3.714
3.026
1.797
2.634
3.904
2.209
3.645
3.65
3.536
1.623
2.057
3.519
2.537
1.576
1.948
3.504
3.359
3.159
2.053
3.129
2.942
1.822
3.445
3.043
1.743
3.711
3.937
1.773
2.411
2.975
2.144
3.718
2.704
2.802
2.034
1.771
3.602
1.966
2.149
2.397
3.112
2.605
3.664
2.329
2.226
3.117
2.809
1.818
3.324
1.87
2.334
1.923
2.762
2.494
2.395
1.877
3.584
2.783
3.225
3.939
3.802
3.973
1.97
2.368
2.306
2.165
2.491
3.616
3.872
1.575
3.098
3.576
2.838
3.477
2.667
3.53
2.567
2.097
3.523
3.693
2.954
1.625
3.586
2.376
2.303
3.128
1.783
2.381
2.912
2.033
2.784
3.266
2.842
1.642
1.895
1.653
3.406
3.928
3.413
1.688
2.882
2.337
3.006
2.531
2.379
1.509
1.528
2.828
1.958
1.986
2.493
2.693
1.892
2.18
3.75
3.612
3.9
2.364
2.157
3.946
1.785
2.275
3.397
2.139
3.276
2.362
2.549
3.737
1.619
1.75
3.351
1.655
1.632
2.849
3.083
2.612
1.519
2.829
3.638
2.151
2.383
2.478
1.987
3.349
2.855
2.824
2.124
2.956
2.559
2.349
1.714
2.2
3.151
2.843
2.521
3.396
2.965
2.189
1.756
2.368
3.685
2.292
1.531
1.984
2.584
3.407
3.56
2.481
1.914
2.574
1.947
2.076
2.442
1.866
1.689
3.399
2.608
1.764
2.366
3.896
2.565
1.82
1.765
3.899
2.424
1.996
3.826
1.799
2.928
2.347
3.139
2.549
2.928
3.452
2.472
2.206
3.767
3.013
1.929
1.681
2.165
3.102
2.237
2.771
2.583
2.231
1.637
2.993
1.995
2.171
2.393
3.761
2.934
1.924
3.752
1.62
3.01
1.507
2.589
2.928
3.543
3.029
2.58
3.088
3.185
3.615
1.77
2.734
3.941
3.0
2.261
2.787
3.396
2.818
1.501
2.198
3.988
1.818
2.304
3.988
1.823
2.373
3.868
3.302
3.348
1.963
2.593
3.975
3.448
3.568
1.631
2.634
3.51
3.88
3.302
2.699
1.913
3.025
3.687
3.664
2.882
3.865
3.407
3.938
3.517
3.93
3.335
3.047
2.409
2.833
3.301
3.376
3.442
1.741
2.737
2.974
2.221
1.884
1.982
1.968
3.947
3.529
1.756
2.482
3.055
2.875
2.109
2.841
3.308
3.463
3.293
3.571
3.343
3.989
3.651
2.482
2.216
2.125
3.528
2.086
1.516
2.578
3.161
3.518
2.323
3.876
3.518
3.184
2.086
2.707
3.553
1.509
3.581
3.981
3.382
3.191
2.66
2.912
1.662
2.776
2.483
2.7
1.894
1.507
3.595
1.729
3.042
3.45
2.355
3.466
2.437
1.907
3.007
2.07
1.746
3.658
2.889
2.246
1.67
2.373
2.878
2.815
2.077
3.232
3.098
2.652
2.39
1.616
2.009
1.507
1.97
3.594
3.822
2.21
3.148
3.3
2.96
2.194
1.896
3.561
3.286
3.885
2.554
1.96
2.383
3.245
3.309
3.128
2.69
2.374
2.159
2.062
3.927
2.121
3.492
2.502
2.829
3.601
2.224
1.832
2.956
3.92
3.018
2.073
3.017
3.715
3.505
3.352
2.549
1.953
3.355
3.9
1.946
3.976
2.757
3.984
3.45
3.073
2.951
2.672
3.089
3.866
2.581
2.434
1.838
3.284
3.457
3.539
2.494
2.573
2.108
3.968
3.146
2.349
1.808
2.0
1.576
2.917
2.995
3.227
2.154
3.39
3.218
3.638
1.641
3.796
2.846
1.767
2.78
3.563
2.276
1.737
1.578
2.038
2.399
2.955
2.78
3.999
3.317
1.714
2.984
1.977
1.596
2.712
2.848
2.693
3.557
2.547
1.724
2.227
3.814
1.586
3.155
2.265
2.634
3.307
3.106
3.467
3.619
2.089
2.446
1.553
3.591
2.584
2.489
2.63
3.722
1.64
2.047
3.316
2.352
2.989
2.719
2.448
1.717
2.574
3.209
3.341
3.729
2.58
1.686
3.609
3.771
3.013
2.576
3.786
3.466
2.456
3.632
2.691
1.841
3.414
1.653
2.544
2.958
1.83
2.386
3.186
1.543
2.927
1.762
3.304
2.911
3.253
2.826
3.784
3.308
3.568
2.578
3.741
2.067
1.513
3.288
3.292
3.738
3.143
1.818
2.856
3.027
2.505
2.346
3.41
1.648
2.317
3.394
3.252
2.101
3.853
3.458
1.863
2.079
2.504
1.558
3.118
2.717
3.78
2.997
3.775
2.055
1.533
1.822
2.073
3.623
2.992
2.052
2.357
3.177
2.037
3.929
2.327
2.255
2.563
1.992
2.071
1.947
3.023
3.431
3.691
3.634
2.208
1.916
3.721
1.692
1.839
2.145
2.052
3.162
2.607
3.208
3.786
3.517
3.85
2.285
3.992
2.919
2.166
3.458
3.725
2.269
3.518
2.185
2.681
3.523
2.096
2.645
1.848
1.899
2.364
1.97
3.248
2.605
1.858
1.552
2.862
3.92
3.595
2.361
3.669
3.94
1.51
2.903
2.92
2.661
1.817
3.822
3.803
2.316
2.933
2.064
2.917
3.149
2.672
1.6
3.904
2.659
1.86
3.573
2.209
3.48
3.256
2.707
2.375
3.568
2.32
2.225
2.063
1.561
3.106
1.729
1.933
2.986
3.118
3.401
3.836
3.801
3.104
2.42
1.857
3.945
3.061
3.88
3.245
2.563
3.621
2.018
3.173
3.681
3.876
2.018
1.863
2.478
2.69
2.167
2.465
2.056
2.374
3.104
3.777
1.609
2.336
2.349
1.952
3.904
3.074
2.272
2.286
3.906
1.677
3.427
2.907
3.281
2.78
2.931
2.754
3.044
3.744
2.468
1.844
3.392
1.9
3.95
2.085
2.475
1.687
2.83
3.134
3.121
3.366
3.391
1.745
1.982
3.42
2.695
2.909
2.908
2.451
2.028
1.934
3.811
2.366
2.623
2.724
2.04
2.103
3.39
3.347
2.97
2.722
2.981
3.574
2.679
2.298
2.905
3.054
3.985
2.604
2.022
2.366
3.34
2.798
3.449
1.877
2.545
2.513
3.205
2.236
2.749
3.181
3.574
1.985
2.835
3.974
3.083
3.995
2.236
1.679
2.68
3.953
3.956
3.536
2.666
3.166
2.666
2.63
2.916
1.967
3.067
3.902
1.902
3.52
2.868
3.236
3.436
2.407
1.679
2.329
2.842
2.429
1.822
2.022
1.8
3.571
3.729
3.46
1.528
1.701
3.516
2.398
3.524
2.259
3.613
3.264
1.888
3.914
1.918
3.064
3.17
2.352
2.198
2.677
3.633
2.384
1.582
1.972
3.85
2.499
3.304
2.719
2.323
2.548
2.276
3.86
1.935
3.576
3.857
2.838
3.699
3.047
2.004
1.798
3.095
1.698
2.071
3.56
2.352
3.115
3.407
3.794
2.293
2.767
3.755
2.73
3.111
1.916
2.88
2.128
2.442
2.034
3.307
3.797
3.489
2.918
2.093
1.694
1.8
3.977
3.15
3.479
1.719
3.611
2.349
3.155
3.682
3.619
1.62
1.803
1.72
2.703
3.844
2.017
3.194
2.82
2.445
1.861
1.726
3.671
2.328
2.93
1.958
3.229
3.376
2.996
3.643
2.401
3.658
3.475
3.521
3.916
2.853
3.556
1.772
2.582
3.183
1.669
1.873
2.834
2.528
1.713
3.764
2.485
2.725
2.872
2.072
1.594
3.084
2.173
1.712
3.35
1.708
2.931
3.87
2.954
2.609
2.884
2.255
3.139
3.432
3.92
2.711
2.235
2.254
1.712
2.556
2.592
3.473
2.928
2.503
3.282
2.322
3.325
1.664
3.933
2.779
1.974
3.525
3.456
2.035
1.754
3.371
2.194
3.409
2.703
3.633
3.113
1.788
3.708
1.522
2.823
2.977
3.455
3.72
3.323
3.383
3.208
3.27
2.707
1.876
1.907
2.848
1.829
2.486
2.316
3.46
1.527
2.076
2.695
1.588
3.287
1.707
2.027
3.762
3.757
2.79
3.507
3.683
3.672
3.273
1.825
2.771
3.03
2.435
3.369
2.21
2.274
2.078
3.683
1.762
3.026
2.288
2.003
3.702
2.422
3.759
3.234
1.656
3.853
2.482
1.732
1.538
3.2
2.458
3.448
2.691
3.901
3.416
3.311
3.881
2.279
3.9
2.481
2.437
2.594
1.836
2.709
1.675
2.409
3.555
2.802
3.271
1.58
2.09
2.905
2.763
1.823
1.984
3.669
3.731
2.696
3.874
3.383
1.722
2.471
1.918
1.587
3.933
3.704
2.205
2.6
3.663
2.585
2.742
3.315
3.651
3.415
2.898
2.31
1.906
3.012
3.086
3.613
3.299
3.769
2.703
2.208
2.663
3.559
2.045
2.759
3.281
2.77
3.2
3.76
2.082
3.268
2.79
1.927
3.751
3.994
3.601
2.55
1.61
3.027
3.739
1.647
2.794
1.653
2.802
2.278
2.477
3.588
3.731
1.689
2.253
1.972
2.537
2.079
2.388
3.844
2.415
3.513
2.09
3.058
2.864
2.226
2.073
2.671
3.496
2.944
3.434
2.306
2.811
2.367
3.103
2.151
2.078
2.311
2.655
3.017
1.811
2.859
3.202
3.732
2.439
1.588
3.935
3.872
1.804
1.57
1.552
3.897
1.728
2.997
3.839
3.468
3.442
3.99
3.695
1.931
2.905
3.518
3.89
2.728
2.163
2.707
1.609
3.046
1.619
3.97
2.062
3.85
2.677
3.413
3.887
3.873
1.586
2.443
3.863
2.855
1.621
2.751
2.055
1.625
2.215
3.82
3.353
2.549
2.491
1.919
2.248
1.889
2.802
2.274
1.952
2.887
1.988
2.835
2.838
3.802
2.892
3.898
1.936
2.397
2.21
1.87
3.377
2.739
2.307
2.762
2.042
1.569
1.846
1.818
3.156
1.577
3.423
1.777
3.15
1.863
2.532
2.66
2.277
2.443
1.64
2.141
1.607
3.728
3.873
2.639
1.608
3.041
3.102
1.702
1.824
2.455
3.726
3.42
2.042
3.285
2.054
1.563
2.25
3.117
2.226
1.946
1.698
3.412
1.96
1.562
3.169
1.707
1.803
3.452
2.024
2.723
2.999
2.526
3.749
3.048
2.021
1.642
3.295
1.73
2.594
1.836
3.134
3.358
3.87
3.197
1.983
2.243
1.829
1.8
2.518
3.431
3.113
1.578
2.727
2.026
3.464
3.225
2.525
3.451
3.478
1.698
3.64
2.785
1.827
1.904
3.703
2.469
1.969
3.815
3.582
1.96
2.626
3.292
3.43
1.918
2.411
2.627
3.378
3.245
3.783
1.798
3.988
1.987
2.955
1.671
3.655
3.362
2.45
3.917
2.719
2.401
3.153
3.251
2.564
3.462
2.062
2.24
2.061
3.515
1.778
2.421
1.667
2.2
3.831
1.753
3.625
3.282
2.914
2.863
2.486
3.986
3.872
3.254
3.672
3.498
3.185
3.327
2.206
2.015
2.104
2.334
3.59
2.649
2.774
1.647
3.334
2.98
2.574
3.939
2.768
3.008
2.036
2.989
2.677
2.28
3.134
2.092
2.508
1.695
2.699
3.025
1.991
3.74
3.279
3.071
2.645
3.365
1.875
3.4
3.029
2.421
2.62
2.633
1.97
2.227
1.845
3.234
3.776
1.647
3.194
1.578
3.452
2.67
3.682
3.71
3.911
2.373
2.257
3.674
1.603
2.68
1.753
3.662
2.004
3.439
2.003
3.289
3.463
3.231
1.737
3.428
3.242
3.927
3.494
3.207
3.806
2.295
2.222
2.84
2.495
2.962
1.618
1.889
3.449
2.479
1.871
1.767
2.565
3.315
1.529
1.789
2.878
2.163
3.17
3.555
2.274
1.968
2.905
3.211
1.829
2.877
1.56
1.567
1.702
1.725
2.823
2.355
2.773
2.445
3.934
2.857
2.365
2.808
3.937
1.711
2.995
2.238
2.963
3.497
2.348
2.863
2.035
2.385
2.43
3.151
1.739
1.59
3.743
2.914
2.286
2.719
3.309
3.648
2.993
3.63
3.542
2.689
2.346
2.74
2.598
2.596
2.009
3.075
2.727
2.831
2.698
2.228
2.317
2.319
3.441
3.584
3.355
3.021
3.084
3.233
3.077
3.609
1.987
3.914
2.658
3.219
2.625
2.566
2.763
2.356
3.752
3.372
3.591
1.68
2.6
3.053
2.985
2.686
3.205
3.22
3.948
3.377
3.362
3.39
2.685
2.581
2.845
2.555
2.409
2.738
3.91
3.321
2.86
2.484
3.919
3.543
3.065
1.892
1.625
2.815
3.15
3.38
2.516
3.379
3.706
2.026
3.435
2.371
2.806
2.693
2.035
2.389
1.565
1.744
3.474
3.454
2.222
1.97
3.279
3.788
1.595
2.907
3.036
2.001
2.039
3.399
3.461
3.575
3.444
3.131
2.197
3.114
3.739
2.837
3.434
3.377
1.949
1.551
1.656
3.329
3.049
2.12
2.8
2.728
2.377
2.291
1.987
2.673
3.589
1.593
2.654
2.188
3.031
3.474
2.121
1.514
3.006
1.587
2.924
1.806
1.924
2.511
2.58
3.788
2.797
3.54
3.538
3.42
2.883
3.539
2.001
1.84
2.03
3.84
1.618
1.661
1.863
3.493
2.189
3.251
2.399
2.341
1.948
2.689
2.872
3.912
3.6
3.892
1.776
3.484
2.445
3.307
2.391
2.973
3.854
2.663
2.843
3.446
2.561
3.871
3.454
2.047
2.115
2.464
3.479
3.578
2.364
3.551
3.051
2.312
2.256
1.907
2.202
2.354
2.06
2.777
2.496
1.87
3.865
3.729
3.657
2.192
3.68
2.573
2.229
2.374
1.982
2.886
2.769
2.624
1.992
2.381
2.096
3.389
1.768
2.057
3.813
2.895
1.592
3.597
2.929
2.406
2.836
3.292
2.863
3.438
3.309
1.746
2.759
2.145
2.289
2.036
2.461
3.525
3.718
1.792
2.454
1.874
2.341
2.803
1.769
3.111
2.853
2.119
2.433
3.762
1.573
1.52
3.412
1.711
2.725
3.267
2.633
1.602
1.734
3.646
2.177
3.958
3.396
2.121
2.956
3.511
2.125
3.41
1.976
3.433
2.108
2.195
3.962
2.145
3.442
1.625
3.467
2.345
2.321
3.432
3.164
3.949
2.923
2.037
1.895
3.407
3.765
3.829
1.932
2.326
3.277
3.776
3.249
2.741
2.826
2.604
2.101
3.467
3.257
2.675
1.782
3.892
1.565
3.125
3.922
2.651
3.369
1.598
3.439
1.749
1.806
3.357
2.073
1.917
3.496
3.07
3.863
1.882
1.825
3.491
1.579
1.964
3.58
2.605
1.663
3.221
1.834
3.039
2.597
3.328
2.212
2.026
3.12
2.949
1.742
2.7
2.327
3.296
2.344
2.828
2.309
2.392
1.722
1.736
2.718
2.156
1.755
2.906
2.351
2.933
2.427
3.85
3.762
1.744
1.736
3.675
2.496
2.648
2.383
2.166
3.242
2.721
2.403
3.162
3.96
3.084
3.749
2.803
3.834
2.255
2.464
3.819
3.694
2.76
3.623
1.911
2.132
3.276
1.672
3.688
3.796
3.746
2.747
3.17
1.766
2.648
3.616
1.621
2.671
2.951
2.999
2.368
2.318
3.606
2.32
3.821
3.186
3.599
2.893
3.608
2.775
2.256
2.346
1.62
2.236
2.283
3.813
3.7
2.549
3.13
2.628
3.677
2.103
2.993
1.613
1.701
3.87
3.001
2.196
3.178
2.161
2.561
3.846
3.678
1.878
3.151
3.406
3.387
1.842
3.109
3.287
2.519
3.087
3.976
2.0
1.813
3.117
3.689
3.653
2.018
3.022
3.845
1.918
3.1
3.823
2.78
2.85
2.361
3.546
2.05
2.578
3.516
1.958
1.679
2.48
2.87
1.919
3.236
3.542
2.984
3.63
2.749
3.334
1.734
3.102
3.858
1.522
3.008
3.856
2.34
2.651
2.363
3.413
1.624
1.843
2.828
1.918
3.069
2.859
2.61
3.385
3.709
1.8
2.444
3.981
2.445
2.327
3.884
1.901
2.62
2.659
2.68
2.073
3.777
3.754
3.076
2.021
2.236
1.529
3.912
3.607
2.612
1.922
1.816
3.283
2.631
3.196
2.736
3.552
1.51
3.093
3.018
3.718
3.944
2.934
2.755
2.537
3.515
3.849
2.603
1.802
2.099
3.241
1.748
3.877
2.044
2.511
1.635
3.491
1.559
2.717
2.207
3.267
2.414
3.347
2.399
2.714
2.253
2.539
1.799
2.218
2.947
2.281
3.097
2.628
3.1
2.947
3.695
1.659
1.633
1.515
3.037
3.289
2.986
3.793
2.039
3.066
2.77
3.982
3.249
2.324
2.701
1.878
3.799
3.152
3.263
1.998
3.782
1.755
3.854
2.779
1.949
2.91
2.159
2.79
2.342
3.429
2.128
2.101
2.073
2.111
3.72
1.61
2.014
3.892
2.131
2.582
2.886
3.749
2.876
1.607
3.367
2.329
2.623
1.68
1.944
3.429
3.531
3.579
3.126
2.091
3.018
2.555
2.693
3.584
2.831
1.921
3.416
3.844
2.721
1.867
3.011
2.081
2.238
2.797
2.432
3.437
1.908
2.395
2.029
2.56
1.815
1.743
2.857
2.828
1.844
3.984
2.278
2.256
1.83
3.014
3.129
1.802
3.789
3.474
2.015
3.718
2.519
3.708
1.673
2.685
2.572
3.459
3.238
3.22
1.897
1.897
1.659
2.718
2.581
3.867
3.797
1.868
1.833
2.434
3.091
2.673
2.552
2.123
3.906
1.747
2.844
2.427
3.454
3.334
2.532
2.874
3.261
1.622
2.049
1.928
2.025
2.924
2.531
2.507
3.104
1.597
1.668
3.928
2.315
1.685
2.684
1.882
3.682
2.437
3.855
1.65
2.155
2.508
2.807
2.295
3.811
2.668
3.885
3.518
1.859
2.419
1.545
3.786
2.914
3.997
2.054
3.106
3.16
3.11
1.673
3.19
3.237
2.216
3.296
2.832
2.667
1.89
3.736
3.215
2.603
1.678
3.501
2.958
3.921
3.315
3.165
3.233
2.556
1.588
2.903
2.101
3.576
3.424
3.935
1.573
2.678
3.845
2.441
2.815
1.924
1.972
3.514
3.244
2.314
2.566
1.73
2.346
2.968
2.551
3.028
2.801
3.731
3.618
1.588
3.102
2.534
1.542
2.975
3.325
3.555
3.714
3.853
2.728
2.436
3.029
1.583
2.535
2.96
3.671
1.547
3.989
1.502
2.35
1.894
3.279
2.38
2.803
3.826
2.069
3.26
3.067
2.714
2.771
3.347
2.82
2.803
3.061
1.94
1.564
2.666
3.879
3.939
3.552
3.249
1.973
3.573
3.169
2.476
2.401
3.375
3.836
1.545
1.866
2.894
2.47
2.185
1.6
3.743
2.445
1.517
2.25
3.003
1.58
3.62
2.38
3.59
1.926
2.632
2.479
3.679
3.712
2.637
1.754
3.715
1.779
3.406
3.858
2.455
3.214
1.653
3.343
3.234
1.632
3.348
3.546
3.234
2.884
2.57
2.809
2.536
3.915
1.71
2.368
3.727
2.373
2.771
3.487
1.666
1.619
2.599
2.53
3.079
1.536
3.435
2.266
3.886
3.584
1.645
3.041
3.854
1.626
3.404
2.575
2.335
2.24
1.6
2.752
3.758
2.942
2.188
2.345
2.095
1.822
1.623
1.738
2.269
3.918
2.714
3.972
2.701
2.233
1.734
3.808
2.084
2.767
2.751
2.25
3.406
2.837
1.848
1.538
3.766
2.492
2.495
2.489
2.318
3.583
3.942
3.457
1.743
1.896
3.733
3.878
3.173
3.497
2.865
2.837
2.968
3.058
1.653
2.348
2.976
2.906
3.399
3.556
2.384
3.875
3.621
2.228
2.314
2.794
3.782
2.697
2.955
1.521
3.197
2.099
3.691
1.694
3.557
1.694
2.71
1.903
2.155
3.646
1.792
3.441
3.961
3.436
3.39
2.39
2.269
3.368
2.323
2.993
2.194
2.836
3.842
2.744
3.031
1.952
3.343
2.9
3.239
2.671
3.72
3.962
3.059
2.132
1.809
2.344
3.51
1.95
2.686
3.742
3.585
2.609
3.576
2.643
2.973
2.706
3.976
1.534
2.921
2.629
2.669
2.068
2.413
2.66
1.735
3.663
2.197
2.82
3.58
3.236
3.524
3.857
2.473
2.145
3.75
3.612
2.215
1.69
3.327
2.418
3.357
2.165
2.142
3.618
3.157
1.902
2.055
3.306
4.0
3.55
3.824
3.065
3.566
3.963
3.718
1.701
2.167
3.894
2.813
3.947
3.419
3.457
3.945
2.351
3.231
3.519
3.093
3.599
2.824
3.528
3.102
1.663
1.637
2.972
2.007
1.672
1.819
2.829
1.882
1.965
2.356
1.843
3.274
2.665
3.715
3.523
2.116
3.025
3.188
1.927
2.948
3.568
2.317
2.239
3.827
2.066
2.547
2.853
2.35
1.711
1.562
2.96
2.398
1.7
1.714
3.658
2.813
3.358
3.49
2.451
1.865
2.11
2.084
2.43
3.828
2.112
3.741
3.472
2.519
3.533
1.61
3.014
3.596
2.712
2.869
2.566
2.89
2.573
2.496
3.597
2.295
2.675
1.729
2.002
3.52
3.303
2.559
1.511
2.057
3.214
3.567
3.413
1.866
3.856
3.303
2.447
2.15
2.245
1.854
2.846
2.828
2.193
3.261
2.746
1.957
2.001
2.164
3.18
2.191
1.857
3.893
1.866
2.721
2.624
3.306
2.552
2.308
2.696
1.712
1.592
2.911
2.763
2.939
2.959
3.593
3.061
2.738
2.633
2.291
3.204
2.279
2.503
2.337
3.166
2.542
3.57
3.29
2.518
3.013
3.273
3.619
3.534
2.77
2.378
2.167
3.338
3.243
1.835
2.056
3.218
3.669
2.229
1.529
1.606
2.437
2.294
2.976
3.092
2.412
3.788
3.646
2.013
2.13
2.929
3.018
2.238
3.853
1.737
2.159
3.026
1.563
1.852
1.711
3.839
3.009
3.03
2.807
3.411
3.987
2.462
1.832
3.448
3.948
2.588
1.566
1.901
3.604
3.449
2.08
3.449
1.98
3.071
2.159
2.541
1.859
1.723
3.591
3.351
1.886
3.315
2.726
2.05
3.055
3.375
2.642
2.162
3.862
2.338
2.763
3.671
3.162
3.775
3.622
2.326
3.467
2.958
1.637
1.909
3.026
2.105
3.76
1.788
3.504
1.966
3.825
2.929
3.508
1.876
2.826
2.466
3.374
1.525
3.264
3.481
2.348
3.373
3.924
2.185
2.258
1.784
2.735
2.833
2.659
2.099
1.735
1.874
3.3
2.043
1.701
1.585
2.005
2.845
1.552
3.633
3.015
2.754
1.723
3.276
1.867
2.125
3.695
3.812
3.591
2.037
1.745
1.646
2.014
2.621
1.8
3.498
2.712
1.632
2.535
3.422
2.58
2.092
3.549
2.887
3.941
3.489
1.867
2.78
3.729
3.898
3.814
2.216
1.581
1.595
2.464
3.33
2.89
3.295
1.649
3.128
1.945
2.991
3.608
2.702
3.037
2.043
3.93
2.952
3.872
1.991
3.636
2.311
1.621
3.828
2.193
3.255
3.05
3.172
3.325
1.748
1.944
3.656
1.999
2.309
1.62
2.053
3.253
3.804
3.969
2.116
2.251
3.35
3.845
2.022
2.179
3.602
3.892
3.174
3.175
2.496
3.068
2.606
3.073
3.794
2.295
1.907
1.863
3.578
2.102
1.954
3.324
1.825
2.156
2.952
3.066
2.271
2.895
1.632
3.929
2.798
2.274
3.739
3.356
2.586
2.111
1.658
3.077
2.727
3.183
3.378
2.789
3.283
2.93
2.226
3.93
3.834
3.951
3.004
1.935
2.369
2.791
1.769
1.556
1.864
3.737
3.063
3.983
1.81
3.764
1.695
3.43
3.649
3.137
2.323
1.816
2.821
2.289
2.915
3.68
2.354
2.317
2.308
3.663
3.004
2.708
2.527
3.731
2.143
3.96
3.686
3.863
3.391
1.948
3.402
2.242
3.931
2.57
2.942
1.751
1.564
3.968
2.018
3.402
3.245
2.357
3.518
1.568
3.029
2.178
3.35
3.475
1.779
2.601
3.891
1.641
3.057
1.624
1.906
2.738
3.411
3.574
1.801
2.291
3.142
2.603
3.1
2.902
3.511
2.138
3.76
2.019
2.621
2.862
3.379
2.43
3.372
3.958
3.01
2.173
3.898
1.534
3.141
1.811
3.047
3.877
3.37
3.261
2.283
1.645
3.431
2.665
3.3
3.348
2.942
2.717
3.776
3.937
2.24
1.798
2.719
3.944
1.561
3.499
3.188
2.782
3.902
3.17
3.315
3.963
3.86
2.257
1.609
2.397
3.135
2.952
3.135
2.148
3.165
2.282
2.718
3.913
2.389
3.281
3.65
1.761
3.168
2.226
3.005
3.309
2.514
1.82
2.463
2.296
3.306
3.318
2.358
3.32
2.207
2.936
3.902
3.174
2.027
2.029
3.102
3.815
3.508
3.281
1.758
2.453
1.5
3.754
3.298
2.657
1.517
3.359
3.944
1.815
1.985
1.929
2.675
3.515
3.693
3.261
1.536
2.366
1.591
3.728
2.481
3.72
3.951
3.787
3.597
3.44
3.515
3.315
3.99
3.866
2.318
3.605
3.384
2.521
3.348
3.826
3.524
2.831
2.193
3.92
1.993
1.643
2.923
1.726
3.402
1.505
3.909
1.601
2.574
2.988
1.916
2.501
2.126
3.654
3.562
2.666
3.295
3.589
2.874
2.162
2.318
1.768
3.433
2.362
1.6
2.727
2.977
2.326
3.026
2.162
2.565
3.649
1.584
2.438
2.596
3.605
2.562
3.865
1.727
2.665
3.406
3.391
3.548
3.897
3.656
3.411
2.939
3.146
3.943
2.423
2.685
1.595
3.869
2.594
3.016
2.735
1.736
3.37
2.872
3.455
3.519
3.564
3.484
2.099
2.887
2.804
3.515
2.972
2.829
2.609
1.69
2.786
3.532
3.59
2.367
3.616
1.637
2.33
2.325
2.358
2.959
2.37
2.66
3.155
2.647
2.396
2.486
3.293
3.697
2.535
1.784
1.908
3.503
2.476
2.382
2.41
3.034
3.645
2.227
2.202
2.523
2.739
1.998
2.345
3.759
3.573
2.5
3.501
2.109
3.463
2.858
1.663
2.718
3.909
3.446
3.611
3.526
3.002
2.951
3.152
3.235
1.925
1.551
2.247
3.577
2.732
3.625
2.523
2.634
3.811
1.681
2.868
3.178
1.824
3.434
1.898
2.183
2.11
3.785
1.814
3.369
3.683
1.595
3.966
3.87
2.622
2.795
2.081
1.612
1.806
1.898
1.902
3.932
3.357
3.646
3.696
2.599
2.593
3.882
2.021
1.807
2.986
3.366
2.828
2.87
3.051
1.891
3.372
1.577
1.534
1.593
2.333
1.946
3.816
3.097
3.831
3.444
3.407
3.724
3.353
2.223
3.132
2.587
2.71
1.813
1.85
3.339
2.283
1.792
3.904
2.472
2.298
3.267
3.291
2.08
3.705
3.855
3.0
1.654
2.36
2.731
2.043
2.176
2.573
2.405
3.752
2.441
1.581
2.227
2.584
2.813
2.529
3.261
3.147
3.608
3.246
3.5
2.135
3.384
3.977
3.318
3.129
2.516
2.207
2.959
2.378
3.297
1.782
2.192
1.504
3.593
3.418
3.397
3.891
2.315
1.625
2.881
3.217
2.179
2.115
2.511
3.335
1.747
3.297
3.091
2.041
2.49
3.547
2.742
1.901
3.86
3.914
3.011
1.618
2.44
2.839
3.439
2.26
3.93
3.621
3.485
2.718
3.148
3.872
2.229
1.502
2.986
3.811
1.825
2.601
1.873
2.099
2.54
2.499
2.128
1.861
3.128
1.59
2.167
2.001
3.776
3.175
1.623
1.671
3.649
1.61
3.188
1.92
2.927
2.766
1.745
3.201
3.709
2.793
1.955
3.235
3.137
3.986
3.27
3.042
3.925
2.258
1.538
1.782
2.333
2.812
2.63
2.363
2.9
2.878
3.974
3.188
3.917
3.038
2.182
2.168
3.27
2.328
3.422
3.817
2.179
1.569
1.521
1.703
2.693
2.943
2.383
3.75
1.57
3.563
3.469
2.732
2.683
1.871
2.468
3.058
1.537
2.036
1.626
2.431
1.701
3.446
3.196
2.552
2.445
2.533
3.387
1.563
3.951
3.169
1.91
1.745
2.755
2.539
3.556
1.855
1.874
3.797
2.501
1.798
3.288
3.683
2.37
2.855
2.2
2.667
3.155
1.981
3.878
2.58
2.68
1.897
3.31
2.6
3.221
2.224
3.033
1.525
2.15
2.964
1.547
2.272
1.526
2.243
1.96
2.64
2.353
2.053
3.444
3.293
2.75
3.839
2.452
3.172
3.428
1.72
3.409
3.267
2.035
3.217
2.154
2.884
1.649
2.563
1.663
3.478
2.565
2.155
2.292
3.452
2.973
3.729
2.096
3.33
2.373
3.593
3.922
2.901
2.58
2.964
3.272
2.149
2.423
2.636
3.935
1.667
1.685
2.982
2.056
3.821
2.093
2.084
3.426
1.865
1.706
2.415
3.306
3.852
3.745
1.716
3.62
2.331
1.875
2.348
2.012
2.827
2.496
3.526
2.444
3.666
3.29
3.322
3.743
1.647
2.357
3.019
3.573
2.972
3.756
3.264
3.875
2.79
1.78
2.56
1.777
1.978
3.07
1.709
3.319
2.003
3.6
2.165
3.425
2.468
1.577
1.741
1.91
2.564
3.274
2.803
2.226
3.036
1.673
2.187
1.601
2.455
3.177
3.67
2.477
3.94
1.576
3.99
2.48
2.719
3.372
1.554
3.577
3.615
1.522
3.106
2.271
3.637
3.71
3.31
3.166
2.062
3.941
1.969
1.651
2.908
2.853
3.753
1.739
1.507
3.437
2.465
3.94
1.994
3.471
2.726
1.66
2.096
2.003
2.618
1.961
2.969
2.375
3.978
3.334
3.647
3.729
2.374
1.991
1.623
3.098
2.323
3.813
3.515
3.666
1.938
2.775
3.279
3.451
3.33
2.028
1.947
3.548
3.774
2.082
1.675
2.945
1.966
2.137
3.167
2.067
2.752
2.249
2.184
2.149
3.652
3.591
3.771
3.23
1.574
3.564
2.976
1.742
2.016
2.163
3.223
2.75
2.918
2.964
2.452
1.925
3.612
1.786
3.545
2.315
3.502
2.694
2.642
2.081
2.717
2.493
1.594
3.819
64.607
3.098
3.761
1.702
3.43
3.561
3.982
2.859
2.069
2.13
3.951
2.991
2.507
3.256
3.464
3.218
2.757
3.304
2.256
1.815
1.839
2.092
1.816
3.119
1.761
3.225
1.572
2.663
2.246
3.909
2.349
2.073
3.792
2.785
3.296
3.335
3.464
3.671
1.697
1.668
3.357
1.589
2.386
1.697
3.656
2.973
3.532
3.361
3.023
3.839
3.356
3.149
1.879
2.27
1.575
2.759
2.657
1.993
2.798
2.551
3.217
3.321
2.529
1.547
3.25
3.217
2.677
1.616
1.762
1.703
2.336
3.815
3.721
3.267
1.543
1.686
2.69
2.981
3.965
1.819
2.069
1.797
3.803
2.192
3.715
3.438
2.975
3.987
2.943
3.797
2.703
2.975
3.887
3.937
2.744
2.167
2.664
2.217
1.576
3.91
2.757
2.647
2.982
1.546
2.177
3.197
1.751
3.343
2.554
1.755
2.801
2.253
1.686
3.348
3.193
3.526
2.397
3.154
1.971
3.216
3.583
3.44
1.545
2.206
2.847
3.769
2.043
2.344
3.298
2.854
2.612
1.617
1.523
1.826
3.647
3.414
2.346
2.997
1.629
2.807
3.003
3.091
2.371
2.759
2.464
1.684
1.65
1.879
1.84
1.641
2.405
2.181
2.303
1.889
2.257
2.572
3.376
2.299
3.343
3.351
2.133
2.561
2.192
3.172
2.527
2.107
2.395
2.587
3.368
3.778
2.458
1.716
3.527
1.629
2.462
1.659
3.533
2.036
2.606
3.048
2.175
2.389
2.575
2.117
2.418
3.889
2.848
3.521
2.855
3.297
2.263
2.961
1.955
3.722
1.701
2.146
2.896
1.709
2.452
1.734
3.755
3.899
2.04
2.817
1.96
3.655
1.975
3.244
2.429
2.126
2.816
2.067
3.127
2.801
3.217
3.707
3.207
2.688
3.995
2.103
2.002
2.87
2.589
3.513
3.119
2.292
3.435
2.254
1.895
2.192
2.942
2.843
2.196
3.658
1.506
2.679
2.415
3.928
3.689
1.969
3.496
3.641
2.655
Error de lectura!!!
2.803
3.005
2.27
2.227
1.811
2.347
3.129
3.549
3.547
3.723
2.42
3.562
1.67
3.37
3.073
2.032
2.297
3.539
2.25
2.993
2.368
1.598
2.718
1.966
2.538
2.392
1.77
1.514
2.487
3.696
2.43
2.533
2.097
3.448
3.556
2.811
2.869
2.948
2.764
1.979
2.065
3.921
1.971
2.61
2.972
1.993
3.261
2.43
2.079
3.423
1.901
3.701
2.127
3.801
2.848
3.126
3.63
3.308
2.447
3.555
1.97
1.811
2.823
2.778
1.619
2.462
3.737
2.35
3.107
2.984
2.375
3.201
3.212
3.36
2.477
2.404
3.073
3.965
3.31
3.631
3.883
2.523
2.688
3.777
3.901
3.349
3.376
3.834
3.126
1.684
2.954
3.241
3.133
3.96
3.699
2.337
2.294
2.58
2.249
2.536
3.383
1.558
2.427
2.554
3.094
2.952
2.455
2.773
3.502
2.393
3.888
1.629
3.105
1.953
3.934
3.018
3.884
3.057
3.143
1.867
3.854
1.556
3.092
1.945
2.742
1.679
1.957
2.273
2.571
3.611
2.029
1.715
3.823
2.305
3.657
3.991
1.862
3.775
2.637
3.898
2.442
3.625
3.882
3.756
2.76
2.632
1.74
1.964
3.716
3.699
3.635
3.599
2.925
3.927
3.56
2.025
2.626
2.831
2.681
2.905
3.972
3.068
3.365
2.482
2.866
2.169
3.412
3.051
1.658
2.248
3.659
2.548
3.809
Error de lectura!!!
2.082
3.377
2.371
1.855
3.485
2.757
3.847
3.38
2.772
3.581
2.327
2.942
2.165
3.774
3.215
3.819
2.171
3.291
2.503
1.906
2.302
3.833
2.424
2.517
3.465
1.952
2.858
2.826
2.953
2.87
1.541
3.268
3.815
2.043
3.648
2.825
1.823
1.784
2.551
2.475
3.763
2.872
2.769
3.712
2.22
3.982
2.858
2.326
2.485
2.176
2.028
1.983
2.831
1.757
1.56
3.836
2.576
2.548
1.605
2.531
3.74
2.685
1.753
3.923
2.624
3.251
3.687
3.818
3.165
2.454
2.399
3.108
2.574
1.659
2.644
2.609
3.365
3.718
2.011
2.776
3.103
2.179
3.704
3.609
3.529
3.45
1.917
2.987
3.779
2.834
2.362
3.183
2.647
1.634
2.926
3.389
2.387
2.906
2.953
2.423
2.008
3.315
1.588
3.28
1.627
1.778
1.669
1.684
1.563
3.708
2.144
2.221
2.176
2.379
2.236
3.481
3.325
2.077
2.728
2.312
2.79
2.163
2.556
2.53
3.076
3.36
2.545
3.319
3.56
2.823
2.279
3.068
2.25
3.594
2.955
3.472
1.741
2.637
2.557
1.517
3.058
3.866
2.838
1.892
1.67
3.402
2.512
1.6
2.932
3.337
3.482
2.25
2.349
2.053
2.388
1.615
1.902
1.666
3.831
3.202
2.317
2.663
3.986
2.758
3.441
2.715
1.612
3.717
3.712
3.099
2.55
3.126
1.744
2.787
3.689
1.671
2.597
3.639
3.015
3.988
2.943
3.917
3.169
2.337
2.066
3.369
3.168
3.807
2.897
2.492
2.176
3.584
3.68
2.065
2.997
3.034
3.459
1.996
3.992
2.734
1.559
3.758
2.884
3.662
1.871
3.956
1.569
2.868
3.082
2.188
3.004
1.814
2.19
1.688
2.006
3.296
1.623
2.666
3.048
2.166
1.707
1.756
3.586
3.429
3.003
2.124
3.387
3.897
3.151
3.892
3.516
3.589
3.241
3.442
2.327
2.883
2.41
3.043
2.222
3.426
3.804
3.16
3.025
3.254
1.629
2.66
1.751
3.705
2.731
1.999
2.562
2.054
2.275
1.807
1.717
2.962
1.931
1.603
2.679
3.851
3.093
1.682
3.588
3.466
2.765
3.663
1.606
2.228
3.131
3.131
1.605
3.591
3.484
2.961
2.902
1.925
3.54
2.312
1.868
2.098
3.719
1.976
3.083
2.576
2.592
2.125
1.757
3.377
1.92
1.843
1.536
3.544
2.928
3.623
3.142
1.807
2.728
2.011
2.431
1.523
3.031
3.133
2.686
2.887
2.988
2.298
2.314
3.218
3.35
2.691
3.428
2.986
2.467
1.928
2.614
2.325
2.391
2.274
2.412
3.156
2.723
1.57
2.894
1.613
1.735
2.566
1.614
3.373
2.798
2.672
3.393
2.985
2.626
3.156
1.69
1.599
3.647
3.866
2.079
3.427
2.667
2.097
1.524
2.439
1.783
3.984
3.119
2.744
1.603
2.847
2.813
1.782
3.602
1.968
3.688
2.036
3.949
2.512
2.524
1.706
3.739
3.522
1.911
3.402
2.091
1.802
3.012
2.222
3.823
1.883
1.813
3.633
2.476
2.124
2.513
3.905
2.261
2.412
1.8
3.205
3.614
1.775
3.677
1.731
3.279
2.473
3.68
2.089
3.931
1.817
2.762
2.647
2.865
1.729
1.7
1.807
3.047
2.101
2.55
2.726
2.936
3.004
1.908
2.307
2.391
3.804
2.721
2.298
3.089
2.84
2.881
1.827
3.455
3.465
3.709
3.272
3.559
2.062
3.972
3.243
3.086
2.721
2.935
2.63
3.752
Error de lectura!!!
3.374
3.852
2.388
3.849
2.514
2.151
3.941
3.067
2.458
3.089
2.382
3.696
3.438
2.601
3.619
1.643
3.809
2.368
3.148
1.706
3.681
3.833
3.584
3.274
3.897
2.389
1.777
2.425
3.087
3.434
3.06
1.664
1.823
2.604
2.67
1.87
3.015
3.346
3.725
1.81
2.895
3.861
2.787
1.548
3.019
3.612
2.274
2.051
3.449
2.768
3.403
2.407
3.807
3.004
3.535
2.618
1.746
2.281
2.133
2.395
1.501
3.311
3.12
2.675
2.608
2.651
3.071
2.581
1.551
3.269
3.26
3.468
1.785
3.482
3.241
3.633
2.452
2.424
2.199
3.052
3.369
2.02
1.89
3.203
3.889
2.715
3.837
1.611
2.39
3.499
3.234
3.889
2.763
2.459
1.55
3.71
1.555
3.499
1.643
3.001
3.933
2.218
3.941
2.508
1.653
1.728
3.407
2.371
2.721
2.648
3.975
3.745
2.816
1.877
3.431
2.907
3.352
3.378
1.523
3.402
1.931
3.755
2.245
2.296
1.527
2.986
3.554
2.493
3.518
1.821
3.933
2.727
2.268
1.566
3.975
2.686
3.61
1.802
1.537
2.759
2.548
2.954
3.053
3.425
3.642
2.599
3.008
3.496
1.878
3.716
3.122
3.399
2.108
2.861
3.789
2.292
1.58
2.154
1.595
2.045
3.523
3.936
2.537
2.035
3.298
3.327
3.726
1.817
2.238
3.171
2.151
3.444
2.194
2.665
2.588
3.724
2.456
2.943
2.52
1.867
1.534
2.786
1.736
3.398
1.58
2.719
2.574
3.927
2.784
3.62
1.891
1.774
2.331
3.404
2.554
1.831
2.347
2.794
3.633
3.287
3.717
2.602
2.808
3.841
1.877
1.633
1.804
2.955
1.786
3.9
2.109
2.676
3.86
3.365
2.652
3.843
3.487
1.735
3.395
3.178
2.444
2.696
3.909
3.641
2.969
3.232
2.567
2.375
2.659
1.998
2.11
1.666
3.111
2.896
1.854
3.807
2.928
2.806
1.845
1.859
3.068
2.881
3.879
3.638
3.405
3.918
1.889
2.913
3.333
3.669
2.245
2.593
1.96
3.495
3.424
2.459
3.605
3.515
3.326
2.57
2.411
2.917
1.709
2.965
2.883
3.42
2.376
2.433
2.244
3.339
2.686
3.023
2.911
3.124
2.471
2.044
2.762
1.844
1.619
3.08
1.842
3.889
2.138
1.623
1.551
2.172
3.294
3.105
2.744
2.669
2.533
3.437
2.157
3.897
3.712
2.088
1.671
1.958
2.233
1.977
2.496
1.775
2.251
1.536
1.755
3.937
2.068
3.201
1.598
2.667
2.059
1.512
3.661
3.037
3.364
3.658
3.528
1.548
3.269
3.509
3.238
3.509
3.374
3.273
2.622
3.296
3.883
3.948
1.694
3.097
3.563
2.873
2.399
3.705
2.671
3.277
3.516
3.194
3.61
2.397
2.384
2.661
3.199
3.246
1.713
1.72
2.948
2.407
2.642
2.258
2.382
3.546
2.662
3.563
2.504
2.281
2.756
3.745
1.944
3.372
3.629
2.684
3.892
2.518
3.278
3.111
2.521
1.563
2.263
2.853
3.015
2.568
3.734
3.335
1.698
2.229
3.356
2.141
3.22
3.35
3.084
2.603
3.013
2.986
3.195
2.566
2.594
3.533
2.556
3.354
3.978
2.532
1.578
3.678
1.78
1.513
2.466
3.652
1.839
1.728
1.949
2.688
2.392
1.72
1.867
3.157
3.582
1.67
2.202
2.107
3.503
3.339
2.947
2.121
2.497
2.013
1.953
3.894
3.626
3.986
3.226
1.837
3.426
1.95
2.81
2.898
3.24
3.509
2.643
1.535
1.532
2.99
1.637
3.704
1.617
2.199
2.056
2.112
1.646
3.934
3.956
3.947
1.629
3.834
3.006
2.827
3.648
2.891
3.606
2.216
1.821
1.833
1.95
3.795
3.366
3.268
1.64
3.532
2.464
3.503
2.363
1.978
2.952
2.439
3.554
2.986
3.751
2.098
2.703
1.813
3.652
2.367
1.773
1.662
3.642
2.162
3.836
2.848
3.913
3.066
2.022
2.476
3.877
2.66
3.599
1.657
3.114
3.976
1.649
3.741
3.507
3.589
1.636
3.527
2.96
1.807
3.433
3.816
3.042
2.291
2.808
3.399
3.72
2.248
3.006
2.445
3.599
1.713
3.891
3.375
2.715
3.144
1.609
1.817
2.1
3.45
1.899
3.926
2.797
3.858
2.83
1.568
2.129
2.687
2.765
2.501
1.948
2.101
1.552
3.664
3.482
3.763
2.268
1.81
2.365
2.361
3.373
2.874
2.964
3.879
2.664
3.817
3.343
3.324
1.83
1.864
1.585
2.558
3.391
3.502
2.522
3.114
2.245
1.789
3.021
3.744
3.419
3.779
3.567
2.664
2.463
3.371
1.805
3.324
3.102
2.603
3.076
1.703
2.233
1.95
1.753
2.885
2.223
1.616
3.528
3.367
2.254
1.905
1.951
2.062
3.817
2.373
1.675
3.761
2.074
1.899
2.957
3.29
3.46
3.627
3.16
1.88
3.222
2.137
3.698
3.95
2.996
3.746
2.702
3.552
3.184
3.606
2.333
3.491
3.024
3.069
2.056
3.765
1.909
2.769
2.53
2.891
2.777
3.131
2.752
3.808
3.453
2.108
1.997
2.426
2.162
2.499
3.568
2.657
2.858
3.767
3.654
4.0
2.415
2.831
3.303
3.235
2.128
2.625
3.697
3.632
2.809
2.853
1.811
2.022
2.74
2.101
2.76
1.777
3.101
2.13
3.37
3.46
2.617
3.596
3.627
2.0
1.528
1.588
2.007
3.97
2.316
3.049
3.735
3.262
1.889
2.438
3.562
2.878
2.257
2.295
1.658
3.103
1.746
3.52
3.736
1.671
1.9
2.241
3.939
2.959
2.347
3.767
3.88
1.708
3.043
2.232
3.92
3.574
1.932
2.892
3.731
2.287
2.351
1.539
2.897
3.466
3.141
1.703
2.931
3.728
3.904
3.361
3.369
1.91
2.187
2.745
1.533
3.155
3.507
1.71
3.521
3.507
2.721
2.907
2.561
3.603
1.831
2.334
3.964
2.237
2.882
3.704
2.971
1.951
2.053
3.635
2.4
3.35
3.354
2.673
2.788
3.41
2.397
1.958
2.752
2.82
3.863
2.11
2.182
2.804
2.984
1.974
2.493
3.789
1.963
3.274
3.841
3.096
1.889
3.051
2.047
2.955
1.817
2.087
3.041
3.665
3.603
3.456
3.317
1.719
3.038
1.601
1.525
1.828
2.1
2.077
2.649
1.609
2.282
3.181
2.132
3.202
2.525
3.437
2.55
3.097
2.638
3.46
3.001
1.816
2.597
3.934
2.953
2.047
2.179
2.738
3.897
2.737
3.246
1.987
2.806
Error de lectura!!!
3.308
1.828
3.776
3.697
1.814
3.512
1.807
2.934
3.308
2.207
2.003
1.878
3.517
3.613
2.659
3.744
1.53
2.305
1.789
2.842
3.501
3.47
1.586
1.776
1.763
1.807
2.073
2.779
2.368
2.271
1.552
1.964
2.764
1.989
2.353
3.885
1.952
2.611
2.182
1.811
3.685
3.371
3.214
3.611
2.803
3.011
3.723
3.171
3.021
1.612
3.902
3.744
1.882
2.372
3.586
2.467
2.86
3.381
1.975
3.022
1.524
1.893
2.284
2.528
3.577
1.577
2.26
2.283
3.536
2.447
1.595
1.653
3.427
2.217
1.649
3.72
1.542
2.275
2.063
3.196
3.421
Error de lectura!!!
3.867
3.74
2.171
3.761
2.152
2.679
3.377
1.682
2.337
3.459
1.99
1.767
2.125
3.182
3.267
2.886
3.967
2.27
2.13
3.122
2.78
2.09
1.632
1.966
2.741
1.58
3.075
3.59
1.605
2.953
3.919
2.339
2.41
3.433
1.896
1.685
2.53
3.184
1.759
2.593
3.377
2.908
2.835
2.479
3.259
2.889
3.789
3.798
2.813
3.932
3.847
3.446
2.927
2.736
2.383
3.106
1.588
2.141
3.51
2.123
1.971
2.177
3.873
2.875
3.629
2.243
3.624
3.509
3.421
3.343
1.583
3.747
3.771
1.761
2.27
3.618
2.862
3.332
2.426
3.174
3.092
3.619
2.461
3.831
4.0
2.353
2.082
3.576
1.549
1.647
3.642
1.888
3.43
2.73
3.077
3.454
2.121
3.998
2.3
1.576
2.241
3.95
1.862
3.403
2.225
2.275
2.721
3.56
2.294
3.704
3.579
1.933
2.325
2.801
3.03
3.696
3.336
2.747
2.67
2.952
1.904
2.297
1.51
3.654
3.65
2.305
2.204
2.273
2.689
3.838
2.504
3.093
3.941
3.581
3.215
1.914
3.865
3.664
3.575
3.233
3.621
1.968
3.269
3.4
3.481
3.547
2.418
2.863
3.984
1.874
1.718
3.785
2.128
2.891
1.685
3.801
2.966
2.22
2.998
3.822
2.412
3.315
2.667
3.39
2.31
3.574
3.363
3.669
2.792
3.266
2.783
1.803
2.868
2.557
1.955
3.36
2.971
2.249
1.687
3.226
1.635
2.421
2.174
2.638
3.749
3.354
3.159
3.256
2.803
1.968
2.18
3.939
2.979
2.116
1.896
3.146
1.607
2.343
1.673
3.378
2.431
3.234
2.054
2.659
3.582
3.088
3.812
2.326
2.481
3.245
3.19
2.073
1.811
2.437
2.354
3.478
2.746
2.073
3.826
2.48
3.241
3.129
1.723
3.894
2.952
3.025
2.385
2.628
2.056
1.639
3.532
2.892
2.517
2.518
1.579
2.738
3.779
3.953
2.337
2.498
1.773
3.726
2.907
3.327
1.715
2.798
3.934
3.532
2.997
2.142
2.936
3.142
1.844
2.175
1.503
2.098
2.985
3.192
3.817
1.889
3.23
1.834
3.191
3.112
2.188
3.086
3.139
3.075
2.198
1.99
3.384
2.913
3.597
2.717
3.716
3.786
3.404
1.98
3.278
2.064
3.724
2.186
3.15
2.285
2.514
3.181
3.587
2.801
3.252
3.904
2.386
3.486
3.445
3.875
2.438
1.874
3.184
1.695
2.307
3.388
3.462
2.126
3.834
3.444
3.545
3.008
1.621
2.418
3.296
2.802
3.627
3.407
3.463
2.275
3.545
2.708
3.144
3.849
3.178
3.142
2.808
2.791
3.699
2.146
2.609
3.265
3.262
2.436
2.985
3.315
3.218
2.964
3.554
1.886
3.073
2.026
1.628
3.62
3.811
3.385
1.831
1.857
3.773
3.315
3.6
3.544
2.845
2.044
3.784
2.677
3.941
1.509
2.976
1.617
2.254
3.411
2.89
3.809
2.753
3.551
3.237
3.992
1.752
3.485
2.173
2.691
3.479
1.591
3.525
Error de lectura!!!
3.876
3.271
2.515
1.78
3.5
3.752
2.309
3.403
3.376
3.943
2.001
2.895
3.372
2.707
2.124
3.995
1.693
2.322
2.611
2.967
2.83
2.145
2.827
3.08
1.702
3.177
3.397
3.0
3.908
3.968
1.975
2.084
3.333
3.634
3.488
3.721
2.3
2.462
2.08
2.642
1.718
3.396
1.95
3.963
3.56
2.639
3.321
2.703
2.966
3.821
3.844
3.451
3.575
1.632
2.371
3.551
1.532
2.94
2.857
2.296
1.709
1.967
2.141
3.435
2.125
2.213
2.904
2.285
2.951
3.627
2.522
2.459
3.066
3.954
2.489
2.453
3.578
2.942
3.099
3.554
1.527
2.112
1.931
2.2
2.939
3.349
1.886
3.132
1.777
2.09
1.804
3.086
2.651
3.139
3.368
1.871
3.487
2.814
3.042
2.817
2.752
1.977
2.477
3.343
1.842
2.463
1.879
2.868
3.097
3.652
2.255
2.508
1.918
3.907
3.709
3.829
2.355
3.3
3.501
1.635
2.599
2.231
3.936
1.704
1.6
3.808
1.579
3.788
2.946
3.403
3.769
2.652
1.71
3.659
3.705
2.857
1.749
3.287
2.103
3.358
3.406
2.591
3.136
3.822
1.815
2.102
3.429
2.376
3.989
3.841
2.798
3.773
3.25
2.622
2.985
1.548
2.837
1.501
3.923
2.851
1.947
1.995
2.844
3.358
3.682
1.738
1.675
2.453
1.538
2.72
1.992
3.206
2.491
3.695
2.937
2.398
3.49
3.323
1.613
3.82
2.717
3.795
2.603
1.932
2.869
3.903
2.994
2.311
3.24
2.875
2.587
1.558
1.83
2.824
3.593
2.687
3.608
2.144
2.538
2.778
3.481
3.655
3.172
2.185
2.115
2.649
2.938
1.5
3.136
2.1
2.331
2.075
2.375
3.319
2.937
1.62
2.782
3.744
2.992
3.345
3.832
2.159
2.907
1.656
3.855
3.89
2.63
3.622
3.323
1.772
2.041
3.623
3.002
3.049
3.896
2.045
1.649
2.262
2.988
2.585
3.445
3.79
3.905
1.891
2.025
2.915
2.757
2.399
3.153
2.538
3.666
2.146
1.893
2.08
3.324
2.432
1.663
3.508
2.258
1.821
1.977
1.702
2.729
2.499
2.817
1.658
2.822
1.86
2.675
3.035
3.937
2.197
3.434
3.466
3.908
2.372
3.858
2.268
2.359
1.744
3.908
3.572
3.558
3.625
3.633
3.291
3.127
2.038
3.582
3.669
3.212
2.999
3.375
3.732
3.812
3.844
1.911
1.783
3.004
3.33
2.332
2.235
3.771
1.69
2.172
1.695
2.582
2.039
3.69
3.159
2.119
3.649
3.718
3.521
3.137
3.473
3.079
2.258
3.405
2.446
2.075
3.593
1.9
3.406
2.705
1.895
3.366
2.623
3.091
2.026
3.194
2.229
3.653
1.822
2.93
3.78
3.404
1.875
1.675
1.819
1.803
2.24
3.03
1.966
1.615
2.12
3.722
3.614
3.895
2.335
3.497
1.537
3.699
1.88
2.293
1.591
1.757
2.799
3.628
1.573
2.279
2.372
3.605
2.885
3.66
2.42
2.168
3.677
2.086
3.492
2.228
3.052
3.341
2.371
2.72
1.593
1.556
2.716
2.21
2.32
2.977
3.543
2.678
1.749
2.603
3.857
3.873
2.642
2.87
1.753
2.369
3.003
3.291
3.058
1.574
3.181
2.252
2.007
1.804
2.578
2.043
2.545
2.05
2.723
3.404
1.841
1.919
3.623
3.559
2.735
2.725
3.955
2.802
1.895
2.17
2.006
3.446
3.836
3.636
3.133
3.387
2.02
3.879
2.767
3.94
2.804
2.558
2.749
1.994
1.598
1.967
3.892
1.835
2.409
1.766
2.949
1.734
1.553
2.298
1.823
3.405
3.799
3.778
2.903
2.177
3.343
1.956
2.627
3.277
2.218
2.322
1.625
3.514
3.656
1.935
2.949
3.104
2.131
1.587
3.266
1.743
3.023
3.109
1.926
3.766
2.444
3.766
1.602
2.69
3.872
3.652
3.781
3.742
2.765
1.983
3.845
2.143
1.767
3.605
3.843
2.976
2.875
1.673
2.558
1.984
2.802
1.766
2.741
3.73
2.942
1.855
1.661
3.747
1.765
2.644
3.216
3.883
1.847
1.87
3.764
2.516
2.39
3.879
2.016
1.804
3.321
2.355
2.107
3.643
2.784
1.981
3.623
2.468
3.78
3.332
1.533
2.793
3.544
1.503
2.964
2.758
3.355
2.261
1.715
2.052
2.955
3.043
1.624
1.531
2.604
2.753
3.804
3.034
2.102
3.232
3.366
2.289
2.956
2.843
3.233
2.807
2.874
1.656
3.754
3.334
3.276
1.863
2.107
3.069
3.298
3.068
3.824
3.86
1.624
3.928
1.664
3.456
2.002
2.074
3.758
2.728
2.752
3.754
3.887
2.076
3.271
1.843
2.231
1.943
1.583
1.787
3.628
1.83
2.484
3.664
2.941
3.031
2.751
3.339
2.254
2.176
3.323
2.714
2.942
1.62
2.947
2.213
3.043
3.607
2.28
3.691
2.844
1.556
1.779
1.999
1.505
3.341
2.08
2.037
2.079
2.369
3.236
2.402
2.494
2.792
3.348
1.606
3.716
1.952
2.654
3.248
2.741
3.136
3.207
1.812
3.767
2.849
3.625
3.199
1.932
1.924
1.663
2.992
2.66
3.32
2.673
2.919
2.104
3.625
2.673
2.179
1.806
2.338
3.624
2.96
3.001
3.421
3.013
3.194
2.948
3.469
3.649
2.733
2.768
3.818
3.858
2.409
1.788
3.778
3.626
2.091
1.595
2.776
1.628
2.423
3.121
2.773
2.3
2.963
2.925
3.667
3.491
2.25
3.26
1.624
3.113
1.887
3.318
2.299
3.368
1.976
2.611
1.959
3.058
2.762
2.641
3.263
2.334
2.974
2.551
3.656
3.597
2.368
2.77
2.131
2.67
3.552
3.294
1.908
1.774
2.574
3.413
2.406
2.376
1.629
2.823
2.467
2.474
3.049
2.115
3.53
2.484
3.863
2.908
1.981
1.778
2.119
3.116
1.971
1.81
3.506
2.943
1.794
2.312
2.985
1.815
2.343
1.885
2.282
2.194
2.011
2.835
2.951
2.74
2.614
3.341
3.614
2.104
2.333
3.367
1.517
1.868
2.532
1.535
1.871
3.777
3.644
2.469
1.686
2.74
2.038
3.107
3.542
3.93
1.74
3.126
2.839
3.304
2.218
3.087
2.443
3.338
3.744
2.676
3.99
2.362
1.693
1.996
3.548
2.802
3.537
1.68
3.462
2.523
2.875
3.671
2.373
3.214
3.551
3.742
2.028
2.026
2.278
2.013
3.585
2.859
2.558
1.669
2.205
1.829
1.91
3.301
2.3
1.905
2.629
3.956
2.845
3.482
3.474
3.591
3.473
3.581
3.069
2.168
2.585
3.247
2.079
2.875
2.85
2.931
3.769
1.915
1.795
2.292
2.269
3.967
3.231
3.143
1.773
1.55
3.31
3.239
2.875
2.064
2.022
3.956
1.928
2.591
3.795
3.733
1.76
3.848
2.919
3.512
2.054
1.686
2.288
3.55
3.525
2.376
3.102
3.597
3.59
2.471
3.151
2.4
2.518
3.591
3.642
2.326
3.245
3.683
3.368
2.243
3.855
3.025
3.553
3.885
3.11
2.043
2.47
3.787
3.963
1.881
3.512
2.894
2.251
3.929
2.144
3.332
3.281
2.334
2.034
2.785
2.627
2.882
3.551
2.729
3.083
3.113
2.432
2.619
1.859
3.216
2.649
2.095
2.497
3.328
3.091
3.675
3.806
2.483
2.426
2.481
3.366
1.742
2.667
3.841
2.733
2.607
2.343
3.118
3.287
3.23
2.23
3.413
2.762
1.91
1.515
2.624
3.713
2.246
1.614
2.299
2.189
1.709
2.614
2.346
3.721
3.436
3.895
3.96
1.854
2.776
2.454
3.049
2.678
3.358
2.836
1.865
1.857
3.849
3.155
3.523
1.996
3.244
2.214
2.328
2.067
1.555
3.599
1.511
1.515
2.098
3.396
1.788
2.994
2.998
1.881
3.846
2.566
3.733
2.042
3.781
2.418
3.793
3.258
3.87
1.827
3.073
1.573
2.999
3.151
2.078
3.888
3.657
2.29
2.157
3.082
1.538
2.416
2.361
2.728
2.534
2.32
2.902
2.009
2.308
3.958
3.725
1.951
1.877
1.845
2.755
2.126
2.796
2.22
3.898
1.973
2.02
2.265
3.331
3.805
3.067
2.541
3.096
2.321
2.774
1.99
2.637
1.734
2.678
1.605
1.71
2.755
2.26
1.528
3.036
3.621
3.838
3.94
2.64
3.448
2.349
2.167
2.179
3.204
2.322
3.547
3.515
2.935
3.822
2.407
2.052
2.652
2.073
3.974
2.576
3.337
2.846
3.104
3.531
3.101
1.861
2.496
3.049
3.188
2.632
3.434
2.856
2.859
3.638
3.339
2.728
3.129
3.576
3.183
2.512
3.152
2.736
3.895
3.593
3.284
2.526
3.543
1.551
2.622
3.402
2.499
3.894
2.377
3.587
2.327
3.768
3.759
2.557
2.772
2.324
2.108
3.696
2.007
2.474
2.99
2.347
3.54
2.575
3.285
1.724
3.973
2.677
3.816
3.65
2.848
1.773
2.806
3.302
3.309
2.813
3.183
2.808
2.086
1.609
3.948
2.433
3.546
3.125
2.113
3.005
1.986
2.983
1.892
2.066
2.781
3.419
3.26
2.573
2.403
2.494
3.222
2.98
3.03
2.111
2.197
2.912
2.395
2.609
3.875
1.669
1.682
2.522
2.693
2.015
2.691
1.985
2.812
2.056
2.306
2.244
2.55
3.548
2.046
1.697
2.187
3.128
1.595
1.952
3.58
1.585
2.866
2.367
2.041
1.582
3.725
2.861
3.76
2.894
3.447
1.6
2.757
1.591
2.913
2.447
3.031
3.624
3.687
2.199
2.907
3.24
2.977
3.937
1.784
2.494
2.452
2.4
2.842
3.475
3.524
1.521
2.867
3.0
1.915
3.48
1.654
1.675
2.834
3.203
2.998
1.513
2.38
2.85
2.039
2.318
3.412
2.204
3.039
2.866
3.348
2.763
3.982
1.719
2.851
2.902
2.851
1.662
2.747
3.886
2.864
3.558
1.826
3.757
2.963
1.599
2.974
2.452
1.542
1.52
3.302
1.682
2.791
3.072
2.684
2.169
3.367
2.084
2.894
3.462
3.436
3.831
2.563
3.668
2.224
2.329
3.644
3.75
2.908
2.665
3.383
2.549
1.648
3.072
3.1
2.261
3.071
1.813
2.098
1.58
1.952
2.576
3.183
1.969
3.851
3.745
1.721
2.233
3.975
2.774
2.497
3.251
3.641
3.955
3.039
2.316
3.963
2.132
2.031
1.651
3.917
2.049
3.646
2.351
3.617
2.722
2.764
2.35
1.664
1.55
2.109
1.642
3.734
3.659
3.376
2.276
2.552
2.234
3.821
2.569
2.65
3.048
2.309
2.94
3.438
2.796
1.677
3.633
3.194
2.38
3.99
3.286
3.741
2.974
3.408
3.736
3.439
1.506
2.684
2.728
1.821
2.259
3.808
3.96
2.173
2.084
2.259
2.767
2.615
1.7
2.286
2.15
2.897
1.832
2.393
3.861
3.769
1.989
3.237
2.314
2.815
2.863
1.625
2.891
3.311
2.454
3.104
2.461
2.6
2.701
2.012
3.504
2.488
2.115
2.194
3.004
3.703
3.815
2.538
1.521
3.895
1.647
1.86
2.743
1.629
2.582
2.976
3.347
2.652
1.633
3.193
2.477
3.486
3.64
2.254
2.069
3.742
3.775
2.554
2.834
3.559
2.686
2.181
2.983
3.761
1.56
1.951
3.004
3.941
3.27
3.364
1.72
1.781
1.532
3.645
3.604
3.747
2.781
3.464
3.179
2.567
3.316
3.077
3.39
2.982
2.164
3.067
3.84
3.984
2.819
1.832
1.722
2.991
3.234
2.465
3.632
2.606
2.34
1.553
1.58
3.134
1.725
3.828
2.439
2.077
1.913
3.909
3.115
2.522
2.536
1.692
2.484
2.306
3.231
3.861
2.954
2.614
3.644
1.842
1.576
1.982
2.487
3.243
1.581
3.359
2.768
1.536
3.448
2.755
2.767
2.323
3.983
2.468
3.847
1.7
2.547
2.783
3.624
2.2
3.105
3.121
1.755
3.167
3.37
1.586
3.714
1.733
3.325
3.998
3.317
3.592
1.533
3.568
3.198
3.717
2.537
2.172
2.436
3.11
2.402
2.933
3.719
1.569
1.656
1.824
3.583
2.004
3.518
2.879
2.194
1.566
3.686
1.53
2.621
3.277
3.827
2.7
1.636
2.386
1.975
1.582
2.41
1.9
2.733
2.234
3.074
3.293
2.581
3.267
3.478
2.577
3.843
2.895
1.807
2.574
3.325
3.469
2.977
1.592
2.55
2.635
2.386
3.962
1.89
1.629
3.797
3.638
1.693
1.935
3.936
3.736
1.583
3.536
2.01
2.657
2.67
3.189
1.981
1.564
3.588
3.1
1.83
3.692
2.389
3.63
1.918
2.997
2.168
1.914
2.746
1.893
2.703
2.156
3.823
2.079
3.397
3.187
1.991
3.292
3.879
3.858
3.729
3.301
2.732
1.525
3.698
2.523
2.759
3.871
2.778
1.876
2.674
3.432
2.373
1.681
3.493
2.155
1.868
1.971
3.571
1.706
1.985
2.351
2.084
2.946
2.63
2.094
3.867
3.222
2.443
2.94
3.778
2.806
2.58
3.9
2.075
3.486
3.262
3.026
2.065
2.625
2.759
3.426
3.646
3.476
1.942
2.317
2.976
2.255
3.895
3.131
2.623
2.091
3.379
1.803
2.616
3.032
1.706
3.752
1.578
1.869
2.966
3.024
2.475
3.278
2.997
3.36
3.079
2.436
2.316
2.628
3.665
2.412
3.705
3.727
2.907
3.188
2.542
1.717
1.787
2.328
2.536
2.54
3.715
2.297
3.701
1.541
3.737
3.247
2.152
2.509
3.363
2.47
2.055
2.54
2.368
1.867
3.157
3.795
2.356
2.863
3.033
1.753
3.625
3.804
2.964
2.763
2.275
3.466
3.191
2.947
1.744
2.091
1.518
2.959
2.372
2.334
2.016
2.392
2.756
3.368
2.887
1.573
1.537
3.211
1.55
2.831
1.983
1.832
3.285
1.581
2.935
1.685
3.024
2.989
2.164
3.113
1.611
3.984
3.525
1.529
1.599
3.269
3.708
3.636
2.247
1.884
1.752
2.765
1.599
2.816
3.831
2.645
3.75
1.549
2.166
2.22
3.549
3.529
1.732
2.406
2.571
2.23
3.206
3.558
2.803
3.038
3.198
3.681
2.738
2.135
3.582
3.109
2.669
2.961
3.84
1.78
2.029
3.389
3.063
2.895
2.321
2.232
1.911
2.762
3.899
1.723
2.11
3.233
1.95
3.825
2.785
3.25
2.851
2.124
2.393
3.538
3.424
3.989
3.183
2.071
3.352
3.407
1.708
1.695
3.48
3.279
2.346
1.658
2.136
1.703
2.604
2.975
3.687
3.001
1.869
2.564
3.985
1.566
3.302
1.815
3.981
3.501
2.186
2.777
1.884
3.784
3.782
3.779
3.012
2.714
1.641
3.879
1.797
2.953
1.573
3.347
2.188
3.917
3.586
3.397
3.061
2.726
2.985
3.046
3.674
3.952
1.533
2.795
2.139
1.87
2.647
2.251
1.503
1.75
1.562
2.422
2.915
2.128
2.899
2.165
3.651
2.797
3.148
3.889
1.853
1.533
2.323
2.196
3.621
3.911
2.89
2.726
2.734
2.54
3.613
2.23
3.606
2.549
2.279
3.755
3.86
2.439
1.596
2.39
3.89
3.724
3.894
2.433
2.001
2.51
1.75
2.042
1.975
1.999
2.826
3.071
2.05
1.669
1.501
3.316
2.074
3.769
3.456
2.203
1.563
1.552
2.266
3.048
3.783
2.657
3.398
1.51
2.046
3.493
1.984
2.313
2.168
2.085
3.431
1.713
3.61
3.075
2.612
1.992
2.446
1.962
1.743
3.149
3.552
2.873
2.819
3.278
3.567
3.751
1.789
2.926
1.838
2.506
3.185
2.696
2.093
2.444
2.633
2.6
1.821
2.684
2.97
3.725
3.693
3.657
2.125
3.33
2.713
3.808
2.514
1.974
2.533
2.066
2.594
3.868
2.355
2.818
3.601
3.734
3.887
3.906
3.656
2.892
3.763
2.036
3.773
2.555
3.499
3.28
2.501
1.589
2.125
3.886
3.953
3.204
3.81
1.62
3.479
1.619
1.546
1.937
2.152
2.737
3.453
3.164
2.296
3.13
2.108
3.401
2.289
3.264
2.09
3.746
3.931
2.346
3.497
2.274
3.807
3.614
2.726
2.945
3.221
2.492
2.857
3.732
2.563
3.008
1.985
3.919
1.678
1.552
2.042
1.913
3.277
2.355
1.958
2.375
3.419
2.506
3.815
3.061
1.76
1.894
2.913
2.682
2.888
1.641
3.783
3.873
2.958
3.284
1.778
2.685
1.902
2.713
1.82
1.943
2.926
2.975
3.302
3.046
2.662
2.877
3.25
3.997
2.803
3.79
3.293
1.582
3.435
3.182
2.727
1.858
1.79
2.869
1.846
3.529
2.737
3.474
3.881
3.282
1.782
1.618
1.78
2.789
1.898
2.662
1.524
1.705
3.322
3.344
3.333
3.543
3.171
2.643
2.297
2.764
2.047
3.445
3.544
2.058
3.646
2.809
2.739
2.295
3.489
3.582
2.037
3.252
3.721
2.338
3.261
2.265
1.932
2.969
3.382
3.337
3.544
2.035
3.724
2.506
2.125
3.322
1.744
2.562
1.951
3.967
3.377
3.175
1.634
1.689
2.201
3.707
1.785
2.139
2.289
2.112
1.968
2.018
2.468
2.345
3.952
3.153
2.841
2.914
3.821
2.583
2.883
3.448
1.51
3.475
2.69
3.69
3.739
2.902
3.169
2.055
1.713
3.61
3.229
2.094
3.635
1.733
2.285
3.846
2.765
2.533
3.313
2.433
2.135
2.726
2.814
3.321
3.168
2.081
3.667
2.822
3.454
3.043
2.845
3.056
2.197
3.326
2.015
1.93
3.457
1.93
2.131
1.78
2.738
3.875
3.507
1.749
2.597
2.645
3.768
3.82
2.215
3.118
2.733
3.873
1.854
3.602
3.238
2.159
1.817
2.05
3.421
3.424
2.271
2.32
3.997
1.519
1.915
3.517
3.999
1.89
3.429
3.178
2.463
3.706
3.377
2.867
2.268
3.764
3.523
2.432
3.029
2.585
1.525
1.567
3.976
2.911
2.138
3.412
3.721
3.64
3.863
2.853
2.9
3.009
3.493
1.773
1.788
3.747
2.386
2.696
3.983
3.959
2.527
3.634
1.774
3.022
2.813
3.062
1.701
3.374
2.764
2.5
3.277
3.601
2.54
3.99
1.504
3.364
3.161
3.451
2.641
2.272
1.711
3.793
3.001
3.657
3.909
2.119
3.895
3.721
2.101
2.964
1.904
2.853
3.508
3.226
1.83
3.532
2.904
3.248
3.753
3.359
3.821
1.79
2.833
1.8
3.306
3.079
2.579
2.505
3.259
3.912
1.72
2.532
2.632
2.709
3.9
2.642
3.113
2.234
1.674
2.134
3.956
2.899
2.193
3.573
3.682
2.827
2.951
3.872
3.767
3.777
2.967
2.304
1.81
2.165
2.771
1.788
2.554
3.095
3.561
3.456
2.138
1.719
3.157
3.483
2.282
3.805
3.815
2.27
3.962
2.191
3.884
3.457
2.76
2.619
3.442
2.878
3.874
2.057
2.578
1.526
3.889
3.98
3.524
2.431
3.129
3.246
2.445
2.423
3.533
2.606
1.985
3.151
1.538
1.957
1.886
3.962
3.667
2.242
3.502
2.706
3.735
2.509
3.41
3.763
3.867
2.428
3.404
2.713
2.483
3.097
3.517
2.226
3.232
2.404
3.535
3.131
3.429
3.402
3.099
3.139
2.836
3.201
2.234
3.973
2.533
3.96
2.606
1.799
3.085
2.136
3.957
2.9
3.07
1.813
2.595
2.794
1.826
1.744
1.943
3.983
2.577
3.55
2.809
2.003
3.917
1.761
3.518
2.144
2.542
1.55
2.277
3.024
1.913
2.974
2.85
1.665
2.928
3.196
3.908
3.285
1.731
1.518
2.34
3.705
3.151
2.672
3.067
3.61
1.653
3.943
2.897
2.784
2.304
3.438
3.656
2.726
1.846
2.618
1.579
3.698
3.187
3.802
2.467
2.752
2.97
2.1
3.079
3.716
1.978
2.721
1.908
2.018
3.957
2.443
3.61
1.816
1.861
3.548
3.255
2.896
1.668
3.307
3.395
3.764
3.892
2.503
3.399
2.707
3.775
1.518
3.311
3.302
1.53
2.967
3.147
3.538
2.196
3.204
2.068
2.731
3.612
2.985
3.803
2.631
1.88
3.508
2.708
3.709
3.693
2.977
2.059
2.52
2.917
2.515
1.646
1.908
3.37
1.726
2.305
2.474
2.095
3.89
