3.863
3.661
2.752
2.65
2.814
2.444
3.713
3.484
1.619
2.676
3.411
3.892
3.6
1.856
2.115
2.685
3.913
3.878
2.539
3.355
1.61
1.939
1.624
3.881
3.46
2.986
1.676
1.522
2.639
3.871
2.229
2.3
2.866
2.641
3.707
2.146
2.29
3.571
3.044
3.176
2.14
1.692
2.657
2.233
1.676
2.351
2.993
3.4
2.779
3.312
2.758
3.632
2.55
2.605
1.619
2.501
1.922
1.725
1.783
1.762
2.183
3.763
2.267
2.816
1.67
1.837
2.52
2.11
1.655
3.843
2.1
3.623
3.966
2.981
1.731
3.204
3.765
3.137
3.185
3.243
1.992
3.157
2.189
3.525
2.73
2.292
3.671
3.424
2.87
2.817
3.135
2.635
3.547
2.346
1.989
3.647
1.911
1.572
1.978
1.922
3.19
3.13
2.357
2.328
2.773
2.341
3.613
3.042
2.133
3.839
2.224
2.704
2.422
1.532
3.374
1.725
2.766
3.503
2.946
2.251
1.505
1.633
3.609
1.564
1.511
2.631
3.288
1.85
2.547
2.628
1.559
2.045
2.124
1.737
1.654
3.703
3.058
1.604
1.905
1.609
2.611
3.597
3.944
2.33
3.51
3.718
3.782
2.234
3.278
3.629
3.201
2.771
3.023
1.588
3.957
3.174
1.904
2.293
1.564
3.73
2.578
2.101
1.878
1.743
3.954
3.299
3.393
2.685
1.899
1.817
1.828
3.479
2.314
2.518
1.58
1.698
3.657
3.399
3.795
2.712
1.665
3.24
2.532
3.807
2.857
2.256
3.926
3.461
2.565
3.306
1.812
3.101
2.351
3.184
2.162
2.055
2.774
3.482
1.701
3.652
1.777
3.805
1.712
3.26
2.876
2.753
2.844
1.864
3.932
2.787
3.949
3.467
2.142
2.762
3.026
3.756
1.863
1.954
2.362
3.425
3.579
2.946
2.005
1.946
3.748
2.485
2.139
3.322
1.832
2.792
3.439
2.313
3.595
2.332
1.905
2.289
1.756
2.395
3.008
3.227
1.923
1.748
3.232
3.278
3.311
2.831
2.33
2.783
3.566
3.891
3.676
1.633
2.856
3.481
3.893
2.82
3.35
1.61
1.89
2.952
1.984
3.738
2.284
3.788
3.697
2.427
2.449
1.588
3.131
3.756
1.518
1.779
3.26
2.398
3.455
2.221
3.433
2.934
3.542
2.138
3.846
3.207
3.453
2.797
3.076
3.279
3.915
2.511
2.236
1.771
2.133
2.439
3.127
1.997
2.544
2.387
3.207
3.721
2.378
3.92
1.606
2.991
3.538
3.245
1.901
3.605
2.471
3.183
2.069
2.335
2.612
2.516
1.509
2.564
2.324
3.722
3.274
1.974
1.551
2.637
3.891
2.598
3.46
3.042
1.659
2.329
3.662
2.507
3.614
3.49
3.226
2.749
2.477
1.729
3.875
3.597
1.92
3.866
4.0
3.654
1.532
3.552
3.053
3.367
3.125
2.077
3.523
3.767
3.106
3.38
2.515
1.861
1.77
3.654
2.429
3.095
2.654
2.013
2.094
3.753
3.074
2.082
3.98
2.438
2.832
2.222
3.36
1.552
1.734
3.634
3.601
3.358
2.091
1.923
1.661
1.753
3.257
2.705
1.647
3.063
3.321
3.354
2.401
3.925
3.858
3.766
1.602
2.752
2.405
3.315
3.441
1.696
1.713
2.079
3.019
3.922
1.985
3.028
1.68
2.113
3.634
3.659
3.706
2.43
3.638
2.649
3.628
2.877
3.864
1.785
1.562
3.019
2.533
2.477
2.489
2.602
1.732
1.856
2.237
3.064
3.37
3.348
3.702
2.782
3.55
1.515
3.405
2.199
2.48
3.416
2.717
1.501
2.124
2.487
1.655
3.524
3.34
3.576
1.873
2.215
3.384
2.199
2.436
3.631
2.066
2.234
2.796
3.599
3.006
1.674
2.632
1.904
1.552
3.775
1.914
3.112
1.613
3.486
1.987
2.364
3.367
3.221
2.613
2.54
2.833
1.887
2.734
3.023
1.858
3.116
3.686
3.071
1.607
1.768
1.52
1.536
2.539
2.883
1.867
1.984
3.787
2.312
3.439
3.656
3.709
3.262
2.085
3.003
1.668
2.269
1.544
2.176
3.879
2.077
2.196
3.098
1.718
2.452
2.885
2.867
1.585
3.054
3.032
2.054
1.567
2.337
2.942
3.468
3.416
2.298
2.485
3.949
2.678
2.934
2.293
3.396
2.767
1.763
2.193
3.631
2.797
2.354
2.487
3.529
3.221
3.899
1.807
3.26
2.087
1.811
3.262
3.39
2.804
3.84
2.564
3.091
2.292
1.742
1.955
2.736
3.8
3.713
1.774
3.808
1.759
3.188
1.925
2.978
3.197
2.227
2.916
3.36
3.627
3.416
3.541
2.897
3.599
2.839
1.525
3.778
1.923
2.168
3.667
2.452
1.931
2.625
3.197
3.332
3.397
3.491
1.939
3.34
1.624
1.987
2.432
2.349
1.698
3.833
2.072
2.59
3.118
3.202
2.574
3.867
2.217
1.932
2.005
3.006
2.069
1.692
3.296
2.164
1.63
2.378
3.79
3.279
2.195
2.937
2.046
1.68
3.463
3.817
2.426
1.887
2.941
2.213
3.602
3.981
3.959
1.773
2.274
2.568
2.466
2.521
2.852
1.673
2.41
1.546
3.307
1.74
3.713
3.819
2.752
2.412
3.643
3.224
2.762
2.541
3.895
3.908
3.201
2.374
2.965
2.586
3.771
2.421
2.621
2.656
2.854
3.282
2.862
2.281
3.052
2.977
3.118
2.605
1.616
2.949
3.33
2.999
2.646
3.686
1.958
1.832
3.98
2.302
2.185
3.038
2.158
1.799
2.452
2.607
3.31
2.236
2.233
3.04
2.327
2.047
1.827
2.848
2.191
3.833
1.954
1.577
3.616
2.672
3.311
1.645
3.72
2.358
1.947
3.474
1.604
3.34
2.194
3.679
1.772
3.905
2.114
3.874
2.326
3.952
2.112
3.231
3.834
3.628
3.767
3.11
2.664
2.267
3.654
2.605
3.364
3.803
3.534
3.721
3.574
2.453
1.609
3.849
1.681
3.334
3.215
3.876
1.74
3.777
3.337
2.888
3.119
3.936
2.644
2.2
2.028
2.259
2.608
3.436
2.946
2.511
2.543
3.706
3.79
2.424
2.859
3.104
3.651
3.355
2.63
1.898
2.788
1.53
3.8
2.962
2.173
1.653
3.443
3.49
1.73
3.094
2.671
1.646
1.638
1.625
3.623
2.245
1.586
3.783
2.139
2.673
2.321
3.815
2.394
1.809
3.85
2.967
3.203
2.941
3.407
3.701
1.942
3.456
2.316
3.039
3.795
2.762
3.55
3.885
3.853
2.404
3.163
2.504
3.066
2.199
2.971
3.322
2.517
3.503
3.681
1.61
3.103
1.953
2.879
2.594
3.604
3.353
2.577
2.034
3.652
3.096
2.733
2.634
1.925
3.708
1.935
1.64
3.976
2.169
1.701
2.746
2.823
3.01
3.328
2.809
1.555
3.745
2.673
2.42
3.479
3.804
3.12
2.709
2.689
2.144
1.777
2.243
1.552
1.785
3.888
2.575
2.947
2.771
2.15
2.25
2.555
1.524
3.949
1.886
2.663
2.291
3.698
2.055
3.477
2.317
2.867
1.669
2.504
2.995
3.116
1.679
1.924
3.636
3.984
2.916
1.58
2.549
3.739
3.503
3.338
1.982
3.943
3.537
1.559
1.677
3.597
2.225
3.041
2.775
3.411
2.614
1.679
2.369
1.971
1.77
2.365
2.159
3.4
2.09
2.199
3.271
2.347
2.297
2.62
1.605
1.593
2.874
1.507
2.599
3.364
2.659
1.811
1.665
2.079
2.47
3.434
1.998
2.226
3.076
3.957
2.803
2.734
2.642
3.549
1.732
2.834
2.702
1.735
3.146
2.458
2.605
2.348
3.846
1.74
2.347
2.686
3.244
2.015
2.395
2.326
3.688
2.821
2.246
2.194
2.648
1.8
1.896
1.762
2.502
2.405
3.418
3.288
3.278
3.427
2.592
3.834
2.865
1.591
2.386
2.51
1.677
2.867
2.271
3.47
2.939
3.106
3.134
2.163
3.045
3.093
3.612
2.93
3.939
2.279
3.421
3.737
1.778
2.523
3.408
2.934
2.192
3.828
2.03
2.379
1.68
2.831
2.052
3.168
2.861
1.777
3.715
3.407
1.518
3.598
2.474
3.124
2.018
1.71
1.617
2.761
3.764
2.331
2.785
2.255
3.865
3.686
2.867
2.879
1.955
2.635
3.67
3.254
1.503
3.256
3.905
2.756
2.377
2.708
1.971
3.082
3.927
2.86
2.32
1.85
2.293
1.726
3.575
3.241
3.475
3.025
3.769
3.628
2.364
3.061
3.056
2.517
2.218
2.952
3.954
2.627
3.777
3.117
2.405
1.678
2.047
2.653
3.361
1.74
2.487
2.017
3.717
1.505
2.361
2.233
2.704
2.972
3.624
3.819
3.519
1.529
2.065
3.43
1.846
2.729
3.531
2.885
3.428
3.039
2.39
3.761
3.421
2.172
2.969
2.481
2.987
1.873
2.48
1.618
2.263
2.849
2.628
3.816
2.981
3.734
3.902
3.736
2.998
3.62
3.305
2.308
2.921
3.151
2.76
1.879
3.006
1.632
3.552
3.677
3.266
3.631
2.741
2.28
2.473
2.044
2.846
2.671
3.946
2.685
3.763
2.404
3.515
2.042
2.045
2.313
2.254
1.609
2.885
3.963
1.996
3.14
1.81
3.914
3.985
3.996
3.052
3.112
1.67
2.387
2.431
3.597
2.775
1.78
1.962
3.927
1.632
2.743
2.586
3.773
1.618
2.868
3.87
3.078
3.621
1.995
3.25
2.976
2.67
1.534
1.777
1.673
2.771
3.779
3.694
3.571
2.963
2.868
3.627
2.486
2.012
2.154
3.306
3.69
3.427
2.342
3.003
1.684
2.325
1.523
3.646
3.837
3.771
2.626
3.133
1.709
3.022
3.857
2.173
3.854
1.607
1.879
1.689
1.986
2.713
2.488
3.137
1.886
3.807
1.819
2.733
3.395
1.812
3.408
1.952
3.769
2.16
3.202
3.007
3.252
2.811
2.28
2.043
2.783
3.795
3.545
3.034
2.177
3.422
3.034
3.823
2.656
2.631
3.784
3.114
3.853
2.777
1.676
3.863
3.727
3.325
2.825
2.24
1.611
1.614
3.066
2.657
2.123
3.916
2.465
3.788
2.846
3.857
2.046
1.889
2.785
2.458
3.323
3.17
3.712
3.894
2.345
2.925
2.043
1.815
3.68
3.425
2.306
3.7
2.241
1.563
3.101
3.396
3.086
3.842
3.401
2.407
3.186
3.351
3.276
2.56
1.611
2.553
1.662
3.053
2.227
2.09
3.518
2.811
3.214
3.355
1.852
2.539
3.083
2.907
3.235
3.198
2.213
2.359
3.716
2.97
3.646
3.244
1.789
1.715
1.842
2.355
2.012
2.723
1.735
3.841
3.234
3.521
3.08
1.987
2.935
1.792
2.201
2.395
3.034
2.709
3.077
3.067
3.787
2.753
1.516
3.323
2.824
2.171
2.957
3.029
3.846
1.885
3.772
2.498
2.448
3.297
2.121
2.113
2.587
3.46
3.421
2.059
3.965
3.02
2.738
3.742
1.987
2.432
2.272
3.458
3.887
3.255
1.753
2.057
1.812
2.984
3.913
2.638
2.608
2.052
3.904
3.885
3.962
3.094
2.355
2.909
1.893
1.974
3.084
2.284
2.601
1.835
1.903
2.176
2.978
3.78
2.143
2.329
3.227
3.35
1.51
2.837
3.248
3.46
1.677
2.08
2.333
1.91
2.276
1.556
2.64
3.996
1.845
1.635
2.257
3.411
2.571
2.121
3.225
1.553
2.165
2.151
3.497
3.819
2.685
3.026
2.418
2.311
3.769
3.149
3.68
1.783
3.867
3.784
2.493
1.686
2.261
1.994
1.935
3.523
3.554
2.49
3.597
3.424
2.207
1.972
3.556
3.736
3.018
3.745
2.874
2.664
3.711
3.104
3.584
1.763
3.145
1.62
3.722
2.734
2.973
1.706
3.517
2.513
3.459
3.997
3.962
3.742
2.978
1.831
2.984
2.487
3.552
2.391
3.63
2.43
2.804
2.926
3.443
3.665
2.866
3.495
2.959
3.289
2.892
3.168
3.093
2.811
3.91
2.8
2.421
3.134
3.534
2.307
1.576
3.815
2.75
2.56
2.056
1.543
1.909
3.872
2.273
1.517
1.713
2.782
3.679
1.6
2.854
1.731
2.992
2.511
3.877
3.432
3.913
1.655
1.584
3.272
3.054
1.828
3.471
1.633
2.401
3.81
2.337
2.092
2.207
3.049
3.335
2.053
3.775
3.783
2.787
2.618
2.611
3.509
2.79
3.059
2.328
1.535
1.744
3.679
3.824
3.751
3.329
1.778
1.503
2.447
3.861
2.394
3.343
1.866
1.889
2.763
1.685
3.093
3.063
2.51
3.294
2.734
3.568
2.424
2.841
2.556
1.992
3.051
2.659
3.14
3.515
1.668
3.037
2.957
1.708
3.283
3.099
2.918
2.691
2.579
3.211
2.677
3.974
2.799
3.735
1.994
3.267
3.58
2.608
3.57
3.362
2.142
1.744
1.822
2.528
2.198
1.512
2.183
2.385
2.94
2.359
3.749
3.581
3.475
3.549
1.8
3.146
2.569
2.488
1.828
3.853
2.374
2.953
1.529
3.744
3.035
3.823
2.02
1.501
3.067
2.085
2.565
3.826
3.59
2.1
1.569
2.685
1.787
1.613
3.704
1.857
2.059
3.705
3.295
3.592
3.488
2.438
2.998
2.521
3.227
3.67
2.386
3.316
3.05
2.845
2.568
2.546
2.916
3.728
3.926
2.569
3.547
2.119
1.509
2.547
1.802
2.494
3.635
3.905
1.579
3.28
3.46
2.394
2.709
3.586
1.978
2.322
2.957
2.313
3.14
2.007
2.293
2.752
2.405
3.038
3.927
3.931
3.946
1.673
1.585
3.219
2.664
3.482
3.609
3.02
1.903
2.343
3.313
2.092
2.4
3.2
2.462
2.639
3.961
1.536
2.221
3.03
3.976
1.626
2.518
3.863
1.993
2.445
3.673
2.343
2.834
3.983
1.976
3.719
2.332
3.133
2.968
2.467
2.688
1.635
2.205
3.554
2.507
2.594
2.938
1.919
1.771
3.167
1.546
3.093
2.665
3.775
1.743
2.62
2.818
3.694
2.838
2.679
3.467
2.486
1.969
2.278
2.555
1.933
2.771
1.557
3.681
1.835
1.643
2.643
2.294
1.567
3.497
2.812
3.954
1.61
3.495
2.92
3.375
1.94
3.729
2.193
3.556
1.885
3.115
3.956
1.692
3.364
2.925
1.874
1.947
1.947
2.982
3.852
1.653
2.016
2.377
2.216
3.995
1.717
1.976
2.481
1.733
1.985
3.273
3.749
2.36
2.644
3.224
2.552
2.579
2.514
2.204
3.154
2.015
2.642
3.946
2.671
3.433
2.323
2.024
1.619
1.653
20.362
3.503
3.006
2.423
2.245
2.604
3.063
1.643
3.355
3.789
2.641
2.64
2.046
3.334
2.472
2.133
2.366
3.671
2.964
1.966
2.217
2.172
3.344
3.087
3.021
3.49
3.414
2.765
1.841
3.792
2.57
1.645
3.354
3.594
2.627
2.107
2.14
3.849
1.631
2.106
3.755
3.07
1.733
1.748
2.662
3.344
2.239
3.383
3.072
3.937
1.78
3.897
3.914
3.885
3.659
3.433
3.287
1.819
3.165
3.585
2.274
2.022
1.882
3.683
3.505
1.93
1.779
1.887
3.731
3.408
3.128
3.2
2.783
2.964
1.77
3.761
1.947
2.083
2.952
2.857
1.638
3.048
3.367
3.821
3.722
3.024
1.645
3.333
3.166
1.764
2.605
1.7
3.462
1.889
1.868
2.07
2.072
3.529
2.905
1.518
3.467
2.302
2.111
3.762
2.628
1.845
2.401
1.528
1.966
3.18
2.647
2.764
2.347
1.644
1.547
2.526
2.713
2.5
1.541
1.921
3.937
1.659
3.112
2.216
3.483
2.241
2.277
3.121
2.822
3.17
1.878
3.259
1.506
3.324
3.137
3.896
3.535
3.387
2.109
3.114
2.194
3.411
2.112
2.427
2.589
1.632
2.719
2.213
1.955
3.135
3.751
1.967
2.387
3.823
3.575
2.636
2.682
3.374
3.583
3.047
2.977
2.623
1.872
1.673
2.453
2.537
2.498
3.335
2.965
3.807
2.628
3.799
2.444
3.089
3.987
3.605
1.939
2.392
2.723
2.285
3.042
2.521
2.85
3.063
3.898
3.009
1.749
1.886
2.327
2.213
2.488
3.274
1.897
3.654
2.562
2.253
3.086
3.591
2.135
3.312
2.156
2.667
2.476
1.774
3.303
3.482
2.064
2.822
3.748
2.356
2.668
3.941
3.796
2.899
2.256
3.345
3.943
2.231
2.839
3.744
2.042
3.842
3.065
3.115
2.988
3.304
2.929
3.806
2.733
2.667
1.981
2.701
3.7
1.865
2.947
1.844
3.731
3.132
3.226
2.19
3.59
2.201
3.08
3.181
3.113
3.791
2.514
3.447
3.24
3.261
2.103
1.984
1.842
1.753
2.785
2.775
2.785
3.969
3.718
2.758
1.807
1.949
1.651
2.478
1.648
3.893
3.819
1.565
3.164
2.418
3.744
3.843
2.182
2.268
2.316
2.605
2.943
3.928
3.661
3.369
3.307
2.147
2.231
1.917
3.55
2.049
2.069
2.462
2.799
3.79
2.419
2.799
1.943
1.93
3.121
3.55
2.274
2.967
1.917
3.003
2.338
2.651
3.468
3.023
2.695
2.437
2.658
2.397
3.235
3.325
2.281
2.568
2.127
2.226
3.552
3.27
3.601
3.689
1.716
3.169
2.336
3.964
1.821
2.028
3.074
3.685
3.063
3.392
2.889
1.861
3.043
3.479
2.117
3.187
1.962
2.912
2.217
2.421
2.477
2.427
2.907
1.652
3.125
3.631
1.995
2.071
2.637
2.639
3.67
3.72
2.139
3.093
3.607
2.876
1.532
2.741
1.951
2.703
1.827
2.886
3.808
3.434
2.835
3.65
2.771
1.665
3.733
3.556
3.088
3.745
2.236
1.831
2.213
3.788
3.662
3.893
1.76
3.441
2.872
2.238
3.377
3.235
3.119
2.676
3.602
1.922
3.65
3.571
2.329
1.783
3.542
3.197
3.708
3.355
1.814
2.69
3.253
2.277
3.795
2.811
3.963
3.003
3.158
3.756
2.694
3.198
3.445
2.766
3.065
2.871
1.755
3.79
3.347
3.63
3.116
3.063
3.891
1.883
1.948
3.839
1.505
1.526
2.44
3.189
1.652
3.983
3.556
2.252
1.521
2.073
2.254
1.692
3.373
2.732
2.608
2.008
1.748
2.987
3.822
2.946
2.631
2.986
1.557
3.073
3.183
1.716
3.605
1.946
3.011
2.423
3.994
3.889
3.893
1.913
1.954
3.71
3.686
3.881
2.316
2.191
3.515
1.886
3.886
1.995
3.21
2.434
1.628
3.925
2.97
2.267
3.585
2.915
3.05
3.797
2.967
2.401
1.768
2.407
2.522
1.834
3.688
2.296
2.602
1.753
3.232
2.049
2.792
3.789
1.91
2.697
2.265
3.58
3.543
2.785
3.74
2.015
1.669
3.553
2.792
2.594
3.166
3.719
2.349
2.518
1.826
1.629
3.805
2.272
3.728
2.891
2.508
3.217
3.784
2.173
3.587
3.126
3.557
3.662
1.652
3.47
2.593
3.012
2.736
2.459
3.799
3.371
3.609
2.331
3.709
3.018
1.805
2.499
2.304
3.503
1.684
3.422
2.447
1.772
2.495
3.104
2.2
1.554
1.568
2.371
2.258
1.573
3.69
1.641
2.441
3.502
3.626
2.705
2.473
1.762
2.89
3.544
2.758
3.958
3.318
2.255
2.187
2.592
2.185
3.719
1.765
2.56
1.9
1.866
3.643
2.579
2.455
3.231
2.355
2.8
3.052
1.538
1.69
3.234
3.854
1.928
3.759
1.826
3.579
3.565
3.428
2.71
2.464
2.399
2.374
1.788
2.183
3.584
3.683
3.022
2.712
2.546
1.752
3.585
3.396
1.667
3.726
3.623
2.827
2.904
1.572
3.176
2.233
2.768
2.672
1.811
2.986
3.715
1.947
3.895
2.348
2.987
1.815
1.855
3.857
3.702
2.475
2.965
2.86
3.727
2.899
2.397
1.671
3.196
1.964
3.49
3.811
2.968
1.594
3.38
1.839
2.35
3.78
3.237
1.673
3.011
2.366
3.034
1.852
1.755
1.969
1.885
3.708
3.822
2.344
2.118
2.552
2.479
1.82
2.981
2.407
1.61
2.454
2.756
2.18
1.742
2.385
1.933
3.833
2.655
1.537
3.092
2.803
3.823
2.604
3.216
3.424
2.616
3.313
3.441
2.556
1.663
3.482
2.674
1.669
3.838
3.098
2.922
2.554
3.534
2.114
2.942
3.661
3.567
2.066
3.873
3.987
3.996
2.744
2.061
3.557
1.589
2.016
3.821
1.886
2.766
2.98
2.089
1.649
2.276
3.443
2.578
3.094
3.877
2.955
2.11
3.804
1.97
2.539
2.894
3.761
3.156
2.663
2.263
1.793
1.674
3.301
3.612
2.759
1.547
3.984
2.551
3.544
3.61
2.349
3.761
3.791
2.49
3.083
2.338
2.873
1.595
2.437
2.984
2.879
2.263
2.421
2.375
3.71
2.258
3.437
3.981
1.992
3.257
2.438
3.428
3.096
2.72
3.848
1.995
3.556
2.696
3.918
2.457
2.374
1.627
2.836
2.837
1.514
3.104
2.385
1.695
2.834
3.949
2.255
1.589
3.937
3.048
2.726
2.425
1.725
1.676
3.251
2.892
1.914
3.012
3.101
1.619
3.403
1.605
2.859
3.635
1.668
2.223
3.922
3.89
3.378
2.382
3.435
2.033
3.547
1.618
2.638
2.386
2.51
1.669
2.546
3.296
3.501
2.082
2.953
2.328
3.596
2.757
2.505
3.794
1.562
2.451
2.571
3.889
2.051
2.495
3.376
4.0
3.161
3.381
3.007
3.474
1.501
1.733
2.447
2.154
1.763
1.814
2.854
1.846
2.24
3.976
2.128
2.453
1.651
1.617
3.278
3.625
3.177
1.853
2.583
2.95
2.722
3.423
2.232
3.399
2.252
2.597
3.52
1.651
1.88
3.098
2.563
3.863
2.042
3.304
3.436
3.477
2.281
3.919
2.095
2.162
2.647
2.991
3.571
3.86
3.317
3.113
2.023
3.258
2.832
2.049
2.536
2.884
1.527
3.07
2.675
2.875
2.996
3.432
2.378
2.722
2.958
1.693
3.428
3.67
3.024
2.392
2.139
1.795
1.893
3.325
1.832
1.585
2.066
3.607
3.645
2.22
2.144
1.549
3.501
3.234
3.646
1.503
1.519
1.567
3.648
1.999
3.103
3.575
3.185
1.731
3.875
2.35
2.267
2.834
3.53
1.982
2.56
3.918
2.958
3.862
2.871
3.934
3.857
2.474
2.359
2.872
3.53
2.882
3.545
3.462
3.017
3.804
1.873
2.502
2.013
3.691
2.844
3.516
Error de lectura!!!
2.119
2.949
2.899
3.439
2.717
3.536
1.932
3.249
2.585
3.737
2.632
3.031
1.522
2.524
3.575
2.722
2.732
2.438
3.518
1.747
2.522
2.854
1.864
2.625
3.569
3.799
2.866
2.379
1.929
1.625
1.589
1.962
3.456
2.934
3.331
1.967
2.13
1.797
2.051
3.813
3.72
3.725
2.799
2.717
3.571
3.912
2.947
1.75
2.872
3.701
1.71
3.804
3.054
3.236
2.927
1.562
1.748
1.657
3.167
3.56
2.979
2.486
3.285
2.595
3.033
3.446
3.501
2.898
3.545
2.812
3.019
3.095
3.662
3.667
1.755
3.527
2.455
2.959
2.696
2.759
1.867
1.69
2.171
3.495
2.988
3.659
1.708
3.391
2.298
1.954
2.66
3.781
2.472
3.606
2.658
1.545
3.465
1.829
3.78
3.371
1.653
3.891
2.698
3.71
2.011
3.922
3.76
2.549
2.243
1.652
2.104
2.084
3.743
2.108
2.28
3.159
2.466
2.432
2.208
3.469
2.395
3.069
1.775
2.501
1.906
2.423
3.112
2.12
2.803
3.902
1.535
2.817
1.627
2.781
1.882
2.921
1.639
2.01
2.721
2.468
2.632
3.354
1.731
2.6
2.94
3.925
3.881
1.833
2.188
2.127
3.571
2.935
3.615
1.761
3.25
3.768
3.808
3.927
3.849
2.77
1.566
3.743
3.596
3.548
3.135
2.791
3.385
3.245
1.822
2.113
2.169
3.223
2.82
3.303
3.584
1.624
3.785
2.897
2.802
3.884
3.321
1.611
3.128
2.386
2.637
3.556
3.591
3.891
1.756
2.63
3.164
3.853
2.671
2.788
1.811
3.537
2.44
2.513
3.847
1.975
2.629
3.428
1.991
2.967
2.204
2.612
2.908
3.981
1.785
2.223
3.141
3.456
1.505
1.987
1.845
3.275
3.618
2.839
2.775
1.997
1.627
2.247
1.525
3.853
3.979
1.547
2.56
2.791
1.692
2.204
3.342
2.066
3.045
1.7
3.7
2.701
3.811
2.048
1.802
2.556
2.594
2.817
3.6
1.814
3.721
1.968
2.288
3.376
2.008
2.625
3.524
3.589
3.824
2.168
3.913
1.566
1.609
1.756
1.842
2.378
2.009
3.61
1.979
2.39
2.562
1.832
2.932
3.179
1.733
1.503
3.19
3.009
3.558
1.863
3.483
2.768
3.693
2.906
1.871
3.696
3.842
3.503
3.256
1.897
3.003
3.19
2.239
2.003
3.43
1.645
3.654
3.795
2.065
3.381
2.487
3.389
2.369
1.896
3.767
3.075
2.223
3.047
3.731
1.929
3.656
1.613
2.988
2.631
2.388
2.842
2.276
2.148
1.84
2.502
2.47
2.678
2.276
2.197
3.353
2.134
2.392
1.802
3.603
3.597
3.511
2.673
3.25
2.189
1.701
3.65
2.218
2.841
2.572
1.974
3.447
2.25
2.104
3.57
1.508
3.02
1.95
2.934
1.978
2.17
2.93
2.925
2.009
2.149
2.623
3.449
1.569
3.942
3.173
2.067
3.98
1.592
3.341
2.727
2.941
1.659
3.833
3.725
1.672
1.648
1.583
2.518
3.886
3.242
1.581
2.056
3.833
3.442
1.603
3.835
2.792
3.039
2.715
3.459
1.987
2.554
3.017
3.776
1.925
3.935
1.742
3.347
2.709
2.919
3.391
3.711
1.869
3.277
2.45
2.059
3.616
2.617
2.513
1.928
1.525
3.964
2.986
2.161
3.243
2.455
3.86
2.554
3.624
1.889
3.563
3.2
3.312
3.931
3.706
2.175
3.712
3.837
2.968
2.535
1.922
2.071
2.021
1.877
3.781
3.33
1.985
2.432
2.379
3.228
2.251
1.762
1.752
Error de lectura!!!
2.359
3.124
1.615
3.194
2.281
1.592
3.868
3.75
3.292
2.839
3.369
3.726
3.059
2.035
3.283
3.68
2.511
3.8
2.177
1.514
3.304
2.284
2.389
3.35
3.794
3.174
2.987
3.762
2.467
3.821
2.093
1.918
1.881
2.357
1.818
2.505
1.916
2.055
1.859
3.624
1.631
3.63
3.993
3.84
3.669
2.83
1.853
2.929
1.519
2.599
1.941
3.005
2.687
2.925
3.401
2.21
3.459
3.086
3.603
1.718
2.956
2.814
3.067
1.542
3.689
3.461
3.718
3.993
2.248
2.812
3.063
2.97
2.734
3.966
1.671
3.044
1.97
1.971
2.373
2.189
2.173
2.094
1.703
3.072
1.557
3.294
3.343
1.846
2.034
1.946
3.316
3.593
2.027
3.649
3.024
3.442
1.953
3.549
2.001
3.961
3.322
1.532
3.727
2.358
3.535
2.139
2.326
1.988
3.799
3.633
3.036
3.272
1.959
3.765
2.769
3.38
2.393
2.828
3.608
2.871
1.545
2.307
2.413
1.756
3.828
2.832
3.841
2.347
2.019
3.253
1.797
2.086
2.086
2.817
2.793
2.042
3.024
3.985
3.361
2.67
1.822
2.796
2.832
2.875
3.686
3.208
2.308
3.077
2.558
1.578
2.021
2.409
3.718
3.536
3.201
3.632
2.681
3.126
2.091
3.299
3.382
2.156
3.246
3.558
3.831
3.902
2.361
2.691
1.9
3.379
3.304
2.044
1.644
2.707
2.971
3.549
3.473
2.5
2.629
1.759
1.973
1.701
3.045
3.483
2.472
2.902
2.73
2.195
3.334
2.604
2.926
3.885
2.731
2.149
1.613
2.701
3.464
3.575
1.96
3.885
3.83
3.808
1.93
3.65
3.682
1.927
1.609
1.927
2.974
3.356
3.962
1.843
3.179
1.777
3.24
1.956
3.042
2.61
2.301
1.546
2.987
2.088
3.82
2.014
3.137
1.795
2.054
3.345
1.945
1.897
3.162
2.54
2.188
2.667
3.542
1.977
1.956
1.736
3.339
3.829
3.771
1.548
2.84
3.722
3.601
2.03
3.528
2.7
3.464
3.265
2.422
3.945
2.36
2.619
3.171
1.824
3.182
3.831
2.931
3.239
3.445
3.118
3.065
2.879
3.297
2.868
2.685
2.785
1.868
3.261
2.065
3.212
2.417
2.654
3.42
1.523
1.838
2.899
2.667
1.916
3.781
3.229
2.448
3.789
3.403
3.433
2.096
2.267
2.707
3.383
3.256
3.18
1.873
2.509
3.103
1.97
2.4
2.546
2.038
3.042
1.853
3.573
3.148
2.435
1.946
1.734
2.346
1.952
2.242
3.368
3.49
2.614
1.711
1.754
3.929
3.411
2.706
1.633
2.582
2.546
2.168
2.545
2.987
2.619
2.435
1.8
2.352
1.745
2.775
2.41
2.175
1.661
3.211
1.718
2.372
3.023
1.89
2.503
1.516
3.75
3.582
2.829
3.978
1.691
3.031
2.854
1.894
2.059
3.15
2.901
2.761
1.749
2.922
2.766
3.646
3.684
3.129
2.239
3.377
2.246
2.148
1.837
1.897
3.665
1.869
1.853
2.241
3.709
1.987
3.494
3.542
3.028
1.702
2.227
1.698
3.547
2.487
1.529
3.492
2.071
2.276
1.902
2.692
1.642
2.573
2.802
3.227
3.742
1.645
2.549
3.349
2.278
3.761
3.642
3.236
2.889
3.098
2.412
3.581
2.477
3.845
1.661
3.398
3.425
3.045
3.682
2.086
1.903
2.756
3.601
3.678
3.581
3.579
3.84
2.501
2.643
1.932
2.18
1.871
3.105
2.939
2.693
2.178
2.083
2.873
3.659
3.92
3.127
3.082
1.768
3.044
2.023
2.53
3.697
3.644
2.043
1.625
3.161
3.045
3.38
1.934
1.606
3.946
3.053
2.762
2.995
3.924
2.319
2.633
3.275
3.964
3.812
3.591
2.296
3.941
2.435
3.383
3.168
1.806
2.894
2.826
1.662
3.106
3.559
2.043
3.205
2.945
1.977
2.333
2.296
2.009
2.708
3.586
3.308
3.505
3.196
1.658
2.943
3.579
2.677
1.699
3.395
1.643
3.95
3.538
3.06
2.869
2.364
1.562
3.179
3.765
1.666
1.667
2.718
1.984
3.356
3.451
3.636
1.678
2.078
3.698
3.009
3.193
2.501
2.66
2.645
1.696
1.538
1.961
1.804
3.318
3.202
3.305
2.162
2.493
1.559
3.759
2.011
2.384
2.821
2.731
3.24
2.529
1.954
2.167
3.875
1.894
2.224
3.827
3.047
3.862
1.87
2.283
3.401
2.883
1.517
2.979
3.958
1.551
3.482
3.504
2.825
3.731
3.573
1.955
3.366
2.071
2.405
2.744
3.54
2.258
1.727
3.17
3.803
3.679
1.708
3.157
1.912
2.691
2.747
2.571
2.634
1.756
2.481
2.488
2.87
3.18
3.251
3.426
3.602
2.107
3.637
1.633
3.729
1.586
1.827
2.452
1.878
3.779
2.66
3.443
1.907
1.76
3.833
3.543
3.076
2.779
2.193
1.76
3.758
3.91
1.601
1.761
3.157
1.961
3.419
1.864
2.925
3.434
3.204
3.377
2.21
1.974
3.225
2.732
3.129
3.515
1.809
3.493
3.672
3.194
3.442
3.197
2.311
3.886
2.628
1.535
2.776
2.749
1.537
2.999
2.182
2.167
3.389
3.708
3.869
2.751
2.204
2.464
3.544
3.159
2.695
3.732
2.681
2.862
1.919
2.036
3.37
3.346
3.604
3.469
3.3
3.821
3.096
2.209
2.608
2.839
2.429
2.153
1.585
2.093
1.828
2.248
2.968
2.654
2.474
2.874
2.677
2.391
3.063
1.919
3.812
2.434
3.858
3.26
3.762
2.977
2.864
2.395
3.394
2.167
3.55
3.601
1.97
2.407
3.401
2.949
3.721
2.193
2.854
2.577
2.958
2.966
2.423
2.816
1.897
3.484
1.79
2.13
1.688
3.343
1.786
3.02
2.757
2.84
3.489
2.236
2.259
1.961
2.839
1.723
3.819
2.755
3.873
2.798
2.344
1.584
2.317
3.273
1.852
1.566
2.721
1.547
3.708
3.707
3.582
3.28
2.281
3.773
3.923
2.719
3.033
1.712
3.911
1.624
2.366
3.688
3.063
3.398
3.941
1.52
1.729
3.887
3.175
1.551
2.629
2.102
3.317
3.388
3.058
1.649
2.074
2.198
2.441
2.195
3.354
2.171
2.554
3.641
2.969
3.373
3.286
2.78
1.642
2.156
2.615
3.725
2.607
3.88
3.58
1.607
1.879
3.897
3.935
2.493
2.656
3.77
3.775
1.785
1.909
3.224
1.922
2.472
1.605
3.496
3.454
2.436
2.552
2.209
3.037
2.508
3.213
2.307
1.774
1.828
2.748
2.001
1.873
2.736
3.309
3.688
3.445
3.311
2.196
3.763
3.213
2.715
2.572
3.277
2.293
2.758
3.355
3.885
2.7
1.866
2.513
1.869
3.34
3.799
1.632
3.744
3.73
3.013
3.508
3.483
2.544
1.528
3.871
2.909
1.512
2.631
2.943
3.422
2.845
2.984
3.079
3.88
3.563
3.596
3.436
2.594
2.971
2.284
2.856
2.27
2.559
2.84
3.402
2.523
3.874
1.675
3.882
2.244
3.77
3.725
1.519
2.726
3.877
2.467
3.709
1.758
2.3
1.757
2.737
3.635
2.318
3.142
3.256
3.896
2.709
2.456
3.085
3.055
1.573
1.668
2.655
2.494
2.072
3.636
2.205
3.773
2.163
2.421
3.705
2.574
1.756
1.601
3.748
2.233
2.571
1.754
2.86
2.735
1.504
3.916
3.413
1.675
2.591
1.681
2.105
2.184
2.014
3.067
3.505
3.013
3.41
1.51
2.312
3.523
2.482
2.666
2.484
1.812
2.293
1.686
1.546
3.839
3.107
2.34
2.607
1.656
3.949
1.772
3.685
3.942
1.55
3.53
3.558
3.643
2.066
3.407
3.645
3.275
3.894
1.643
3.978
1.579
1.552
2.432
1.682
1.608
2.04
3.868
2.327
3.652
3.174
2.377
3.162
2.572
1.763
2.88
2.073
2.724
3.86
2.658
2.677
2.289
2.178
3.668
2.764
3.857
2.591
1.698
3.142
3.336
1.87
2.078
1.974
1.695
2.216
2.12
2.242
1.634
2.993
2.056
3.734
3.945
2.982
3.539
2.93
3.712
2.842
3.543
1.552
2.987
3.145
3.887
2.938
1.96
1.726
3.75
3.275
2.334
2.364
3.555
1.504
2.48
2.036
1.949
3.815
1.802
3.279
3.241
2.153
3.3
2.008
3.164
2.009
2.305
2.569
1.553
3.806
2.082
3.919
2.339
2.089
3.531
1.651
2.105
2.534
2.683
3.464
3.912
1.937
3.976
2.079
2.618
1.655
3.151
2.603
2.99
3.479
1.975
3.521
3.237
1.586
2.977
3.151
1.52
2.863
2.603
3.583
3.865
2.423
3.463
3.386
2.016
2.485
2.509
2.433
2.452
3.042
3.864
3.638
3.072
2.207
2.953
2.258
3.005
3.953
2.374
3.898
3.144
1.915
3.172
2.425
3.016
1.868
1.747
2.827
3.047
3.234
2.478
2.444
2.46
1.843
2.986
1.765
1.814
3.011
1.528
3.728
2.538
3.323
1.972
3.641
3.601
1.826
2.314
3.987
1.695
1.664
2.148
2.576
3.861
1.614
2.159
3.729
1.959
2.304
2.979
3.182
3.919
3.772
3.585
2.95
1.61
1.772
3.7
1.606
2.473
2.748
1.986
1.798
1.796
2.415
3.213
3.272
1.997
2.915
2.154
3.936
1.501
1.943
3.952
3.869
3.479
3.321
1.998
2.408
2.401
2.999
2.735
2.94
3.581
2.504
3.622
2.282
3.933
1.535
2.58
2.17
2.039
1.789
1.875
3.016
3.071
3.393
2.056
3.831
1.534
2.875
3.404
3.449
2.066
2.779
3.394
2.15
2.842
2.38
3.308
3.78
3.387
2.665
3.566
2.315
3.127
3.77
2.58
2.273
3.906
2.826
1.628
1.941
2.02
2.488
3.006
3.205
2.862
1.917
3.464
1.529
2.19
3.784
3.071
3.61
2.828
3.461
3.988
2.709
3.51
3.134
1.992
3.047
3.889
2.793
3.809
3.876
3.83
1.838
3.675
3.677
3.894
1.833
2.635
3.298
3.355
2.056
2.842
3.899
2.579
2.965
1.869
3.744
1.55
1.772
3.849
3.894
3.679
3.818
1.651
1.72
1.622
2.722
2.427
3.257
2.672
2.264
2.416
1.64
2.787
2.302
2.896
1.886
1.572
3.375
3.653
3.669
2.994
1.668
2.647
2.231
3.29
2.811
3.864
3.788
1.93
3.758
2.909
3.283
1.6
1.533
2.583
2.937
3.482
2.303
3.802
1.653
1.862
3.941
3.512
2.921
1.525
2.857
3.467
1.544
2.764
2.616
2.469
3.798
3.437
2.498
1.733
1.52
1.509
3.578
3.176
2.167
1.558
2.29
3.744
3.82
3.342
3.541
2.795
2.893
2.537
3.643
2.385
3.019
2.41
2.744
1.788
2.648
2.243
2.646
3.996
2.839
2.937
2.068
2.352
2.28
3.655
2.838
1.738
1.844
2.014
3.239
2.357
3.423
1.911
3.768
3.556
2.197
2.279
3.403
3.422
1.717
3.11
3.023
3.359
1.669
3.881
2.151
3.989
3.904
3.073
2.314
2.925
3.931
3.446
3.021
3.541
2.18
3.101
3.342
3.254
3.847
3.419
3.499
2.699
2.681
2.664
2.617
1.925
3.491
2.593
3.821
2.046
3.465
3.327
3.977
3.343
1.501
2.293
1.731
1.571
2.663
3.467
2.159
2.06
2.84
2.804
3.496
2.208
1.84
2.418
3.545
2.221
1.559
1.706
1.82
2.55
3.533
2.681
3.053
1.749
2.397
2.251
1.967
2.626
1.867
3.331
3.972
3.326
3.938
2.378
3.851
2.591
1.596
2.487
2.871
2.482
3.36
1.883
2.811
1.506
2.349
3.252
1.649
2.381
1.92
1.713
1.784
3.838
2.758
3.801
1.706
2.713
3.159
2.096
3.053
3.936
1.779
1.664
2.583
3.81
1.786
2.379
1.761
2.129
3.578
3.648
2.827
2.324
2.147
1.763
1.501
3.151
2.958
1.74
2.045
3.47
2.769
2.585
1.691
2.002
1.554
3.178
2.002
2.127
2.568
2.233
2.485
3.272
1.629
3.603
2.29
3.28
3.562
3.15
2.782
3.649
3.286
1.66
2.101
2.915
3.523
1.971
2.9
1.837
2.947
3.373
3.567
1.547
2.486
3.701
2.175
1.579
3.521
3.958
2.554
1.666
2.012
2.613
3.798
1.985
3.04
3.682
2.492
1.705
1.5
3.268
1.601
1.848
3.031
3.219
1.659
3.149
3.565
2.747
3.845
1.61
1.831
3.005
2.365
2.15
2.275
2.945
3.179
2.51
3.367
2.323
3.352
1.647
1.965
1.604
2.943
3.754
3.862
3.846
2.201
2.982
3.486
3.819
1.686
2.648
2.449
2.615
3.249
1.958
3.923
2.253
3.753
2.319
1.705
3.25
1.643
3.257
2.94
3.443
1.704
3.695
3.859
2.192
1.634
2.127
3.569
2.879
3.915
3.555
3.224
2.804
3.525
2.541
1.64
2.836
3.288
2.929
3.363
2.022
2.648
3.491
3.209
2.977
1.783
2.523
2.669
1.904
2.851
3.105
3.382
1.945
3.166
3.319
2.885
2.449
2.052
3.536
2.963
1.628
3.192
1.926
3.579
3.498
2.885
1.97
2.958
2.732
2.599
1.966
3.944
1.545
2.628
2.569
3.032
3.498
1.931
1.654
1.933
1.711
2.98
3.933
3.155
3.024
1.527
2.992
3.044
3.733
1.938
2.334
3.779
1.849
3.315
2.577
3.085
2.612
2.001
3.352
3.142
2.381
3.754
2.579
3.03
3.066
3.898
2.119
2.481
3.75
3.561
3.504
2.192
3.24
3.168
1.64
2.668
2.411
2.048
1.901
3.011
1.815
3.259
3.845
3.213
3.795
2.772
2.716
3.98
2.812
3.709
3.651
3.84
3.09
1.67
3.547
2.221
2.602
2.632
3.099
3.276
2.612
3.824
3.786
3.627
2.826
3.123
2.673
2.616
1.695
3.057
3.555
2.425
1.735
3.687
2.317
3.229
3.411
3.535
3.178
2.396
2.567
1.733
2.348
2.345
2.958
3.606
3.806
3.105
2.323
2.922
3.859
2.382
2.832
2.947
3.333
1.839
1.649
3.836
2.749
3.044
1.828
2.92
3.938
3.255
3.194
3.368
2.612
2.563
2.302
2.045
2.969
2.446
2.142
3.732
2.952
2.139
2.597
3.454
2.727
1.771
3.517
2.209
2.539
2.056
3.096
3.828
3.266
3.596
2.346
3.872
3.984
1.752
3.138
1.851
1.563
1.75
3.678
2.49
3.323
2.303
2.07
1.55
1.613
1.603
1.633
1.593
1.551
3.118
1.554
2.159
1.618
2.299
3.841
3.095
1.526
2.103
2.013
2.353
3.634
3.79
3.983
1.582
2.598
3.239
3.947
3.286
2.867
3.897
3.838
3.527
3.017
3.011
3.447
3.457
1.935
3.052
1.66
3.826
2.75
3.336
2.093
3.13
3.046
3.078
2.236
2.621
3.323
3.806
3.138
1.712
2.857
1.999
1.835
2.129
3.697
1.563
1.515
2.34
3.34
2.21
1.812
3.382
3.576
3.606
1.585
3.993
3.598
3.037
2.102
2.773
3.992
2.78
2.093
1.711
3.304
2.847
2.273
3.557
1.638
3.38
2.587
3.872
2.441
2.022
1.858
3.111
3.678
2.718
1.933
1.568
3.18
3.848
1.531
2.673
3.62
2.969
3.28
2.782
2.411
3.346
2.982
3.131
2.998
3.635
2.081
3.002
3.931
1.638
1.55
2.573
3.857
2.761
2.095
2.749
2.22
2.461
2.017
3.957
3.697
1.669
3.387
2.78
3.525
1.784
3.502
2.171
3.397
2.291
2.499
2.531
1.798
2.757
2.279
2.062
3.179
3.094
2.887
1.794
3.513
3.235
2.979
2.602
2.785
2.31
3.176
2.971
3.385
2.446
1.813
1.754
2.348
2.461
3.036
2.268
1.856
3.167
3.3
2.968
3.644
2.346
3.161
2.846
2.877
2.385
3.712
3.007
2.993
2.854
3.867
1.746
2.217
2.967
3.438
2.507
3.001
2.509
2.764
2.956
2.388
2.366
2.238
2.657
2.671
2.053
3.782
3.186
2.58
3.423
3.114
2.81
3.317
3.967
3.681
2.164
3.091
1.694
3.734
1.575
3.83
3.658
3.8
1.73
1.987
3.371
3.919
3.208
2.178
1.688
2.414
2.245
2.539
2.68
1.746
3.761
3.008
3.878
3.103
2.512
3.921
2.104
1.937
1.695
2.689
2.902
1.93
3.326
2.644
3.275
2.603
1.825
3.974
2.797
2.141
3.312
2.611
3.368
3.621
2.382
1.975
2.215
3.397
2.911
3.554
2.638
2.441
3.861
2.247
1.906
1.974
3.887
1.789
1.827
1.812
3.234
3.444
2.355
2.305
2.469
1.679
3.564
3.588
2.724
2.765
2.376
3.026
3.328
1.933
2.061
2.591
3.701
2.546
2.757
4.0
1.654
3.903
3.113
3.381
3.6
2.331
3.286
2.947
1.818
2.943
1.785
3.107
3.5
3.144
1.654
2.601
1.865
2.676
3.513
3.634
3.012
2.927
3.239
1.695
3.698
3.194
3.84
3.371
3.275
2.169
2.158
2.095
1.845
2.749
2.625
2.376
3.532
3.122
3.456
3.124
2.738
2.051
2.036
3.56
2.397
3.558
2.034
1.694
1.624
3.931
1.512
3.089
2.798
2.548
2.361
3.872
1.886
2.031
2.721
3.926
1.969
2.473
2.234
2.745
3.041
1.846
3.283
2.774
3.278
1.544
3.141
2.68
1.841
3.674
2.116
3.173
1.909
2.803
3.547
3.98
3.881
2.282
3.857
3.299
1.718
3.608
1.598
2.033
3.227
3.57
2.448
3.759
2.76
2.715
2.555
3.852
3.52
1.62
2.91
3.601
2.398
2.632
3.281
1.544
3.101
3.57
1.522
3.42
1.992
2.864
2.31
3.252
2.899
3.969
1.986
3.127
2.966
3.472
2.339
2.906
3.318
2.414
3.824
3.018
1.635
3.102
1.502
2.766
3.636
1.849
2.484
2.943
2.757
3.09
1.845
2.907
2.61
3.706
1.856
3.321
2.325
1.857
2.558
2.633
2.292
3.426
3.118
3.526
1.514
2.524
3.008
1.656
3.086
3.172
2.323
3.547
2.423
2.892
1.707
2.552
1.694
1.718
2.872
1.618
2.785
2.319
2.571
3.123
1.502
2.52
3.561
2.286
2.937
1.974
1.983
3.688
3.462
1.688
1.643
1.629
3.988
2.677
2.025
1.87
3.298
2.391
1.746
1.926
1.833
3.273
1.663
2.837
2.739
2.788
2.914
3.662
2.682
3.133
3.385
3.963
1.596
3.785
1.518
3.552
3.957
3.975
2.858
3.118
2.976
2.149
3.457
3.418
2.615
1.539
1.609
2.76
1.675
2.066
3.279
3.81
2.683
3.605
3.265
2.818
2.286
1.958
3.705
2.181
2.323
3.221
2.804
1.565
1.554
3.78
2.598
3.431
2.72
1.987
2.701
3.741
1.983
1.787
2.089
2.964
1.706
1.699
3.845
1.698
3.898
3.134
3.893
2.751
3.856
3.316
1.608
3.032
1.644
3.977
3.963
2.639
1.535
3.413
3.54
3.507
2.8
1.838
2.673
3.574
2.843
3.887
2.982
2.281
3.326
2.745
2.839
3.062
3.702
3.788
1.549
2.743
2.31
2.896
3.438
2.549
2.101
3.403
1.543
2.535
3.763
3.795
3.657
2.581
2.15
1.863
2.479
3.801
1.907
3.363
3.291
3.206
2.52
3.902
3.114
3.057
2.516
1.597
1.536
3.089
2.21
3.857
2.794
2.239
3.996
3.68
3.243
3.383
2.782
2.588
2.387
2.666
2.044
2.992
2.468
2.558
2.765
3.137
3.402
3.122
2.519
1.858
1.82
3.296
2.088
3.436
2.427
3.352
2.83
3.552
3.654
2.63
2.176
3.987
3.371
2.345
1.616
3.069
2.812
3.618
3.862
3.427
3.356
2.636
2.077
3.758
3.455
3.576
2.43
3.983
3.754
2.136
2.099
2.526
3.706
2.414
1.987
3.614
3.205
2.585
3.778
3.73
3.366
2.472
1.892
3.727
3.195
1.995
3.577
2.301
2.245
1.541
3.07
2.934
2.571
3.403
2.578
3.98
2.615
2.652
2.982
2.857
2.806
2.324
3.274
3.933
3.219
1.701
3.605
3.001
1.505
1.592
2.543
2.614
3.327
1.891
3.199
1.627
2.639
3.933
3.137
1.67
1.701
2.538
3.247
1.677
2.473
2.445
2.412
3.748
1.993
2.263
1.864
3.511
3.879
1.606
2.737
2.632
2.776
2.345
1.796
2.348
3.419
1.917
1.889
2.165
2.598
2.428
2.974
1.889
2.993
2.494
3.895
2.241
2.367
2.903
3.352
2.974
2.99
2.925
2.937
3.71
3.427
3.024
3.945
2.656
2.452
3.609
3.1
2.294
2.154
3.783
1.519
3.183
3.066
3.797
2.222
3.75
2.849
3.282
3.77
1.926
2.733
2.13
2.312
3.935
2.97
3.403
3.499
3.689
3.205
3.09
1.621
1.535
3.674
2.16
2.432
2.128
3.149
2.86
3.983
2.004
2.377
2.653
2.493
3.451
2.636
1.597
3.394
1.544
2.651
3.83
1.8
3.781
3.687
2.464
3.667
2.617
2.872
3.032
1.995
2.485
1.843
3.486
2.951
1.874
3.502
1.765
2.166
3.23
2.303
2.135
2.758
1.958
3.101
1.845
3.321
3.783
3.786
3.492
3.349
1.673
3.736
3.45
1.501
3.351
3.442
2.901
2.125
2.342
1.573
2.202
3.306
2.051
2.875
3.762
3.012
3.436
3.308
2.634
2.692
3.497
3.202
3.617
2.031
2.656
2.869
3.763
1.511
3.626
2.591
1.542
2.97
2.112
1.804
3.381
3.363
3.259
3.914
2.738
1.973
1.521
3.554
2.357
2.682
1.806
3.482
3.046
3.428
2.271
3.872
3.461
2.524
2.105
2.122
3.903
1.658
2.491
2.64
3.699
2.45
2.072
2.824
3.658
3.512
2.953
3.328
3.133
3.12
2.391
2.717
3.667
3.468
3.036
3.545
2.088
1.82
1.556
3.745
2.703
3.3
2.241
2.921
2.621
3.068
1.842
3.241
2.069
1.547
2.296
2.099
3.95
3.713
3.669
1.769
2.492
1.723
2.381
3.632
2.023
3.068
3.985
2.952
1.868
2.002
3.684
3.63
1.603
1.622
3.126
1.797
3.928
2.266
2.145
3.605
3.342
2.167
3.095
3.475
2.633
2.651
3.28
3.308
3.659
3.187
1.83
2.444
1.864
2.766
2.634
3.183
3.795
1.53
1.971
3.55
2.592
2.865
3.368
2.989
2.156
1.506
3.995
2.993
3.98
3.659
1.771
3.068
1.574
2.878
1.506
1.79
2.981
1.837
1.515
2.687
3.539
3.461
3.385
3.187
1.609
3.663
1.907
3.344
2.015
3.849
1.844
2.393
3.063
2.957
3.507
2.678
2.463
3.754
1.989
3.244
3.181
2.504
2.736
2.987
1.876
3.069
3.086
1.734
3.241
3.084
1.936
3.102
1.567
3.531
3.762
2.229
3.231
1.528
1.524
2.642
3.642
1.552
2.728
2.242
3.296
3.985
2.785
1.533
1.787
2.49
2.327
2.848
3.971
3.214
1.632
3.972
2.11
2.36
2.633
2.555
2.04
1.655
2.817
1.609
3.023
2.016
2.415
2.025
1.792
3.933
2.624
2.272
3.4
3.498
1.592
2.025
3.078
3.569
2.728
3.828
1.871
1.586
1.626
1.691
2.27
3.068
1.738
1.677
3.89
2.962
2.515
3.711
2.634
3.621
2.564
1.558
3.368
3.554
1.596
2.343
2.643
3.346
1.579
1.713
2.029
2.606
1.848
1.929
3.986
1.963
1.865
1.665
3.33
3.341
2.594
1.683
1.827
2.328
1.856
2.023
2.559
1.848
3.624
3.703
3.405
2.178
3.457
2.132
3.886
2.223
1.701
2.069
1.627
2.107
3.249
1.79
2.961
2.849
3.32
1.505
3.086
3.046
2.891
2.464
2.253
2.249
2.61
3.715
3.571
2.295
3.609
3.081
3.292
3.318
2.29
1.694
2.126
2.161
3.638
3.169
2.216
3.563
1.677
2.891
3.008
2.816
1.979
3.274
1.537
2.604
2.161
2.358
3.409
2.28
3.187
1.631
2.115
3.743
2.068
2.364
2.033
2.851
3.314
3.121
3.396
3.144
2.406
3.468
3.074
2.029
3.756
3.305
2.506
2.379
3.503
3.176
2.729
2.101
2.577
2.639
3.887
1.936
2.953
3.474
2.304
1.62
2.946
2.235
2.332
2.072
2.293
1.643
3.94
3.157
2.748
3.921
3.318
2.083
2.574
2.666
2.461
2.196
1.565
2.386
1.735
3.328
3.686
1.743
3.716
1.728
2.958
1.622
2.847
2.194
3.885
3.193
3.193
1.886
2.805
1.72
1.988
2.964
2.06
2.472
1.92
1.727
3.484
3.102
2.205
3.532
3.758
2.853
3.172
3.699
3.899
1.937
3.786
2.963
1.788
2.457
1.989
2.015
1.709
1.847
3.467
3.672
2.953
3.656
2.813
3.421
2.268
2.588
2.378
1.725
2.517
3.015
3.149
2.842
3.804
3.667
2.507
2.322
2.779
3.436
3.186
3.177
1.943
3.591
2.828
2.052
3.082
3.234
1.847
3.061
1.744
2.312
3.623
1.605
3.927
2.997
2.005
2.96
2.02
2.917
3.403
2.12
1.848
2.84
2.518
3.702
3.365
2.823
2.946
1.942
3.839
3.291
2.209
2.927
2.909
3.168
3.271
3.207
3.46
3.149
3.079
3.406
3.325
1.852
2.581
3.788
3.944
1.766
2.056
3.903
3.623
2.499
3.076
3.973
2.052
1.998
3.16
3.32
3.67
2.567
3.901
2.25
3.29
2.225
1.914
1.737
1.782
2.793
2.862
3.112
1.707
3.718
2.734
3.539
1.529
3.644
1.889
2.366
3.729
3.727
2.366
3.568
2.648
2.425
3.726
2.172
2.466
3.337
1.623
2.718
3.279
1.8
1.974
1.631
2.014
2.224
3.84
1.986
2.826
2.01
2.023
2.495
2.056
2.353
3.225
2.171
2.731
1.554
2.103
2.118
2.137
3.789
3.915
3.834
3.112
1.64
2.322
2.357
3.257
2.033
3.044
3.436
2.874
2.408
1.699
2.635
2.459
1.702
3.182
2.366
1.786
3.378
1.573
2.281
3.578
2.968
2.461
2.996
3.02
2.582
3.75
3.044
2.413
1.742
2.048
2.979
3.129
1.855
3.085
1.919
1.674
1.687
2.972
1.616
2.667
2.541
1.633
2.028
3.572
2.687
3.491
1.701
2.486
1.783
3.425
3.332
3.318
3.023
3.951
Error de lectura!!!
2.079
3.757
2.3
2.703
1.765
3.528
3.591
1.772
3.973
2.653
2.19
2.363
3.144
2.741
3.783
3.137
2.229
3.777
2.663
3.334
1.801
2.809
2.184
3.986
3.143
2.185
3.731
2.427
3.847
3.873
3.308
1.839
2.549
1.592
3.559
2.637
3.146
2.377
2.374
3.239
3.608
2.42
1.569
1.93
1.935
3.63
1.977
3.345
3.063
1.643
1.62
1.826
2.915
2.205
3.855
2.086
3.335
1.888
3.406
3.719
3.176
2.515
1.619
1.511
2.182
1.735
1.948
1.939
1.639
3.713
3.821
3.663
3.151
3.66
1.805
2.904
1.505
2.476
2.073
1.986
3.361
1.514
2.501
2.921
3.76
1.601
3.637
1.664
3.288
3.492
3.167
1.973
2.453
3.642
2.539
3.411
3.523
2.0
3.984
2.644
3.231
2.131
3.67
3.402
1.515
3.766
3.211
3.229
2.028
3.215
2.451
2.71
2.227
1.779
3.777
3.513
3.396
1.626
1.556
3.872
1.509
2.921
3.179
2.621
2.464
2.601
3.599
1.916
3.639
2.835
3.784
2.369
2.584
3.93
1.918
1.852
1.604
1.867
2.473
2.973
3.806
2.84
3.465
1.885
2.308
3.509
3.992
3.3
3.613
2.618
3.907
1.507
2.538
1.979
2.283
2.016
2.212
2.76
1.74
1.597
3.309
1.909
1.639
3.154
2.85
2.969
2.247
3.765
1.637
1.675
2.047
2.382
2.199
1.555
3.598
3.553
2.02
2.871
2.595
3.724
2.284
3.602
1.65
1.926
1.55
1.56
3.311
2.53
3.567
2.217
3.602
1.766
3.359
2.413
3.384
2.907
2.435
3.612
2.395
2.347
3.064
3.791
3.727
3.052
2.047
3.827
1.845
1.816
2.586
1.674
2.333
3.185
3.879
2.193
1.979
2.944
2.433
3.093
2.121
2.87
3.102
3.321
2.562
1.899
2.047
2.691
1.754
2.343
2.116
1.761
2.32
3.447
1.827
3.497
2.383
2.892
3.125
3.055
3.074
2.739
2.285
2.098
1.981
3.922
3.144
2.833
3.896
3.057
2.6
2.301
1.941
3.706
3.822
1.579
3.099
1.964
3.283
3.8
3.77
2.04
3.581
1.985
2.539
2.72
3.842
2.57
2.528
1.767
2.996
3.928
3.339
3.278
1.752
1.701
2.412
3.501
3.757
2.39
2.088
1.993
3.043
2.305
2.875
3.422
3.292
2.229
2.966
2.3
2.046
3.561
3.986
2.107
2.308
1.504
2.99
2.206
3.799
2.49
1.591
1.569
3.678
2.591
3.781
3.08
3.915
3.367
3.974
3.937
2.788
3.345
2.389
3.114
2.671
1.608
1.879
3.431
3.893
1.786
3.358
2.536
1.943
2.06
2.274
3.001
2.183
3.419
2.06
3.792
2.817
1.656
3.56
2.829
2.955
2.193
3.102
1.773
2.933
3.783
3.671
3.931
2.553
1.892
3.488
2.033
2.987
2.132
3.078
1.735
2.438
1.897
2.416
2.745
3.389
2.061
1.604
3.216
1.519
3.979
2.224
3.465
1.746
2.022
2.709
1.824
2.722
2.704
2.062
3.073
2.139
3.971
2.998
3.659
2.481
3.376
3.742
3.628
2.082
2.093
3.66
2.971
3.28
2.418
2.563
1.677
3.935
2.769
2.553
2.984
2.143
2.52
2.95
3.896
2.198
1.616
2.768
3.308
3.316
2.789
3.752
1.727
1.969
1.973
3.301
3.499
3.908
2.128
3.995
2.152
1.657
1.854
3.724
1.879
2.828
3.51
2.278
3.813
2.575
1.911
3.339
2.645
2.56
3.127
1.592
1.54
2.926
3.912
1.839
2.9
2.437
2.996
2.308
2.714
3.001
3.73
3.182
2.214
3.528
2.916
2.928
1.778
3.889
3.859
2.526
1.764
3.023
2.262
1.737
1.535
2.049
2.661
3.987
2.816
3.015
2.269
2.824
1.753
1.543
2.946
3.718
3.203
1.574
3.418
2.934
3.308
3.759
3.241
2.718
2.568
2.12
3.705
1.638
3.92
2.674
1.767
3.577
3.375
2.238
3.247
2.426
3.084
2.209
3.858
2.399
3.79
2.954
2.949
3.455
2.274
1.864
3.477
2.685
3.613
1.77
3.921
3.017
2.497
1.634
1.991
3.536
1.615
3.244
2.198
2.059
3.87
3.803
2.201
2.363
2.968
3.432
1.575
3.045
2.018
1.873
3.473
3.177
3.861
2.57
1.972
3.789
2.473
3.467
3.308
3.144
3.286
1.995
3.554
3.962
3.039
3.496
2.868
3.48
1.809
3.414
3.728
1.716
3.378
1.765
2.543
1.885
3.078
3.799
2.328
2.9
2.715
1.995
2.792
3.306
3.839
2.193
2.301
2.961
2.905
3.756
2.324
2.945
2.755
1.559
3.803
2.59
3.157
1.581
2.607
3.241
1.577
1.909
2.551
2.636
3.538
3.063
3.73
3.68
2.825
2.544
3.246
3.671
1.528
2.484
3.214
1.622
3.595
3.107
2.653
3.164
3.198
3.188
2.34
2.528
3.498
2.098
3.066
2.867
2.086
3.286
2.519
3.198
2.84
3.674
2.992
2.206
2.816
1.876
2.756
2.948
1.897
3.728
1.838
2.7
3.863
3.565
2.712
1.605
2.297
1.926
2.572
2.164
3.487
3.441
2.907
2.214
3.826
3.997
2.856
2.889
2.678
2.842
1.793
3.785
3.96
1.941
2.055
2.903
3.057
2.462
2.614
3.419
2.678
1.99
3.275
3.176
2.114
3.69
3.759
2.004
2.808
3.307
3.253
2.903
3.294
3.303
2.928
3.474
1.766
2.582
3.185
2.767
2.388
2.34
1.784
2.497
2.649
3.846
2.341
3.904
3.565
2.86
2.867
2.488
3.622
1.543
3.489
3.37
1.969
1.704
3.42
3.874
3.067
3.776
3.413
2.211
3.347
3.411
1.855
2.894
3.307
3.798
2.642
1.57
2.012
2.197
3.488
2.316
3.633
3.271
3.481
2.563
2.906
3.161
3.442
2.528
3.948
2.062
1.648
3.604
2.968
3.199
2.346
2.046
3.568
2.684
3.356
2.735
2.067
2.567
2.304
2.937
3.692
2.829
3.624
3.269
3.124
2.757
3.007
2.774
2.914
1.747
3.414
2.157
3.227
2.894
2.982
1.763
2.734
3.37
3.295
2.039
3.636
3.837
3.249
3.067
2.61
3.83
3.997
1.59
2.72
3.767
1.605
2.672
2.815
3.646
3.039
2.756
2.917
1.842
3.179
3.535
1.814
3.454
3.35
1.954
3.448
1.518
1.72
3.609
2.893
3.678
2.344
3.511
3.257
3.23
1.734
3.287
1.596
2.62
3.249
2.035
1.826
3.858
2.479
1.777
3.884
3.391
1.807
2.437
3.454
2.103
3.14
3.044
2.178
1.502
1.588
2.674
2.882
1.588
2.084
1.618
3.094
2.878
2.149
3.729
3.234
3.778
1.637
3.647
3.726
1.985
2.494
1.618
1.662
3.435
3.0
2.477
2.604
1.792
1.71
2.386
3.27
2.173
2.1
1.836
1.981
3.503
3.123
2.773
2.737
3.852
1.925
3.017
1.751
3.072
3.819
2.54
3.992
2.238
3.64
3.982
1.522
1.752
1.766
1.842
3.409
2.476
3.909
3.982
2.184
2.07
2.565
3.386
2.171
2.962
2.936
1.795
2.785
2.081
3.178
3.871
2.167
1.608
3.186
3.625
2.842
1.887
3.862
3.423
1.747
2.578
3.528
2.847
2.712
2.061
3.634
2.119
1.589
3.205
3.052
3.679
1.543
2.345
2.53
3.077
1.769
2.343
3.055
1.919
1.918
3.767
2.084
2.719
2.269
2.193
2.45
2.944
3.41
3.911
2.773
3.037
2.902
3.509
3.471
2.251
2.019
2.068
1.544
1.75
3.463
2.585
1.964
3.977
2.552
3.432
3.345
2.136
1.906
2.714
3.638
1.92
2.078
2.127
1.606
2.184
3.955
3.538
2.073
2.334
2.515
3.659
2.249
2.606
1.527
2.538
3.63
2.338
2.349
2.599
1.741
3.615
2.259
1.547
3.675
1.826
3.024
3.889
1.984
2.734
1.781
2.526
2.216
3.815
2.791
3.975
1.889
2.709
1.958
2.654
2.83
2.808
3.594
3.438
1.992
3.46
1.919
1.931
2.708
2.981
1.78
2.207
1.822
3.269
3.794
2.666
2.709
2.858
3.555
1.739
3.899
2.385
2.657
2.018
1.641
2.815
2.906
1.806
3.351
3.266
2.824
1.931
3.97
2.452
3.951
1.786
1.816
2.042
3.085
2.592
3.019
2.408
2.776
3.385
2.265
3.632
2.301
3.164
2.738
2.771
3.451
3.071
3.97
2.869
3.586
3.436
2.209
2.899
3.413
3.544
2.145
3.847
1.645
2.663
3.721
3.676
3.166
2.465
3.83
2.629
2.5
2.239
1.955
3.399
2.279
3.605
1.583
1.68
3.754
2.564
2.68
2.634
2.583
2.915
2.505
3.885
3.089
2.916
2.074
2.621
2.405
1.576
3.789
3.39
3.263
3.342
1.696
2.689
2.727
1.992
2.309
3.475
2.397
1.562
3.436
3.479
3.295
3.948
2.126
3.108
3.24
3.615
2.645
3.315
3.73
3.296
3.564
3.772
1.98
2.482
3.954
2.774
2.931
2.113
1.557
2.39
2.982
2.036
3.877
2.251
2.69
1.858
3.05
3.818
1.935
3.786
1.835
3.418
1.643
1.592
2.897
2.838
2.293
3.204
1.782
3.858
2.608
2.039
3.839
3.906
2.705
2.85
2.422
3.777
3.838
2.851
2.502
3.851
2.854
3.304
3.881
2.079
3.03
1.682
2.415
1.87
3.749
2.975
2.805
1.828
1.903
3.265
1.515
1.928
3.195
2.681
1.726
2.124
3.536
2.77
3.035
1.9
1.887
1.554
2.767
2.191
3.207
2.09
1.841
1.971
1.615
1.724
3.36
3.408
1.829
3.707
2.772
2.354
3.385
3.422
1.877
3.261
3.619
2.001
1.558
3.941
2.511
3.787
3.087
2.199
3.887
3.831
2.847
2.329
2.083
3.268
2.648
3.368
2.469
2.485
2.089
2.603
2.914
3.538
2.077
2.22
2.767
3.011
1.812
3.86
1.852
1.85
2.917
2.917
1.658
3.268
3.848
2.878
1.857
1.645
3.991
1.824
1.602
2.655
2.951
2.942
1.709
3.229
1.791
3.652
2.01
2.956
2.051
1.531
2.666
3.961
1.737
3.053
3.775
1.654
2.631
2.673
2.73
2.671
3.347
2.566
3.999
3.87
2.409
2.62
2.343
1.837
2.209
2.541
3.392
2.316
2.246
1.922
3.621
2.518
3.907
3.263
2.167
3.457
2.186
2.331
3.361
2.353
2.4
3.964
1.638
2.625
2.369
2.35
1.702
2.549
2.416
3.953
2.688
3.581
2.849
2.515
1.569
2.524
3.039
3.4
3.603
3.428
3.177
1.923
1.793
2.516
2.444
2.794
3.463
2.104
1.963
2.082
3.212
3.967
2.956
3.221
2.738
1.766
3.782
3.559
3.111
1.714
2.093
3.381
2.952
3.726
2.546
2.019
3.245
3.741
2.555
2.953
2.879
3.175
1.863
3.967
3.327
3.409
3.266
3.412
1.874
1.962
3.625
2.809
3.58
2.047
3.219
3.429
2.702
3.815
1.786
2.569
2.706
3.114
3.626
3.832
3.736
3.924
1.803
2.659
1.686
2.008
2.491
2.895
2.263
2.143
3.818
3.41
3.77
2.021
3.552
2.54
2.979
2.97
3.926
3.241
3.175
3.861
2.213
2.698
3.927
2.702
3.39
1.834
3.514
3.438
1.6
3.27
2.596
1.869
3.75
3.597
3.516
1.773
3.469
3.814
1.968
3.582
2.788
3.645
1.651
2.382
1.609
3.767
3.717
3.547
3.936
1.857
1.575
3.281
2.048
2.657
1.516
2.313
3.615
3.023
1.64
3.847
2.929
1.596
3.809
2.029
3.379
2.797
2.245
3.519
1.85
3.395
2.853
3.677
2.296
3.109
2.039
2.544
2.622
1.688
1.552
1.782
3.698
1.648
3.374
3.02
2.086
1.815
2.579
1.898
3.879
2.613
1.86
2.618
3.285
2.534
1.8
2.026
3.336
3.15
3.847
3.873
2.711
2.173
3.494
3.471
2.468
3.122
3.34
3.856
3.993
2.708
1.596
3.079
2.822
2.359
3.233
3.1
2.7
2.488
2.497
2.639
1.974
2.242
1.767
3.652
2.204
3.308
2.201
1.539
2.009
2.139
2.954
2.562
3.011
2.525
2.685
3.608
3.077
2.564
2.474
2.433
2.813
3.776
3.499
3.43
2.123
2.479
3.309
2.585
2.884
2.444
2.066
1.611
3.293
2.829
2.923
2.733
2.097
2.698
3.209
2.076
2.056
2.808
2.435
2.792
3.628
3.16
1.648
3.729
2.942
1.952
1.573
3.262
3.759
1.523
1.7
2.537
3.756
1.834
1.771
1.686
2.332
2.244
1.721
3.29
1.986
3.618
3.615
1.925
2.185
1.67
3.795
1.875
3.732
3.891
3.774
2.311
3.664
2.775
2.786
3.354
3.829
3.889
3.849
3.498
2.818
3.773
1.995
1.512
3.941
1.624
3.577
1.501
3.532
1.697
2.857
2.58
3.293
3.607
2.747
2.133
2.281
2.009
3.765
3.938
3.313
2.338
3.747
3.246
3.954
3.969
1.751
3.0
3.339
3.233
2.665
2.142
2.51
3.182
2.65
3.725
2.305
3.199
2.984
3.939
3.295
1.514
3.884
2.467
1.631
1.638
2.983
1.772
2.87
3.695
3.446
1.692
2.189
2.948
2.494
3.343
2.428
2.123
2.567
2.4
3.847
3.854
3.821
1.821
1.983
2.959
2.186
2.84
2.885
2.262
2.659
2.55
3.497
2.137
3.465
2.63
1.989
3.148
3.167
2.324
3.688
3.706
3.295
3.431
3.444
1.547
2.633
3.66
2.035
2.757
2.892
3.655
3.094
3.867
1.778
2.261
1.998
2.418
3.066
3.565
2.234
1.892
1.915
2.724
2.506
3.796
1.699
2.55
3.236
3.789
2.432
1.531
2.733
2.953
3.023
2.347
1.615
2.709
2.822
3.82
2.729
3.493
3.02
2.858
3.675
1.675
2.723
2.201
3.851
3.133
2.203
3.063
3.799
3.425
3.185
3.607
2.379
2.1
1.807
3.084
3.746
2.6
2.861
3.893
1.814
3.592
2.839
2.789
3.515
3.427
3.762
1.983
2.64
2.388
2.589
1.728
3.564
1.956
2.618
1.575
2.146
1.613
2.704
3.448
3.8
3.838
3.143
2.22
1.727
2.697
3.048
3.88
3.056
3.916
2.608
3.106
3.84
3.658
3.879
1.626
2.748
1.675
2.663
3.029
2.569
3.4
2.495
3.713
3.683
2.68
Error de lectura!!!
3.541
2.944
1.595
2.227
2.04
2.428
2.574
1.914
2.687
3.114
3.61
3.092
2.932
3.391
3.251
2.766
3.264
2.183
2.957
2.127
2.191
1.885
3.197
3.093
2.161
3.116
3.03
3.717
2.536
2.633
3.234
2.574
1.778
3.93
1.984
1.504
3.026
3.606
3.105
3.127
2.431
2.848
2.608
3.769
3.193
1.542
3.799
3.644
1.578
2.106
3.973
2.093
3.392
3.321
2.777
3.505
1.571
2.5
3.187
2.305
2.547
3.129
1.763
1.974
2.416
2.654
3.003
2.612
1.531
1.566
2.67
3.126
3.295
2.117
1.908
2.088
2.854
2.977
2.645
2.306
4.0
2.651
3.884
2.598
2.828
3.201
2.178
2.572
2.812
1.777
2.261
2.803
1.697
2.167
3.04
1.805
2.758
3.159
3.527
3.669
2.639
3.239
3.946
2.008
3.068
3.986
2.808
2.735
1.635
3.033
3.646
3.96
3.261
3.326
3.665
3.166
1.869
3.072
2.439
2.417
3.612
3.048
2.104
3.101
1.806
1.597
2.63
2.676
2.275
2.132
3.026
2.2
3.592
2.14
1.765
3.226
3.521
1.812
3.944
3.941
3.992
3.338
2.275
3.097
3.634
2.278
3.528
3.181
3.042
3.092
3.544
3.797
2.413
2.24
3.221
3.683
3.292
3.134
2.819
3.812
2.37
2.398
1.567
2.948
3.372
1.83
3.505
3.374
3.247
2.302
1.693
2.246
3.056
1.98
3.013
1.746
2.755
3.023
2.878
3.175
3.37
3.887
1.966
2.718
2.66
1.552
2.638
2.378
2.654
2.452
3.748
3.607
3.912
1.867
2.288
2.608
3.791
2.473
1.989
2.994
1.836
2.945
2.959
1.944
1.898
2.051
2.661
2.813
3.554
3.195
2.122
2.43
2.478
2.779
1.617
2.093
3.011
3.751
3.813
3.889
3.449
2.22
2.571
2.445
3.657
2.183
3.693
2.017
1.656
3.966
2.526
2.379
2.204
2.827
2.748
2.865
2.222
1.788
1.699
2.755
3.016
3.265
3.901
2.61
2.421
2.352
3.246
3.41
3.401
1.636
1.736
3.563
3.918
3.702
1.501
2.808
2.956
2.985
3.315
2.312
3.627
2.307
2.7
3.462
1.584
2.758
2.035
2.046
2.697
2.903
3.365
3.598
1.564
3.772
3.268
1.511
1.822
2.206
3.62
3.685
2.551
1.654
3.603
2.643
3.397
2.41
3.856
1.999
3.734
2.498
3.221
2.465
3.288
1.91
1.84
3.676
3.252
2.209
3.656
1.995
3.175
2.431
3.318
2.462
2.258
2.507
3.754
3.711
2.953
3.458
1.641
1.68
3.816
2.204
2.442
3.446
1.546
2.981
2.2
3.777
1.581
3.577
3.091
2.778
3.45
1.696
2.143
2.387
1.989
3.493
2.285
2.828
3.972
3.864
2.543
2.935
3.453
3.977
2.385
1.722
2.195
2.682
3.13
3.662
3.089
2.324
3.447
2.654
3.665
3.452
1.779
1.656
2.414
2.979
2.413
1.652
3.542
3.478
2.427
2.291
2.507
2.611
2.09
2.915
2.985
1.616
2.805
1.866
3.127
3.794
3.024
2.448
1.588
3.73
2.975
1.935
1.917
2.28
2.156
3.11
2.899
3.834
2.826
2.833
2.715
3.875
2.637
2.654
1.581
3.505
1.595
3.692
3.681
2.33
3.399
3.275
1.667
3.758
3.203
3.216
1.662
1.815
3.78
3.073
2.572
2.182
1.74
2.322
2.703
2.846
1.623
2.601
2.162
2.054
2.131
3.895
2.299
3.803
2.473
3.036
3.414
2.389
2.964
1.885
3.494
2.979
3.87
3.625
2.542
3.114
2.698
2.868
3.649
3.509
2.551
3.528
1.621
1.959
2.008
2.919
1.984
2.908
3.831
3.112
1.686
2.397
2.818
3.716
3.717
1.589
2.433
3.598
2.474
3.103
3.574
3.012
1.808
3.358
2.379
1.716
3.382
2.764
2.407
1.96
2.345
2.466
2.737
2.256
1.55
3.905
3.972
3.961
2.562
2.3
3.282
1.871
3.486
3.153
2.235
3.786
3.332
2.006
3.33
2.487
3.856
1.643
1.882
3.751
3.788
1.945
3.181
2.119
2.235
2.075
3.977
2.058
3.06
2.001
3.197
3.098
1.568
2.192
2.574
2.427
1.662
2.506
1.938
3.969
2.136
3.668
1.964
3.096
2.088
1.681
1.715
3.756
3.859
2.898
3.936
2.658
3.445
1.937
1.753
1.825
2.749
2.795
1.948
2.371
3.888
3.149
2.111
1.931
3.57
2.295
2.563
2.664
2.539
3.051
2.039
1.791
3.962
3.518
2.001
2.407
2.674
3.299
1.636
3.867
2.615
3.993
3.334
1.887
3.552
1.961
2.847
3.471
3.391
2.016
2.667
1.521
1.892
2.789
3.561
2.123
3.154
2.572
1.523
3.971
3.704
2.365
2.866
2.953
1.687
3.749
3.841
3.876
3.386
2.225
3.003
2.512
2.581
2.71
3.252
2.232
2.555
1.657
3.527
1.567
2.816
1.89
2.129
3.464
1.757
1.915
1.511
3.749
2.225
3.005
1.977
3.691
3.919
3.595
3.904
1.849
2.097
2.008
2.977
2.334
2.665
1.598
3.477
3.717
3.421
2.286
1.741
2.224
2.884
1.672
1.508
2.219
2.348
2.63
3.938
3.525
3.212
3.641
2.641
1.587
1.659
2.416
1.637
2.787
3.649
1.704
2.386
1.852
1.872
2.929
3.524
3.608
1.676
2.241
1.577
3.186
1.625
1.999
3.952
3.541
1.537
3.334
3.897
1.914
2.523
2.653
2.808
2.32
2.081
1.684
1.546
2.17
1.626
2.005
2.559
2.54
1.988
3.792
2.472
3.9
2.348
3.598
1.607
1.881
2.806
2.43
3.185
2.176
1.873
2.213
1.806
2.969
2.847
2.042
3.189
3.985
1.713
2.488
3.288
3.831
2.419
2.024
2.353
2.54
2.69
3.036
2.251
3.783
2.774
1.84
2.932
1.932
1.971
3.675
3.736
2.979
2.756
2.083
3.953
2.362
1.691
3.788
2.091
3.862
3.706
3.23
2.31
1.517
3.354
2.294
3.441
3.375
2.299
2.129
2.27
2.22
3.627
2.979
2.227
1.627
2.271
3.72
1.986
2.041
1.5
1.755
3.737
2.218
1.892
2.669
3.747
2.848
3.917
2.814
2.03
3.17
3.089
1.608
3.552
1.618
3.271
3.944
3.37
3.851
2.176
2.304
3.199
3.891
2.066
3.818
2.503
2.935
3.946
1.888
3.371
1.74
3.176
3.417
3.008
2.761
3.142
2.533
1.748
1.725
3.262
3.984
3.838
3.656
3.099
3.891
2.241
1.631
3.995
2.832
2.336
3.944
3.083
2.447
1.551
1.647
3.558
1.654
3.848
3.693
1.904
2.301
1.576
2.785
1.913
3.178
2.146
2.832
1.971
2.923
2.27
2.932
3.302
3.504
2.28
2.858
1.965
3.969
1.797
2.084
1.894
1.936
3.508
2.458
2.386
3.021
2.823
3.729
2.434
1.517
1.878
3.838
3.846
2.144
2.209
3.57
3.843
1.669
2.127
3.005
3.888
2.261
1.557
2.611
3.7
1.638
1.763
2.723
2.203
2.323
3.499
2.922
2.238
2.487
2.93
2.743
3.495
3.194
2.077
2.528
1.912
2.904
2.098
1.684
1.647
3.102
3.169
3.307
2.245
2.336
2.64
3.187
3.864
2.381
2.906
1.712
2.299
2.433
2.705
1.704
2.629
3.791
1.844
2.909
1.564
2.257
1.845
3.352
3.859
2.43
2.296
3.639
2.198
3.66
2.734
1.878
1.548
1.594
2.746
3.936
2.45
3.391
2.341
2.483
2.061
1.992
3.489
2.945
2.869
1.585
2.148
1.839
1.991
1.635
3.842
3.479
2.42
2.729
2.127
1.802
2.924
2.96
2.246
2.436
2.822
2.189
2.383
2.05
3.757
1.506
3.735
2.339
3.164
2.433
2.692
1.67
2.625
3.778
3.915
1.665
2.076
1.606
2.949
2.591
3.844
3.125
2.811
2.144
1.748
1.749
2.432
3.048
3.369
1.846
1.986
2.302
2.007
3.04
3.801
2.079
2.021
1.671
2.413
3.445
3.129
3.662
3.458
3.403
2.79
2.985
3.813
3.491
2.395
3.059
3.842
2.488
1.884
2.121
2.211
3.33
2.409
2.412
3.525
3.589
3.58
1.765
1.547
2.677
3.41
1.807
3.838
2.093
2.396
1.699
2.079
2.435
3.77
3.522
2.847
3.656
2.87
1.731
1.577
1.741
2.817
3.187
3.064
1.844
3.486
2.954
1.941
2.686
3.051
2.564
1.902
3.564
2.669
2.105
3.057
2.14
3.653
3.724
1.553
2.982
2.587
3.24
1.898
3.228
2.637
1.648
3.637
2.201
3.018
2.216
2.107
3.52
3.485
3.365
2.238
2.479
3.164
1.912
3.286
2.506
1.836
1.686
1.677
3.521
1.587
3.315
3.903
2.236
3.858
2.934
3.051
3.593
3.264
1.612
2.779
1.608
2.762
1.742
3.812
1.529
2.115
2.929
2.086
2.169
3.083
2.135
2.454
1.612
2.795
2.391
3.067
2.416
3.392
1.923
2.116
1.776
3.807
3.146
3.442
2.496
2.856
3.773
2.67
2.813
2.818
2.708
1.543
1.735
3.799
3.254
3.202
2.831
1.844
3.71
2.027
3.605
2.212
3.698
1.791
2.62
2.245
3.946
2.854
3.265
3.504
1.507
2.733
3.744
3.852
3.208
2.826
1.994
1.863
2.383
3.949
1.884
3.825
2.882
2.782
3.965
2.594
3.246
3.177
2.096
1.697
1.771
1.703
3.001
3.157
2.442
2.159
3.772
3.455
3.649
1.58
3.534
3.706
2.515
2.078
3.218
2.538
3.291
2.574
3.663
2.531
2.681
2.634
3.257
2.863
2.068
2.317
2.838
1.535
3.096
3.646
3.212
2.542
2.459
2.642
1.663
2.428
3.346
2.477
1.912
3.622
3.368
1.681
3.645
3.096
2.971
3.058
3.027
2.085
2.933
2.501
2.059
3.612
2.852
3.339
3.97
2.183
2.889
3.661
3.547
3.064
1.925
2.156
2.831
3.298
1.819
2.422
1.756
3.814
1.946
3.661
3.327
3.552
2.194
3.94
3.297
1.673
2.979
3.325
2.087
3.449
1.705
2.999
2.625
2.548
1.776
2.079
3.887
3.824
3.551
3.75
2.715
2.077
2.038
1.651
1.689
2.165
1.917
1.911
3.141
2.354
3.949
2.783
2.266
1.712
1.901
3.829
2.357
1.734
3.901
1.582
2.468
2.337
3.969
2.421
2.906
3.075
3.402
1.909
2.728
1.815
3.549
2.088
1.825
3.12
1.683
2.547
1.83
1.63
1.95
2.116
3.254
3.455
3.467
3.222
3.97
2.232
3.01
1.553
3.108
3.064
3.61
3.358
3.14
1.83
1.735
2.323
2.803
3.5
1.787
3.469
1.638
1.601
1.793
3.198
1.963
1.699
3.999
3.144
2.717
1.905
3.097
2.926
3.103
3.82
3.625
3.827
1.524
3.987
2.469
2.762
1.742
1.809
2.855
3.635
2.39
2.523
3.796
3.862
3.957
2.919
2.043
1.838
3.085
1.767
2.097
2.846
3.612
3.339
3.479
2.703
3.488
2.61
3.515
3.989
2.136
2.675
3.26
3.43
2.489
3.584
1.552
2.229
3.668
3.728
2.919
1.712
1.584
2.212
3.587
3.527
3.619
3.389
2.153
3.383
3.998
2.95
2.628
2.823
2.934
2.255
3.067
2.054
3.99
3.523
1.695
2.65
1.711
2.416
3.714
1.533
3.923
3.889
2.888
2.306
1.696
3.615
2.955
1.909
2.46
2.56
2.241
3.982
1.969
2.19
1.797
3.212
2.338
3.163
2.983
2.658
3.105
2.367
1.789
3.893
3.74
2.578
1.807
1.782
2.24
2.812
2.282
3.955
2.304
3.719
3.453
1.581
3.912
2.943
1.671
3.759
3.713
2.656
2.615
2.053
3.102
2.707
3.599
3.845
3.776
1.809
1.705
3.93
3.831
3.369
1.852
2.604
2.338
1.624
2.137
1.61
3.773
2.459
2.664
2.002
2.773
2.506
3.93
3.148
2.313
3.133
3.774
2.382
2.035
1.638
2.673
1.958
2.103
2.972
2.936
3.996
3.341
2.909
2.52
2.982
3.395
2.421
3.228
3.355
2.629
1.955
1.983
2.629
1.686
3.155
1.969
2.142
1.92
3.269
1.64
2.447
3.54
1.822
2.711
3.312
2.174
1.617
3.705
1.657
2.743
2.63
2.541
3.211
3.481
3.629
3.476
3.442
1.555
1.6
2.354
1.88
2.435
2.916
3.874
3.24
3.485
3.226
1.751
2.946
3.258
3.866
2.996
1.525
3.891
3.831
2.42
3.381
3.352
1.797
2.521
1.708
3.535
2.712
2.659
1.747
2.713
1.811
3.868
2.755
2.544
2.353
2.641
1.839
3.024
3.246
3.756
2.341
3.782
1.891
3.755
3.109
2.298
1.905
1.76
2.848
2.619
2.043
1.83
3.37
3.337
3.708
1.922
3.262
1.88
3.503
2.239
3.326
1.866
3.36
3.515
3.272
3.745
3.415
2.055
3.73
3.457
3.201
3.397
3.5
1.784
3.462
2.211
2.059
3.517
3.448
3.573
1.851
2.447
1.874
1.857
3.328
3.395
3.355
3.992
3.781
3.1
2.01
1.792
3.042
2.024
3.612
1.752
3.983
2.584
2.251
3.661
2.832
2.247
3.696
1.924
2.38
3.736
3.004
2.771
2.465
3.671
2.994
3.785
2.42
2.07
3.389
1.647
2.762
3.113
2.136
1.825
2.626
3.913
1.832
2.217
3.918
2.608
2.155
2.35
3.775
2.396
2.153
3.967
2.015
3.856
3.92
2.43
3.435
1.951
3.528
3.713
2.983
3.58
3.981
3.379
3.856
2.961
3.843
1.577
2.076
3.783
3.096
3.558
2.733
2.82
2.318
2.16
3.972
1.534
3.368
3.829
2.021
2.068
1.743
1.814
2.068
3.29
1.989
3.372
2.127
3.978
3.915
2.93
3.125
2.618
1.831
3.266
2.208
1.684
2.357
1.76
2.968
2.428
3.333
3.466
2.163
1.626
2.347
3.396
1.642
2.435
1.936
3.368
2.694
3.751
1.65
2.725
3.787
3.742
3.152
2.166
3.604
2.752
2.062
3.767
3.024
3.368
1.657
1.846
2.256
3.232
2.291
2.615
3.491
3.85
3.406
2.144
2.115
1.525
2.257
3.699
2.752
3.403
2.556
2.724
2.283
3.226
3.492
2.657
2.936
3.282
3.917
1.623
3.376
1.824
3.373
3.378
2.711
1.732
1.723
1.701
3.211
2.373
2.846
3.352
1.95
2.246
3.77
3.293
3.593
3.369
2.027
3.805
3.637
2.775
2.544
3.842
2.886
2.368
2.82
2.489
2.098
2.42
3.77
1.593
2.147
3.869
2.004
3.242
2.019
2.162
3.297
3.571
2.634
2.473
3.559
2.865
3.722
2.517
3.696
2.963
1.557
2.553
2.197
2.645
2.663
2.065
2.164
3.179
2.809
2.323
1.523
2.491
3.565
3.94
2.654
1.572
3.168
3.745
2.37
2.137
2.993
2.407
3.526
3.93
3.382
2.868
1.5
1.562
2.498
3.337
2.455
1.585
2.363
1.864
3.96
3.117
3.847
2.708
2.299
2.965
3.485
3.543
1.567
3.88
1.911
1.52
2.825
3.609
2.453
2.349
1.612
3.562
3.168
3.696
2.886
1.58
2.714
2.966
3.547
1.568
1.525
2.248
2.342
1.563
1.783
2.362
2.546
2.323
1.741
2.368
2.416
2.447
2.444
2.29
1.598
1.653
3.546
2.751
1.592
3.527
2.357
3.579
1.666
2.082
3.132
1.532
3.263
1.7
3.349
2.786
3.469
2.583
2.735
3.761
3.17
3.222
2.558
2.798
1.998
2.442
3.091
2.867
3.924
2.626
3.795
3.751
2.057
2.175
3.648
3.005
1.704
2.159
3.696
2.592
1.683
1.627
3.112
3.478
2.143
2.15
2.667
2.422
2.869
1.756
2.957
1.86
3.178
2.827
2.977
2.822
2.765
3.369
1.736
3.117
3.611
2.123
2.417
1.759
3.162
3.103
3.107
1.591
2.99
3.766
3.864
2.686
3.932
2.258
2.543
3.43
2.388
1.56
1.814
2.745
1.701
1.76
1.925
3.499
2.729
2.213
3.392
3.972
2.504
3.812
2.814
2.479
3.408
2.429
1.826
1.676
1.617
2.743
3.75
3.186
2.455
2.24
3.024
2.861
3.077
Error de lectura!!!
2.197
3.303
2.067
1.685
2.92
1.773
3.845
3.134
3.491
2.327
2.199
1.722
3.8
3.141
2.981
2.82
2.34
1.862
3.146
2.564
3.902
1.662
2.284
1.596
2.637
3.678
1.947
3.063
3.888
2.561
3.478
2.418
2.002
3.559
2.292
2.143
3.015
2.616
2.723
3.898
3.327
3.991
2.873
1.822
1.823
1.531
1.822
1.677
3.445
1.578
1.716
1.744
1.652
1.856
2.096
2.488
2.775
1.586
1.66
1.781
2.275
1.813
2.188
3.647
2.213
1.511
3.963
2.636
1.602
2.969
2.953
2.177
3.847
3.512
2.261
3.999
2.187
1.999
1.779
3.983
3.769
2.246
3.67
2.878
3.782
3.255
2.905
1.629
3.524
2.207
2.853
3.299
3.663
3.935
2.641
3.531
2.247
3.792
3.924
1.949
2.707
1.777
2.46
2.512
3.188
1.609
1.657
2.209
3.188
1.968
2.443
2.051
3.017
3.282
3.808
2.575
3.89
3.542
3.516
3.536
2.632
1.628
2.063
3.86
2.98
2.71
2.774
3.511
1.969
1.637
3.926
1.531
2.64
3.342
3.47
3.906
2.748
3.341
2.408
3.18
2.621
2.236
3.164
3.053
2.883
3.226
1.536
3.196
1.501
2.507
3.407
1.798
3.269
1.613
3.16
3.04
3.509
1.699
3.031
1.595
1.999
3.525
3.624
2.125
2.484
1.884
1.652
2.139
2.456
2.091
2.859
2.659
3.438
2.397
2.04
2.962
3.516
2.925
2.842
2.935
1.764
3.151
3.279
2.662
3.974
2.287
2.692
2.23
3.992
3.599
2.356
2.852
2.644
3.773
2.422
1.609
2.486
2.467
3.127
2.591
2.537
2.804
3.118
3.559
1.944
2.884
3.973
2.492
2.956
1.523
3.442
1.792
2.858
3.848
3.074
2.605
3.806
3.163
1.606
2.132
2.634
3.934
2.618
3.777
1.828
2.602
3.159
2.941
1.757
2.481
1.513
2.165
2.62
3.377
1.942
2.869
2.336
2.484
